1	0	0	0	1	0	0	0	1	0	0	0	
0.999989	-5.68379e-06	0.00470718	-5.68379e-06	0.999997	0.00241493	-0.00470718	-0.00241493	0.999986	-0.00227752	-0.00116844	0.967672	
0.999956	-2.27407e-05	0.00941673	-2.27282e-05	0.999988	0.00482839	-0.00941673	-0.00482839	0.999944	-0.00911122	-0.00467304	1.93532	
0.9999	-5.11757e-05	0.0141285	-5.11254e-05	0.999974	0.00724032	-0.0141285	-0.00724032	0.999874	-0.0205033	-0.0105124	2.90291	
0.999822	-9.0993e-05	0.0188423	-9.08672e-05	0.999953	0.00965063	-0.0188423	-0.00965062	0.999776	-0.0364559	-0.0186849	3.87042	
0.999722	-0.000142196	0.023558	-0.000141945	0.999927	0.0120592	-0.023558	-0.0120592	0.99965	-0.0569708	-0.0291889	4.83782	
0.9996	-0.000204789	0.0282754	-0.000204348	0.999895	0.0144661	-0.0282754	-0.0144661	0.999495	-0.0820499	-0.0420229	5.80508	
0.999455	-0.000278774	0.0329945	-0.000278069	0.999858	0.016871	-0.0329945	-0.016871	0.999313	-0.111695	-0.0571851	6.77219	
0.999288	-0.000364152	0.037715	-0.000363095	0.999814	0.0192741	-0.037715	-0.0192741	0.999103	-0.145907	-0.0746735	7.7391	
0.999099	-0.000460927	0.0424367	-0.000459415	0.999765	0.0216751	-0.0424367	-0.0216751	0.998864	-0.184687	-0.0944863	8.70579	
0.998887	-0.000569098	0.0471596	-0.00056702	0.99971	0.024074	-0.0471596	-0.024074	0.998597	-0.228038	-0.116621	9.67225	
0.998653	-0.000688666	0.0518835	-0.000685895	0.999649	0.0264708	-0.0518835	-0.0264707	0.998302	-0.275959	-0.141077	10.6384	
0.998396	-0.000819632	0.0566082	-0.000816028	0.999583	0.0288653	-0.0566082	-0.0288652	0.997979	-0.328451	-0.167851	11.6043	
0.998117	-0.000961995	0.0613335	-0.000957408	0.999511	0.0312574	-0.0613336	-0.0312573	0.997628	-0.385516	-0.19694	12.5699	
0.997815	-0.00111575	0.0660594	-0.00111002	0.999433	0.0336472	-0.0660595	-0.033647	0.997248	-0.447154	-0.228344	13.5351	
0.997491	-0.00128091	0.0707856	-0.00127385	0.99935	0.0360345	-0.0707857	-0.0360342	0.99684	-0.513365	-0.262058	14.4999	
0.997144	-0.00145745	0.075512	-0.00144888	0.999261	0.0384192	-0.0755122	-0.0384189	0.996404	-0.58415	-0.298081	15.4643	
0.996774	-0.00164538	0.0802385	-0.0016351	0.999166	0.0408013	-0.0802387	-0.0408009	0.99594	-0.659508	-0.336411	16.4283	
0.996382	-0.0018447	0.0849648	-0.00183249	0.999066	0.0431806	-0.0849651	-0.0431801	0.995448	-0.73944	-0.377044	17.3918	
0.995968	-0.00205541	0.0896909	-0.00204103	0.99896	0.0455572	-0.0896913	-0.0455566	0.994927	-0.823946	-0.419979	18.3548	
0.99553	-0.00227749	0.0944166	-0.00226072	0.998848	0.0479309	-0.094417	-0.0479301	0.994378	-0.913025	-0.465211	19.3173	
0.99507	-0.00251094	0.0991417	-0.00249152	0.998731	0.0503017	-0.0991422	-0.0503007	0.993801	-1.00668	-0.512739	20.2793	
0.994587	-0.00275577	0.103866	-0.00273343	0.998608	0.0526694	-0.103867	-0.0526683	0.993196	-1.1049	-0.56256	21.2406	
0.994082	-0.00301196	0.10859	-0.00298642	0.99848	0.0550341	-0.10859	-0.0550327	0.992562	-1.2077	-0.61467	22.2014	
0.993554	-0.0032795	0.113312	-0.00325049	0.998346	0.0573956	-0.113313	-0.0573939	0.9919	-1.31506	-0.669066	23.1616	
0.993003	-0.00355839	0.118033	-0.00352559	0.998207	0.0597538	-0.118034	-0.0597518	0.99121	-1.427	-0.725746	24.1211	
0.99243	-0.00384863	0.122753	-0.00381173	0.998062	0.0621087	-0.122754	-0.0621064	0.990492	-1.5435	-0.784706	25.0799	
0.991834	-0.0041502	0.127472	-0.00410887	0.997912	0.0644602	-0.127473	-0.0644576	0.989745	-1.66457	-0.845942	26.038	
0.991215	-0.0044631	0.132188	-0.004417	0.997756	0.0668083	-0.13219	-0.0668052	0.988971	-1.7902	-0.909452	26.9954	
0.990573	-0.00478732	0.136903	-0.0047361	0.997595	0.0691528	-0.136905	-0.0691492	0.988168	-1.9204	-0.975233	27.952	
0.989908	-0.00512284	0.141616	-0.00506614	0.997428	0.0714937	-0.141618	-0.0714896	0.987337	-2.05516	-1.04328	28.9079	
0.989221	-0.00546966	0.146327	-0.0054071	0.997256	0.0738309	-0.14633	-0.0738263	0.986477	-2.19448	-1.11359	29.8629	
0.988511	-0.00582778	0.151036	-0.00575896	0.997079	0.0761643	-0.151039	-0.0761591	0.98559	-2.33836	-1.18616	30.817	
0.987778	-0.00619717	0.155742	-0.0061217	0.996896	0.0784939	-0.155745	-0.078488	0.984674	-2.4868	-1.26098	31.7703	
0.987023	-0.00657783	0.160446	-0.00649529	0.996708	0.0808196	-0.160449	-0.080813	0.98373	-2.63978	-1.33806	32.7227	
0.986244	-0.00696974	0.165147	-0.00687971	0.996514	0.0831414	-0.16515	-0.0831339	0.982758	-2.79732	-1.41738	33.6742	
0.985443	-0.0073729	0.169845	-0.00727493	0.996315	0.085459	-0.169849	-0.0854507	0.981758	-2.95941	-1.49895	34.6247	
0.984619	-0.00778729	0.17454	-0.00768093	0.996111	0.0877726	-0.174544	-0.0877632	0.98073	-3.12604	-1.58276	35.5742	
0.983773	-0.00821289	0.179231	-0.00809768	0.995901	0.090082	-0.179237	-0.0900715	0.979674	-3.29721	-1.6688	36.5228	
0.982903	-0.0086497	0.18392	-0.00852517	0.995687	0.0923871	-0.183926	-0.0923755	0.97859	-3.47292	-1.75708	37.4702	
0.982011	-0.0090977	0.188605	-0.00896335	0.995467	0.0946878	-0.188611	-0.094675	0.977478	-3.65317	-1.84758	38.4167	
0.981096	-0.00955687	0.193286	-0.00941221	0.995241	0.0969842	-0.193293	-0.0969701	0.976337	-3.83795	-1.9403	39.362	
0.980158	-0.0100272	0.197963	-0.00987172	0.995011	0.0992761	-0.197971	-0.0992605	0.975169	-4.02726	-2.03525	40.3062	
0.979198	-0.0105087	0.202637	-0.0103419	0.994775	0.101563	-0.202645	-0.101546	0.973973	-4.2211	-2.13241	41.2493	
0.978214	-0.0110013	0.207306	-0.0108226	0.994534	0.103846	-0.207316	-0.103827	0.972749	-4.41945	-2.23177	42.1912	
0.977208	-0.011505	0.211971	-0.0113139	0.994289	0.106124	-0.211982	-0.106104	0.971497	-4.62232	-2.33335	43.1319	
0.976179	-0.0120198	0.216632	-0.0118157	0.994037	0.108398	-0.216643	-0.108375	0.970217	-4.82971	-2.43712	44.0714	
0.975128	-0.0125457	0.221288	-0.012328	0.993781	0.110666	-0.2213	-0.110642	0.968909	-5.0416	-2.54309	45.0096	
0.974054	-0.0130826	0.225939	-0.0128508	0.99352	0.11293	-0.225953	-0.112903	0.967573	-5.258	-2.65125	45.9465	
0.972957	-0.0136306	0.230586	-0.0133841	0.993254	0.115188	-0.2306	-0.115159	0.96621	-5.4789	-2.7616	46.8822	
0.971837	-0.0141896	0.235227	-0.0139277	0.992982	0.117442	-0.235243	-0.117411	0.964819	-5.70429	-2.87412	47.8165	
0.970694	-0.0147597	0.239864	-0.0144818	0.992706	0.11969	-0.239881	-0.119656	0.9634	-5.93418	-2.98882	48.7494	
0.969529	-0.0153407	0.244495	-0.0150462	0.992424	0.121934	-0.244513	-0.121897	0.961954	-6.16855	-3.1057	49.681	
0.968342	-0.0159326	0.24912	-0.0156209	0.992138	0.124172	-0.24914	-0.124132	0.960479	-6.40739	-3.22474	50.6111	
0.967131	-0.0165355	0.25374	-0.0162059	0.991846	0.126405	-0.253761	-0.126362	0.958978	-6.65072	-3.34594	51.5399	
0.965898	-0.0171493	0.258354	-0.0168012	0.99155	0.128632	-0.258377	-0.128586	0.957448	-6.89851	-3.46929	52.4671	
0.964642	-0.0177741	0.262962	-0.0174067	0.991249	0.130855	-0.262987	-0.130805	0.955891	-7.15077	-3.59479	53.3928	
0.963364	-0.0184097	0.267564	-0.0180224	0.990943	0.133071	-0.26759	-0.133018	0.954307	-7.40748	-3.72244	54.3171	
0.962063	-0.0190561	0.27216	-0.0186482	0.990632	0.135282	-0.272188	-0.135225	0.952695	-7.66865	-3.85223	55.2398	
0.96074	-0.0197134	0.276749	-0.0192842	0.990316	0.137488	-0.276779	-0.137427	0.951056	-7.93426	-3.98415	56.1609	
0.959394	-0.0203815	0.281332	-0.0199303	0.989995	0.139687	-0.281364	-0.139622	0.949389	-8.20431	-4.1182	57.0804	
0.958026	-0.0210604	0.285908	-0.0205864	0.98967	0.141882	-0.285943	-0.141812	0.947695	-8.4788	-4.25436	57.9983	
0.956635	-0.02175	0.290478	-0.0212525	0.989339	0.14407	-0.290514	-0.143995	0.945974	-8.75771	-4.39265	58.9145	
0.954182	-0.0229608	0.298345	-0.0221161	0.988913	0.14684	-0.298409	-0.14671	0.943095	-9.04266	-4.5333	59.8285	
0.951663	-0.0241943	0.30619	-0.0230028	0.988479	0.149601	-0.306282	-0.149413	0.940142	-9.33523	-4.67658	60.7397	
0.949078	-0.0254504	0.314011	-0.0239123	0.988037	0.152353	-0.314132	-0.152104	0.937116	-9.63541	-4.82247	61.648	
0.946428	-0.0267291	0.321807	-0.0248447	0.987587	0.155096	-0.321958	-0.154782	0.934016	-9.94318	-4.97095	62.5533	
0.943712	-0.0280302	0.329578	-0.0257996	0.987129	0.157829	-0.329761	-0.157448	0.930843	-10.2585	-5.12202	63.4556	
0.940931	-0.0293537	0.337324	-0.0267772	0.986664	0.160551	-0.337538	-0.1601	0.927597	-10.5814	-5.27567	64.3548	
0.938085	-0.0306993	0.345043	-0.0277771	0.986191	0.163263	-0.34529	-0.162739	0.924278	-10.9118	-5.43187	65.2508	
0.935174	-0.0320671	0.352735	-0.0287993	0.985711	0.165964	-0.353017	-0.165364	0.920888	-11.2496	-5.59062	66.1436	
0.932198	-0.0334569	0.360399	-0.0298437	0.985223	0.168654	-0.360717	-0.167974	0.917425	-11.595	-5.7519	67.033	
0.929158	-0.0348686	0.368036	-0.03091	0.984728	0.171332	-0.368389	-0.170571	0.91389	-11.9477	-5.9157	67.9191	
0.926053	-0.036302	0.375643	-0.0319982	0.984226	0.173999	-0.376034	-0.173152	0.910284	-12.3079	-6.08201	68.8017	
0.922885	-0.0377571	0.383221	-0.0331081	0.983716	0.176653	-0.383651	-0.175718	0.906606	-12.6755	-6.25081	69.6808	
0.913492	-0.0419796	0.404685	-0.034804	0.982954	0.180529	-0.405365	-0.178996	0.896459	-13.0573	-6.42244	70.5532	
0.903586	-0.046279	0.425901	-0.0365928	0.982177	0.18436	-0.426842	-0.18217	0.885788	-13.4599	-6.5972	71.4156	
0.893171	-0.0506526	0.446857	-0.0384734	0.981388	0.188144	-0.448069	-0.185236	0.874598	-13.8833	-6.77497	72.2674	
0.882253	-0.0550979	0.46754	-0.0404447	0.980585	0.191878	-0.469035	-0.188195	0.862896	-14.327	-6.95566	73.1081	
0.87084	-0.0596124	0.487938	-0.0425055	0.97977	0.195561	-0.489725	-0.191043	0.850689	-14.7909	-7.13916	73.9372	
0.858938	-0.0641933	0.50804	-0.0446547	0.978943	0.199191	-0.510129	-0.193779	0.837984	-15.2747	-7.32536	74.7543	
0.846553	-0.0688381	0.527834	-0.0468909	0.978104	0.202765	-0.530235	-0.196402	0.824789	-15.7781	-7.51415	75.5589	
0.833694	-0.0735439	0.547308	-0.0492129	0.977254	0.206282	-0.55003	-0.19891	0.811112	-16.3008	-7.70543	76.3504	
0.820367	-0.078308	0.56645	-0.0516193	0.976394	0.209738	-0.569503	-0.201302	0.796959	-16.8425	-7.89908	77.1285	
0.80658	-0.0831277	0.585251	-0.0541087	0.975524	0.213133	-0.588643	-0.203576	0.78234	-17.4029	-8.09498	77.8927	
0.792342	-0.0880001	0.603697	-0.0566796	0.974644	0.216464	-0.607439	-0.20573	0.767264	-17.9816	-8.29303	78.6425	
0.777661	-0.0929224	0.621779	-0.0593306	0.973755	0.219729	-0.625879	-0.207765	0.751738	-18.5784	-8.4931	79.3775	
0.762544	-0.0978916	0.639487	-0.06206	0.972858	0.222926	-0.643952	-0.209677	0.735772	-19.1928	-8.69509	80.0972	
0.747002	-0.102905	0.656809	-0.0648664	0.971953	0.226054	-0.661649	-0.211467	0.719376	-19.8245	-8.89886	80.8013	
0.731044	-0.107959	0.673736	-0.0677479	0.97104	0.22911	-0.678959	-0.213134	0.702559	-20.4732	-9.10431	81.4893	
0.714678	-0.113052	0.690257	-0.0707031	0.97012	0.232093	-0.695871	-0.214675	0.68533	-21.1384	-9.31131	82.1609	
0.697914	-0.11818	0.706364	-0.0737301	0.969195	0.235002	-0.712376	-0.216091	0.667701	-21.8198	-9.51974	82.8155	
0.680762	-0.12334	0.722046	-0.0768271	0.968263	0.237833	-0.728465	-0.217381	0.649681	-22.517	-9.72948	83.453	
0.663232	-0.128529	0.737295	-0.0799924	0.967326	0.240587	-0.744126	-0.218543	0.63128	-23.2295	-9.94041	84.0728	
0.645335	-0.133745	0.752101	-0.0832241	0.966384	0.24326	-0.759353	-0.219577	0.612511	-23.957	-10.1524	84.6746	
0.62708	-0.138983	0.766456	-0.0865202	0.965438	0.245852	-0.774135	-0.220483	0.593382	-24.699	-10.3653	85.2581	
0.608479	-0.144242	0.780351	-0.089879	0.964489	0.248361	-0.788464	-0.22126	0.573907	-25.4551	-10.5791	85.8229	
0.589542	-0.149517	0.793779	-0.0932983	0.963536	0.250786	-0.802331	-0.221907	0.554095	-26.2248	-10.7935	86.3687	
0.57028	-0.154807	0.806731	-0.0967763	0.962581	0.253125	-0.815729	-0.222424	0.53396	-27.0077	-11.0085	86.8952	
0.550706	-0.160107	0.8192	-0.100311	0.961624	0.255376	-0.82865	-0.222812	0.513511	-27.8034	-11.2239	87.402	
