1	0	0	0	1	0	0	0	1	0	0	0	
0.999998	-5.46508e-07	0.00204404	-5.46508e-07	1	0.000534734	-0.00204404	-0.000534734	0.999998	-0.000779418	-0.000203901	0.762626	
0.999992	-2.19e-06	0.00409277	-2.18788e-06	0.999999	0.00106966	-0.00409277	-0.00106966	0.999991	-0.00311946	-0.000815677	1.52525	
0.999981	-4.93582e-06	0.00614614	-4.92732e-06	0.999999	0.00160475	-0.00614614	-0.00160475	0.99998	-0.00702369	-0.00183547	2.28786	
0.999966	-8.7892e-06	0.00820409	-8.7679e-06	0.999998	0.00214	-0.00820409	-0.00214	0.999964	-0.0124956	-0.00326339	3.05047	
0.999947	-1.37553e-05	0.0102666	-1.37126e-05	0.999996	0.00267538	-0.0102666	-0.00267538	0.999944	-0.0195387	-0.00509956	3.81306	
0.999924	-1.9839e-05	0.0123335	-1.97641e-05	0.999995	0.00321088	-0.0123335	-0.00321088	0.999919	-0.0281565	-0.00734408	4.57563	
0.999896	-2.70453e-05	0.0144049	-2.69252e-05	0.999993	0.00374647	-0.0144049	-0.00374647	0.999889	-0.0383522	-0.00999701	5.33819	
0.999864	-3.53789e-05	0.0164806	-3.51984e-05	0.999991	0.00428214	-0.0164806	-0.00428214	0.999855	-0.0501292	-0.0130584	6.10072	
0.999828	-4.48445e-05	0.0185606	-4.45862e-05	0.999988	0.00481786	-0.0185606	-0.00481786	0.999816	-0.0634909	-0.0165284	6.86322	
0.999787	-5.54467e-05	0.0206449	-5.50908e-05	0.999986	0.00535363	-0.0206449	-0.00535362	0.999773	-0.0784405	-0.0204069	7.62569	
0.999742	-6.71899e-05	0.0227333	-6.67144e-05	0.999983	0.00588941	-0.0227333	-0.0058894	0.999724	-0.0949812	-0.024694	8.38812	
0.999692	-8.00783e-05	0.0248259	-7.9459e-05	0.999979	0.00642519	-0.0248259	-0.00642519	0.999671	-0.113116	-0.0293897	9.15052	
0.999638	-9.41163e-05	0.0269225	-9.33265e-05	0.999976	0.00696096	-0.0269225	-0.00696095	0.999613	-0.132848	-0.034494	9.91287	
0.999579	-0.000109308	0.0290232	-0.000108319	0.999972	0.00749669	-0.0290232	-0.00749668	0.999551	-0.154181	-0.0400069	10.6752	
0.999515	-0.000125657	0.0311278	-0.000124437	0.999968	0.00803237	-0.0311278	-0.00803235	0.999483	-0.177118	-0.0459283	11.4374	
0.999448	-0.000143168	0.0332363	-0.000141684	0.999963	0.00856797	-0.0332363	-0.00856795	0.999411	-0.201661	-0.0522583	12.1996	
0.999375	-0.000161843	0.0353486	-0.000160059	0.999959	0.00910348	-0.0353486	-0.00910345	0.999334	-0.227813	-0.0589966	12.9618	
0.999298	-0.000181688	0.0374647	-0.000179565	0.999954	0.00963889	-0.0374647	-0.00963885	0.999251	-0.255578	-0.0661433	13.7239	
0.999216	-0.000202704	0.0395846	-0.000200203	0.999948	0.0101742	-0.0395846	-0.0101741	0.999164	-0.284958	-0.0736982	14.4859	
0.99913	-0.000224897	0.0417081	-0.000221973	0.999943	0.0107093	-0.0417081	-0.0107092	0.999072	-0.315956	-0.0816613	15.2479	
0.999039	-0.000248268	0.0438352	-0.000244877	0.999937	0.0112443	-0.0438352	-0.0112442	0.998975	-0.348574	-0.0900325	16.0097	
0.998943	-0.000272822	0.0459658	-0.000268915	0.999931	0.011779	-0.0459659	-0.0117789	0.998874	-0.382817	-0.0988115	16.7715	
0.998842	-0.000298561	0.0481	-0.000294087	0.999924	0.0123136	-0.0481	-0.0123135	0.998767	-0.418685	-0.107998	17.5333	
0.998737	-0.000325488	0.0502375	-0.000320395	0.999917	0.012848	-0.0502376	-0.0128479	0.998655	-0.456183	-0.117593	18.2949	
0.998627	-0.000353605	0.0523785	-0.000347839	0.99991	0.0133821	-0.0523785	-0.013382	0.998538	-0.495312	-0.127594	19.0565	
0.998512	-0.000382917	0.0545227	-0.000376418	0.999903	0.013916	-0.0545228	-0.0139158	0.998416	-0.536074	-0.138003	19.8179	
0.998393	-0.000413424	0.0566703	-0.000406134	0.999896	0.0144496	-0.0566703	-0.0144494	0.998288	-0.578474	-0.148819	20.5793	
0.998268	-0.00044513	0.058821	-0.000436985	0.999888	0.0149829	-0.058821	-0.0149827	0.998156	-0.622512	-0.160042	21.3406	
0.998139	-0.000478038	0.0609748	-0.000468973	0.99988	0.0155159	-0.0609749	-0.0155156	0.998019	-0.668192	-0.171672	22.1017	
0.998005	-0.000512148	0.0631317	-0.000502096	0.999871	0.0160486	-0.0631318	-0.0160483	0.997876	-0.715516	-0.183707	22.8628	
0.997866	-0.000547464	0.0652917	-0.000536354	0.999862	0.0165809	-0.0652917	-0.0165806	0.997728	-0.764485	-0.196149	23.6238	
0.997722	-0.000583987	0.0674546	-0.000571746	0.999853	0.0171129	-0.0674547	-0.0171125	0.997576	-0.815103	-0.208997	24.3846	
0.997573	-0.000621719	0.0696203	-0.000608273	0.999844	0.0176445	-0.0696205	-0.0176441	0.997418	-0.867372	-0.22225	25.1453	
0.99742	-0.000660662	0.071789	-0.000645933	0.999835	0.0181758	-0.0717891	-0.0181752	0.997254	-0.921293	-0.235908	25.9059	
0.997261	-0.000700818	0.0739604	-0.000684725	0.999825	0.0187066	-0.0739605	-0.018706	0.997086	-0.976869	-0.249972	26.6664	
0.997097	-0.000742188	0.0761345	-0.000724649	0.999815	0.0192369	-0.0761347	-0.0192363	0.996912	-1.0341	-0.26444	27.4267	
0.996929	-0.000784774	0.0783113	-0.000765702	0.999804	0.0197669	-0.0783115	-0.0197661	0.996733	-1.09299	-0.279312	28.1869	
0.996755	-0.000828576	0.0804907	-0.000807885	0.999794	0.0202964	-0.080491	-0.0202955	0.996549	-1.15355	-0.294588	28.947	
0.996576	-0.000873597	0.0826727	-0.000851195	0.999783	0.0208254	-0.0826729	-0.0208244	0.996359	-1.21577	-0.310267	29.7069	
0.996393	-0.000919836	0.0848571	-0.000895632	0.999772	0.0213539	-0.0848574	-0.0213528	0.996164	-1.27965	-0.32635	30.4667	
0.996204	-0.000967296	0.087044	-0.000941192	0.99976	0.0218818	-0.0870443	-0.0218807	0.995964	-1.34519	-0.342836	31.2263	
0.99601	-0.00101598	0.0892332	-0.000987876	0.999748	0.0224093	-0.0892335	-0.0224081	0.995759	-1.41241	-0.359723	31.9858	
0.995811	-0.00106588	0.0914247	-0.00103568	0.999736	0.0229362	-0.0914251	-0.0229348	0.995548	-1.4813	-0.377013	32.7451	
0.995608	-0.001117	0.0936185	-0.0010846	0.999724	0.0234626	-0.0936189	-0.0234611	0.995332	-1.55186	-0.394705	33.5042	
0.995399	-0.00116935	0.0958145	-0.00113464	0.999712	0.0239884	-0.0958149	-0.0239867	0.99511	-1.62409	-0.412797	34.2632	
0.995184	-0.00122292	0.0980126	-0.0011858	0.999699	0.0245136	-0.098013	-0.0245117	0.994883	-1.698	-0.43129	35.022	
0.994965	-0.00127771	0.100213	-0.00123806	0.999686	0.0250382	-0.100213	-0.0250362	0.994651	-1.77359	-0.450184	35.7807	
0.994741	-0.00133373	0.102415	-0.00129144	0.999672	0.0255621	-0.102415	-0.0255599	0.994413	-1.85085	-0.469477	36.5391	
0.994511	-0.00139097	0.104619	-0.00134592	0.999659	0.0260854	-0.10462	-0.0260831	0.99417	-1.9298	-0.489169	37.2974	
0.994277	-0.00144943	0.106825	-0.00140151	0.999645	0.0266081	-0.106826	-0.0266055	0.993922	-2.01043	-0.50926	38.0555	
0.994037	-0.00150912	0.109033	-0.0014582	0.999631	0.0271301	-0.109034	-0.0271273	0.993668	-2.09274	-0.529749	38.8134	
0.993792	-0.00157003	0.111242	-0.00151599	0.999616	0.0276514	-0.111243	-0.0276484	0.993409	-2.17673	-0.550635	39.5711	
0.993542	-0.00163216	0.113454	-0.00157487	0.999602	0.028172	-0.113455	-0.0281687	0.993144	-2.26241	-0.571919	40.3286	
0.993215	-0.00170926	0.116283	-0.00132092	0.999662	0.0259767	-0.116288	-0.025954	0.992876	-2.35001	-0.592557	41.0859	
0.992878	-0.00178025	0.119119	-0.0010608	0.999717	0.0237828	-0.119128	-0.0237398	0.992595	-2.43978	-0.611506	41.8429	
0.992533	-0.0018451	0.121963	-0.000794497	0.999767	0.0215905	-0.121974	-0.0215261	0.9923	-2.53172	-0.628766	42.5998	
0.992178	-0.00190377	0.124813	-0.000521998	0.999812	0.0193996	-0.124827	-0.019313	0.991991	-2.62582	-0.644339	43.3565	
0.991815	-0.00195622	0.127671	-0.000243295	0.999852	0.0172101	-0.127685	-0.0171003	0.991667	-2.72211	-0.658224	44.1128	
0.991442	-0.00200241	0.130534	4.1624e-05	0.999887	0.0150222	-0.13055	-0.0148882	0.99133	-2.82058	-0.670421	44.869	
0.99106	-0.00204232	0.133404	0.000332768	0.999918	0.0128359	-0.13342	-0.0126767	0.990979	-2.92123	-0.680932	45.6249	
0.990668	-0.00207591	0.13628	0.000630147	0.999943	0.010651	-0.136295	-0.0104657	0.990613	-3.02408	-0.689757	46.3805	
0.990267	-0.00210315	0.139162	0.000933771	0.999964	0.00846772	-0.139175	-0.00825536	0.990233	-3.12912	-0.696895	47.1358	
0.989857	-0.002124	0.142049	0.00124365	0.999979	0.00628598	-0.14206	-0.00604556	0.98984	-3.23636	-0.702349	47.8908	
0.989438	-0.00213844	0.144942	0.00155979	0.99999	0.00410581	-0.144949	-0.00383637	0.989432	-3.3458	-0.706117	48.6456	
0.989009	-0.00214644	0.147839	0.0018822	0.999996	0.00192722	-0.147842	-0.00162778	0.98901	-3.45744	-0.7082	49.4	
0.988571	-0.00214798	0.150741	0.00221089	0.999998	-0.000249779	-0.15074	0.000580196	0.988573	-3.5713	-0.7086	50.154	
0.988123	-0.00214303	0.153647	0.00254587	0.999994	-0.00242518	-0.153641	0.00278754	0.988123	-3.68736	-0.707315	50.9078	
0.987667	-0.00213156	0.156558	0.00288714	0.999985	-0.00459898	-0.156546	0.00499426	0.987658	-3.80564	-0.704348	51.6612	
0.9872	-0.00211356	0.159472	0.00323472	0.999972	-0.00677116	-0.159453	0.00720034	0.987179	-3.92614	-0.699698	52.4142	
0.986724	-0.00208901	0.16239	0.00358861	0.999954	-0.00894172	-0.162364	0.00940577	0.986686	-4.04885	-0.693366	53.1669	
0.986239	-0.00205789	0.165312	0.00394881	0.99993	-0.0111107	-0.165278	0.0116105	0.986179	-4.17378	-0.685352	53.9192	
0.985745	-0.00202018	0.168237	0.00431534	0.999903	-0.013278	-0.168193	0.0138147	0.985657	-4.30094	-0.675657	54.671	
0.985241	-0.00197586	0.171164	0.0046882	0.99987	-0.0154436	-0.171112	0.0160181	0.985121	-4.43032	-0.664282	55.4225	
0.984727	-0.00192493	0.174095	0.00506739	0.999832	-0.0176076	-0.174032	0.0182209	0.984571	-4.56193	-0.651226	56.1736	
0.984204	-0.00186736	0.177027	0.00545293	0.99979	-0.01977	-0.176953	0.020423	0.984007	-4.69577	-0.63649	56.9242	
0.983672	-0.00180314	0.179962	0.00584481	0.999742	-0.0219307	-0.179876	0.0226245	0.983429	-4.83183	-0.620076	57.6744	
0.98313	-0.00173227	0.182899	0.00624305	0.99969	-0.0240898	-0.1828	0.0248252	0.982837	-4.97012	-0.601983	58.4242	
0.982579	-0.00165474	0.185837	0.00664765	0.999633	-0.0262472	-0.185726	0.0270253	0.98223	-5.11065	-0.582211	59.1735	
0.982019	-0.00157054	0.188777	0.00705861	0.999572	-0.0284029	-0.188651	0.0292247	0.981609	-5.2534	-0.560762	59.9224	
0.981449	-0.00147966	0.191718	0.00747594	0.999505	-0.030557	-0.191578	0.0314234	0.980974	-5.39839	-0.537636	60.6707	
0.98087	-0.0013821	0.194659	0.00789964	0.999434	-0.0327094	-0.194504	0.0336214	0.980325	-5.54561	-0.512834	61.4186	
0.980282	-0.00127786	0.197602	0.00832972	0.999357	-0.0348602	-0.19743	0.0358188	0.979662	-5.69506	-0.486355	62.166	
0.979684	-0.00116693	0.200545	0.00876618	0.999276	-0.0370093	-0.200356	0.0380154	0.978985	-5.84674	-0.458201	62.9128	
0.979077	-0.00104931	0.203487	0.00920903	0.999191	-0.0391567	-0.203282	0.0402113	0.978294	-6.00065	-0.428372	63.6592	
0.978461	-0.000925006	0.20643	0.00965827	0.9991	-0.0413024	-0.206206	0.0424066	0.977589	-6.15679	-0.396869	64.405	
0.977836	-0.00079402	0.209372	0.0101139	0.999005	-0.0434465	-0.20913	0.0446011	0.97687	-6.31517	-0.363692	65.1502	
0.977201	-0.000656355	0.212314	0.0105759	0.998904	-0.0455889	-0.212052	0.0467949	0.976137	-6.47577	-0.328841	65.8949	
0.976558	-0.000512016	0.215255	0.0110443	0.998799	-0.0477296	-0.214972	0.0489881	0.975391	-6.6386	-0.292318	66.6391	
0.975905	-0.000361009	0.218195	0.0115192	0.998689	-0.0498686	-0.217891	0.0511805	0.97463	-6.80366	-0.254122	67.3826	
0.975244	-0.000203343	0.221133	0.0120004	0.998575	-0.052006	-0.220807	0.0533722	0.973856	-6.97094	-0.214255	68.1256	
0.974573	-3.90264e-05	0.22407	0.012488	0.998455	-0.0541417	-0.223722	0.0555633	0.973068	-7.14044	-0.172716	68.868	
0.973894	0.00013193	0.227005	0.0129821	0.998331	-0.0562758	-0.226633	0.0577536	0.972266	-7.31217	-0.129507	69.6098	
0.973205	0.000309513	0.229937	0.0134825	0.998202	-0.0584081	-0.229542	0.0599432	0.971451	-7.48611	-0.0846278	70.351	
0.972508	0.000493711	0.232868	0.0139894	0.998068	-0.0605388	-0.232448	0.0621322	0.970622	-7.66228	-0.0380788	71.0915	
0.971323	0.000853673	0.237762	0.0183055	0.996757	-0.0783617	-0.237058	0.0804669	0.968157	-7.84131	0.0162977	71.8308	
0.970115	0.00130613	0.242642	0.0227055	0.995109	-0.096136	-0.241581	0.0987723	0.965341	-8.02383	0.0846461	72.5681	
0.968884	0.0018509	0.247508	0.0271879	0.993125	-0.113855	-0.246017	0.117042	0.962173	-8.20976	0.166941	73.3031	
0.967631	0.00248781	0.252357	0.0317511	0.990806	-0.131513	-0.250364	0.135269	0.958655	-8.39904	0.263154	74.0356	
0.966356	0.00321661	0.257187	0.0363933	0.988152	-0.149103	-0.254619	0.153447	0.95479	-8.59161	0.373248	74.7652	
