1	0	0	0	1	0	0	0	1	0	0	0	
0.999999	-5.80705e-07	-0.00100792	-5.80705e-07	0.999999	-0.00115229	0.00100792	0.00115229	0.999999	0.000395021	0.000451604	0.783838	
0.999998	-2.32877e-06	-0.00201853	-2.32819e-06	0.999997	-0.00230709	0.00201853	0.00230709	0.999995	0.00158115	0.0018074	1.56767	
0.999995	-5.25289e-06	-0.00303183	-5.25056e-06	0.999994	-0.00346438	0.00303183	0.00346438	0.999989	0.00356048	0.00406935	2.35151	
0.999992	-9.36165e-06	-0.00404777	-9.35581e-06	0.999989	-0.0046241	0.00404777	0.0046241	0.999981	0.00633511	0.00723938	3.13533	
0.999987	-1.46635e-05	-0.00506633	-1.46518e-05	0.999983	-0.00578623	0.00506633	0.00578623	0.99997	0.0099071	0.0113194	3.91915	
0.999981	-2.11669e-05	-0.00608747	-2.11464e-05	0.999976	-0.00695074	0.00608747	0.00695074	0.999957	0.0142785	0.0163113	4.70296	
0.999975	-2.88801e-05	-0.00711117	-2.88471e-05	0.999967	-0.00811757	0.00711117	0.00811757	0.999942	0.0194513	0.0222168	5.48676	
0.999967	-3.78111e-05	-0.00813741	-3.77616e-05	0.999957	-0.00928671	0.00813741	0.00928671	0.999924	0.0254275	0.0290379	6.27055	
0.999958	-4.7968e-05	-0.00916614	-4.78971e-05	0.999945	-0.0104581	0.00916614	0.0104581	0.999903	0.0322091	0.0367763	7.05432	
0.999948	-5.93588e-05	-0.0101973	-5.92611e-05	0.999932	-0.0116317	0.0101973	0.0116317	0.99988	0.039798	0.0454337	7.83807	
0.999937	-7.19912e-05	-0.011231	-7.18607e-05	0.999918	-0.0128076	0.011231	0.0128076	0.999855	0.0481962	0.0550119	8.62181	
0.999925	-8.5873e-05	-0.012267	-8.57029e-05	0.999902	-0.0139855	0.012267	0.0139855	0.999827	0.0574055	0.0655127	9.40552	
0.999911	-0.000101012	-0.0133055	-0.000100795	0.999885	-0.0151656	0.0133055	0.0151656	0.999796	0.0674279	0.0769376	10.1892	
0.999897	-0.000117415	-0.0143463	-0.000117143	0.999866	-0.0163478	0.0143463	0.0163478	0.999763	0.0782651	0.0892883	10.9729	
0.999882	-0.000135089	-0.0153894	-0.000134754	0.999846	-0.017532	0.0153894	0.017532	0.999728	0.0899191	0.102566	11.7565	
0.999865	-0.000154043	-0.0164348	-0.000153635	0.999825	-0.0187182	0.0164348	0.0187182	0.99969	0.102392	0.116774	12.5401	
0.999847	-0.000174282	-0.0174824	-0.000173792	0.999802	-0.0199064	0.0174824	0.0199064	0.999649	0.115684	0.131911	13.3237	
0.999828	-0.000195815	-0.0185323	-0.000195231	0.999777	-0.0210966	0.0185323	0.0210966	0.999606	0.129799	0.147981	14.1073	
0.999808	-0.000218647	-0.0195844	-0.000217959	0.999752	-0.0222886	0.0195844	0.0222886	0.99956	0.144738	0.164985	14.8908	
0.999787	-0.000242785	-0.0206387	-0.000241981	0.999724	-0.0234825	0.0206387	0.0234825	0.999511	0.160502	0.182923	15.6742	
0.999765	-0.000268237	-0.0216951	-0.000267304	0.999695	-0.0246783	0.0216951	0.0246782	0.99946	0.177094	0.201798	16.4577	
0.999741	-0.000295008	-0.0227536	-0.000293933	0.999665	-0.0258758	0.0227536	0.0258758	0.999406	0.194514	0.221612	17.2411	
0.999716	-0.000323105	-0.0238142	-0.000321875	0.999633	-0.027075	0.0238142	0.027075	0.99935	0.212765	0.242364	18.0244	
0.99969	-0.000352534	-0.0248768	-0.000351133	0.9996	-0.028276	0.0248768	0.028276	0.999291	0.231848	0.264057	18.8077	
0.999663	-0.000383302	-0.0259415	-0.000381715	0.999565	-0.0294787	0.0259415	0.0294787	0.999229	0.251764	0.286692	19.591	
0.999635	-0.000415413	-0.0270081	-0.000413625	0.999529	-0.030683	0.0270082	0.030683	0.999164	0.272516	0.310271	20.3742	
0.999606	-0.000448875	-0.0280767	-0.000446868	0.999491	-0.031889	0.0280768	0.0318889	0.999097	0.294105	0.334794	21.1573	
0.999575	-0.000483692	-0.0291473	-0.000481449	0.999452	-0.0330965	0.0291473	0.0330964	0.999027	0.316532	0.360263	21.9405	
0.999543	-0.00051987	-0.0302197	-0.000517374	0.999411	-0.0343055	0.0302197	0.0343054	0.998954	0.339799	0.386679	22.7235	
0.99951	-0.000557415	-0.031294	-0.000554646	0.999369	-0.035516	0.031294	0.035516	0.998879	0.363908	0.414043	23.5065	
0.999476	-0.000596331	-0.0323701	-0.000593271	0.999325	-0.036728	0.0323702	0.036728	0.998801	0.388859	0.442357	24.2894	
0.99944	-0.000636625	-0.033448	-0.000633253	0.99928	-0.0379414	0.0334481	0.0379414	0.99872	0.414655	0.471622	25.0723	
0.999404	-0.000678301	-0.0345277	-0.000674596	0.999233	-0.0391562	0.0345278	0.0391562	0.998636	0.441296	0.501838	25.8551	
0.999366	-0.000721364	-0.0356091	-0.000717305	0.999184	-0.0403724	0.0356092	0.0403723	0.99855	0.468784	0.533006	26.6378	
0.999326	-0.000765819	-0.0366923	-0.000761383	0.999134	-0.0415898	0.0366924	0.0415898	0.998461	0.49712	0.565129	27.4205	
0.999286	-0.00081167	-0.0377771	-0.000806835	0.999083	-0.0428086	0.0377772	0.0428085	0.998369	0.526306	0.598206	28.2031	
0.999244	-0.000858922	-0.0388636	-0.000853664	0.99903	-0.0440286	0.0388637	0.0440285	0.998274	0.556343	0.632239	28.9856	
0.999201	-0.000907579	-0.0399516	-0.000901874	0.998975	-0.0452498	0.0399518	0.0452496	0.998177	0.587232	0.667229	29.7681	
0.999157	-0.000957645	-0.0410413	-0.000951468	0.998919	-0.0464721	0.0410414	0.046472	0.998076	0.618975	0.703176	30.5504	
0.999112	-0.00100912	-0.0421325	-0.00100245	0.998861	-0.0476956	0.0421327	0.0476955	0.997973	0.651573	0.740083	31.3327	
0.999065	-0.00106202	-0.0432252	-0.00105482	0.998802	-0.0489202	0.0432254	0.04892	0.997867	0.685026	0.777948	32.1149	
0.999017	-0.00111634	-0.0443195	-0.00110859	0.998741	-0.0501458	0.0443196	0.0501456	0.997758	0.719337	0.816774	32.8971	
0.998968	-0.00117208	-0.0454151	-0.00116375	0.998679	-0.0513725	0.0454153	0.0513723	0.997646	0.754506	0.856561	33.6791	
0.998917	-0.00122926	-0.0465122	-0.00122032	0.998615	-0.0526001	0.0465125	0.0525999	0.997532	0.790534	0.897309	34.461	
0.998865	-0.00128786	-0.0476107	-0.00127828	0.998549	-0.0538287	0.047611	0.0538285	0.997415	0.827423	0.939021	35.2429	
0.998812	-0.0013479	-0.0487106	-0.00133765	0.998482	-0.0550582	0.0487108	0.0550579	0.997294	0.865173	0.981695	36.0247	
0.998758	-0.00140937	-0.0498117	-0.00139843	0.998414	-0.0562886	0.0498121	0.0562883	0.997171	0.903786	1.02533	36.8063	
0.998702	-0.00147229	-0.0509142	-0.00146062	0.998343	-0.0575198	0.0509146	0.0575195	0.997045	0.943263	1.06994	37.5879	
0.998645	-0.00153665	-0.052018	-0.00152422	0.998271	-0.0587518	0.0520183	0.0587514	0.996916	0.983604	1.11551	38.3694	
0.998587	-0.00160246	-0.0531229	-0.00158923	0.998198	-0.0599845	0.0531233	0.0599842	0.996785	1.02481	1.16204	39.1507	
0.998527	-0.00166971	-0.0542291	-0.00165566	0.998123	-0.061218	0.0542295	0.0612176	0.99665	1.06688	1.20954	39.932	
0.998466	-0.00173842	-0.0553365	-0.0017235	0.998046	-0.0624522	0.0553369	0.0624518	0.996513	1.10983	1.25801	40.7132	
0.998404	-0.00180858	-0.0564449	-0.00179276	0.997968	-0.063687	0.0564454	0.0636866	0.996372	1.15364	1.30745	41.4942	
0.998341	-0.0018802	-0.0575545	-0.00186345	0.997889	-0.0649225	0.0575551	0.064922	0.996229	1.19831	1.35785	42.2752	
0.998185	-0.00205012	-0.0601863	-0.00179261	0.997966	-0.0637239	0.0601945	0.0637161	0.996151	1.24446	1.40827	43.056	
0.998022	-0.00221716	-0.0628226	-0.00171878	0.998042	-0.0625284	0.0628382	0.0625127	0.996064	1.29268	1.45774	43.8368	
0.997852	-0.00238131	-0.0654633	-0.00164196	0.998116	-0.0613359	0.0654861	0.0613117	0.995968	1.34297	1.50627	44.6175	
0.997675	-0.00254255	-0.0681083	-0.00156216	0.998188	-0.0601464	0.0681378	0.0601129	0.995863	1.39534	1.55386	45.3982	
0.99749	-0.00270087	-0.0707573	-0.00147939	0.998259	-0.0589598	0.0707934	0.0589165	0.99575	1.44979	1.60051	46.1787	
0.997298	-0.00285626	-0.0734103	-0.00139364	0.998329	-0.0577761	0.0734526	0.0577223	0.995627	1.50633	1.64622	46.9592	
0.997098	-0.0030087	-0.0760671	-0.00130494	0.998396	-0.0565952	0.0761154	0.0565302	0.995495	1.56495	1.691	47.7395	
0.996891	-0.0031582	-0.0787275	-0.00121327	0.998463	-0.055417	0.0787814	0.0553402	0.995355	1.62565	1.73484	48.5198	
0.996677	-0.00330473	-0.0813913	-0.00111864	0.998527	-0.0542414	0.0814507	0.0541522	0.995205	1.68845	1.77775	49.2999	
0.996455	-0.00344828	-0.0840585	-0.00102107	0.99859	-0.0530685	0.084123	0.0529662	0.995047	1.75334	1.81974	50.0799	
0.996225	-0.00358885	-0.0867289	-0.00092054	0.998652	-0.0518982	0.0867983	0.0517821	0.994879	1.82033	1.86079	50.8598	
0.995989	-0.00372642	-0.0894023	-0.000817069	0.998712	-0.0507303	0.0894762	0.0505999	0.994703	1.88942	1.90091	51.6396	
0.995744	-0.00386098	-0.0920786	-0.000710656	0.998771	-0.0495649	0.0921568	0.0494194	0.994517	1.9606	1.94011	52.4192	
0.995492	-0.00399253	-0.0947576	-0.000601301	0.998828	-0.0484018	0.0948398	0.0482406	0.994323	2.03389	1.97839	53.1987	
0.995233	-0.00412106	-0.0974392	-0.000489008	0.998883	-0.0472411	0.0975251	0.0470635	0.99412	2.10928	2.01574	53.978	
0.994966	-0.00424655	-0.100123	-0.000373777	0.998938	-0.0460826	0.100213	0.045888	0.993907	2.18678	2.05217	54.7571	
0.994691	-0.004369	-0.102809	-0.00025561	0.99899	-0.0449262	0.102902	0.044714	0.993686	2.26638	2.08768	55.5361	
0.994409	-0.0044884	-0.105498	-0.000134506	0.999042	-0.043772	0.105593	0.0435415	0.993456	2.3481	2.12227	56.3149	
0.99412	-0.00460474	-0.108188	-1.0466e-05	0.999091	-0.0426198	0.108286	0.0423703	0.993216	2.43192	2.15594	57.0935	
0.993823	-0.00471802	-0.11088	0.000116511	0.99914	-0.0414696	0.110981	0.0412005	0.992968	2.51785	2.18869	57.8719	
0.993518	-0.00482822	-0.113574	0.000246425	0.999187	-0.0403214	0.113677	0.040032	0.992711	2.6059	2.22053	58.6502	
0.993205	-0.00493534	-0.11627	0.000379278	0.999232	-0.0391749	0.116374	0.0388647	0.992445	2.69606	2.25145	59.4282	
0.992886	-0.00503938	-0.118966	0.000515072	0.999276	-0.0380303	0.119072	0.0376985	0.99217	2.78834	2.28145	60.206	
0.992558	-0.00514032	-0.121664	0.000653809	0.999319	-0.0368874	0.121771	0.0365333	0.991886	2.88273	2.31055	60.9836	
0.992223	-0.00523816	-0.124363	0.000795492	0.999361	-0.0357461	0.124471	0.0353692	0.991593	2.97924	2.33873	61.7609	
0.99188	-0.00533289	-0.127063	0.000940124	0.999401	-0.0346065	0.127171	0.034206	0.991291	3.07786	2.366	62.5381	
0.99153	-0.00542451	-0.129764	0.00108771	0.999439	-0.0334683	0.129872	0.0330437	0.99098	3.1786	2.39235	63.315	
0.991172	-0.00551301	-0.132465	0.00123825	0.999476	-0.0323316	0.132574	0.0318822	0.99066	3.28146	2.4178	64.0916	
0.990807	-0.00559839	-0.135167	0.00139175	0.999512	-0.0311963	0.135275	0.0307214	0.990332	3.38643	2.44233	64.868	
0.990434	-0.00568064	-0.137868	0.00154822	0.999547	-0.0300624	0.137977	0.0295614	0.989994	3.49353	2.46596	65.6441	
0.990054	-0.00575976	-0.140571	0.00170766	0.99958	-0.0289297	0.140678	0.0284019	0.989648	3.60274	2.48868	66.42	
0.989666	-0.00583574	-0.143273	0.00187008	0.999612	-0.0277981	0.143379	0.0272429	0.989293	3.71406	2.51048	67.1956	
0.989271	-0.00590858	-0.145975	0.00203549	0.999642	-0.0266677	0.14608	0.0260845	0.988929	3.82751	2.53138	67.9709	
0.988868	-0.00597827	-0.148676	0.00220388	0.999671	-0.0255384	0.14878	0.0249264	0.988556	3.94307	2.55138	68.7459	
0.988458	-0.00604481	-0.151378	0.00237528	0.999699	-0.02441	0.15148	0.0237687	0.988175	4.06075	2.57046	69.5206	
0.98804	-0.0061082	-0.154078	0.00254968	0.999726	-0.0232826	0.154178	0.0226113	0.987784	4.18054	2.58864	70.295	
0.987615	-0.00616843	-0.156778	0.0027271	0.999751	-0.022156	0.156876	0.021454	0.987385	4.30245	2.60591	71.0691	
0.98586	-0.00631177	-0.16745	0.00537722	0.999967	-0.00603389	0.167483	0.00504815	0.985862	4.42958	2.6163	71.8425	
0.983992	-0.00627763	-0.178104	0.00820015	0.999916	0.0100602	0.178026	-0.0113597	0.98396	4.56499	2.61382	72.6145	
0.982009	-0.00606604	-0.188735	0.0111948	0.999596	0.0261202	0.188501	-0.0277631	0.981681	4.70865	2.59849	73.3849	
0.979914	-0.00567706	-0.19934	0.01436	0.999009	0.0421398	0.198903	-0.0441559	0.979024	4.86048	2.5703	74.1534	
0.977707	-0.00511086	-0.209914	0.0176946	0.998153	0.0581129	0.209229	-0.0605317	0.975991	5.02044	2.52927	74.9196	
0.975388	-0.00436764	-0.220453	0.0211973	0.99703	0.0740335	0.219475	-0.0768843	0.972584	5.18846	2.47541	75.6833	
0.972959	-0.00344769	-0.230953	0.0248666	0.995641	0.0898953	0.229636	-0.0932074	0.968803	5.36448	2.40875	76.4442	
0.97042	-0.00235138	-0.24141	0.0287013	0.993985	0.105692	0.239709	-0.109495	0.96465	5.54844	2.3293	77.202	
