1	0	0	0	1	0	0	0	1	0	0	0	
0.999999	9.71e-07	0.00143322	9.71e-07	0.999999	-0.00135499	-0.00143322	0.00135499	0.999998	-0.000668113	0.000631644	0.932323	
0.999996	3.89121e-06	0.00286918	3.89079e-06	0.999996	-0.00271227	-0.00286918	0.00271227	0.999992	-0.00267373	0.00252764	1.86464	
0.999991	8.77114e-06	0.00430781	8.76946e-06	0.999992	-0.00407178	-0.00430781	0.00407178	0.999982	-0.00601936	0.00569011	2.79695	
0.999983	1.5621e-05	0.00574905	1.56168e-05	0.999985	-0.00543348	-0.00574905	0.00543348	0.999969	-0.0107075	0.0101211	3.72925	
0.999974	2.44508e-05	0.00719285	2.44424e-05	0.999977	-0.00679729	-0.00719285	0.00679729	0.999951	-0.0167405	0.0158226	4.66154	
0.999963	3.52701e-05	0.00863915	3.52553e-05	0.999967	-0.00816317	-0.00863915	0.00816317	0.999929	-0.0241208	0.0227966	5.59381	
0.999949	4.80883e-05	0.0100879	4.80646e-05	0.999955	-0.00953106	-0.0100879	0.00953106	0.999904	-0.0328506	0.031045	6.52605	
0.999933	6.29145e-05	0.011539	6.2879e-05	0.999941	-0.0109009	-0.011539	0.0109009	0.999874	-0.0429322	0.0405696	7.45827	
0.999916	7.97575e-05	0.0129924	7.97067e-05	0.999925	-0.0122726	-0.0129924	0.0122726	0.99984	-0.0543679	0.0513722	8.39046	
0.999896	9.86259e-05	0.0144481	9.85558e-05	0.999907	-0.0136462	-0.0144481	0.0136462	0.999802	-0.0671596	0.0634546	9.32262	
0.999873	0.000119528	0.015906	0.000119434	0.999887	-0.0150216	-0.015906	0.0150216	0.999761	-0.0813096	0.0768184	10.2547	
0.999849	0.000142471	0.0173661	0.000142349	0.999866	-0.0163986	-0.0173661	0.0163986	0.999715	-0.0968197	0.0914653	11.1868	
0.999823	0.000167463	0.0188282	0.000167308	0.999842	-0.0177774	-0.0188282	0.0177774	0.999665	-0.113692	0.107397	12.1189	
0.999794	0.000194512	0.0202923	0.000194318	0.999816	-0.0191577	-0.0202923	0.0191577	0.999611	-0.131929	0.124615	13.0508	
0.999763	0.000223624	0.0217584	0.000223385	0.999789	-0.0205396	-0.0217584	0.0205396	0.999552	-0.151531	0.14312	13.9828	
0.99973	0.000254806	0.0232264	0.000254515	0.99976	-0.021923	-0.0232264	0.021923	0.99949	-0.172501	0.162914	14.9147	
0.999695	0.000288065	0.0246962	0.000287715	0.999728	-0.0233078	-0.0246962	0.0233078	0.999423	-0.194841	0.183999	15.8465	
0.999658	0.000323407	0.0261678	0.000322991	0.999695	-0.024694	-0.0261678	0.024694	0.999353	-0.218552	0.206376	16.7782	
0.999618	0.000360837	0.0276412	0.000360347	0.99966	-0.0260815	-0.0276412	0.0260815	0.999278	-0.243636	0.230045	17.7099	
0.999576	0.000400362	0.0291162	0.000399789	0.999623	-0.0274703	-0.0291162	0.0274703	0.999198	-0.270094	0.255009	18.6415	
0.999532	0.000441985	0.0305928	0.000441321	0.999583	-0.0288603	-0.0305928	0.0288603	0.999115	-0.297928	0.281268	19.5731	
0.999485	0.000485713	0.0320709	0.000484948	0.999542	-0.0302514	-0.0320709	0.0302514	0.999028	-0.327139	0.308824	20.5045	
0.999437	0.00053155	0.0335505	0.000530675	0.999499	-0.0316436	-0.0335505	0.0316436	0.998936	-0.357729	0.337677	21.4359	
0.999386	0.0005795	0.0350315	0.000578504	0.999454	-0.0330369	-0.0350315	0.0330369	0.99884	-0.3897	0.367829	22.3672	
0.999333	0.000629567	0.0365139	0.00062844	0.999407	-0.0344311	-0.0365139	0.0344311	0.99874	-0.423051	0.39928	23.2984	
0.999278	0.000681755	0.0379975	0.000680486	0.999358	-0.0358263	-0.0379976	0.0358263	0.998635	-0.457786	0.432031	24.2295	
0.99922	0.000736067	0.0394825	0.000734644	0.999307	-0.0372223	-0.0394825	0.0372223	0.998527	-0.493904	0.466083	25.1605	
0.99916	0.000792506	0.0409685	0.000790918	0.999254	-0.0386191	-0.0409686	0.0386191	0.998414	-0.531407	0.501438	26.0914	
0.999098	0.000851076	0.0424557	0.000849309	0.999199	-0.0400167	-0.0424558	0.0400166	0.998297	-0.570296	0.538095	27.0222	
0.999034	0.000911778	0.043944	0.00090982	0.999142	-0.0414149	-0.043944	0.0414149	0.998175	-0.610573	0.576055	27.9528	
0.998967	0.000974614	0.0454332	0.000972452	0.999083	-0.0428138	-0.0454332	0.0428137	0.998049	-0.652237	0.615319	28.8834	
0.998898	0.00103959	0.0469234	0.00103721	0.999022	-0.0442132	-0.0469234	0.0442132	0.99792	-0.69529	0.655888	29.8138	
0.998827	0.0011067	0.0484144	0.00110408	0.998959	-0.0456132	-0.0484145	0.0456131	0.997785	-0.739733	0.697761	30.7442	
0.998753	0.00117595	0.0499062	0.00117309	0.998894	-0.0470136	-0.0499063	0.0470135	0.997647	-0.785566	0.74094	31.6744	
0.998677	0.00124734	0.0513988	0.00124422	0.998827	-0.0484144	-0.0513989	0.0484144	0.997504	-0.832791	0.785425	32.6044	
0.998599	0.00132087	0.0528921	0.00131747	0.998758	-0.0498156	-0.0528922	0.0498155	0.997357	-0.881407	0.831216	33.5344	
0.998519	0.00139654	0.054386	0.00139284	0.998687	-0.051217	-0.0543861	0.0512169	0.997206	-0.931416	0.878314	34.4641	
0.998436	0.00147436	0.0558805	0.00147035	0.998614	-0.0526187	-0.0558806	0.0526186	0.99705	-0.982819	0.926718	35.3938	
0.998351	0.00155431	0.0573755	0.00154997	0.998539	-0.0540206	-0.0573756	0.0540204	0.99689	-1.03561	0.976429	36.3233	
0.998264	0.0016364	0.0588709	0.00163172	0.998462	-0.0554225	-0.058871	0.0554224	0.996726	-1.0898	1.02745	37.2526	
0.998175	0.00172063	0.0603667	0.00171559	0.998383	-0.0568245	-0.0603668	0.0568244	0.996557	-1.14539	1.07977	38.1818	
0.998083	0.001807	0.0618628	0.00180157	0.998302	-0.0582265	-0.0618629	0.0582264	0.996385	-1.20237	1.1334	39.1109	
0.997989	0.00189551	0.0633591	0.00188968	0.998219	-0.0596285	-0.0633593	0.0596283	0.996208	-1.26074	1.18834	40.0397	
0.997893	0.00198615	0.0648557	0.0019799	0.998134	-0.0610303	-0.0648559	0.0610301	0.996027	-1.32051	1.24459	40.9684	
0.997794	0.00207892	0.0663524	0.00207223	0.998047	-0.062432	-0.0663526	0.0624318	0.995841	-1.38167	1.30214	41.897	
0.997693	0.00217382	0.0678492	0.00216667	0.997958	-0.0638334	-0.0678494	0.0638332	0.995651	-1.44423	1.361	42.8253	
0.99759	0.00227084	0.069346	0.00226321	0.997867	-0.0652346	-0.0693463	0.0652343	0.995457	-1.50819	1.42117	43.7535	
0.997485	0.00236999	0.0708428	0.00236186	0.997775	-0.0666354	-0.070843	0.0666351	0.995259	-1.57354	1.48264	44.6815	
0.997377	0.00247126	0.0723394	0.0024626	0.99768	-0.0680358	-0.0723397	0.0680354	0.995057	-1.64029	1.54542	45.6093	
0.997267	0.00257464	0.0738359	0.00256544	0.997583	-0.0694357	-0.0738362	0.0694354	0.99485	-1.70843	1.6095	46.5369	
0.997155	0.00268014	0.0753322	0.00267037	0.997484	-0.0708351	-0.0753325	0.0708348	0.994639	-1.77797	1.67489	47.4643	
0.99704	0.00278774	0.0768281	0.00277738	0.997384	-0.072234	-0.0768285	0.0722336	0.994424	-1.8489	1.74159	48.3916	
0.996924	0.00289744	0.0783238	0.00288647	0.997281	-0.0736322	-0.0783242	0.0736318	0.994205	-1.92122	1.80958	49.3186	
0.996805	0.00300924	0.079819	0.00299763	0.997177	-0.0750298	-0.0798194	0.0750293	0.993982	-1.99494	1.87888	50.2454	
0.996684	0.00312313	0.0813137	0.00311086	0.99707	-0.0764266	-0.0813142	0.0764261	0.993754	-2.07006	1.94948	51.172	
0.99656	0.00323911	0.0828079	0.00322615	0.996962	-0.0778226	-0.0828084	0.077822	0.993522	-2.14657	2.02139	52.0984	
0.996435	0.00335717	0.0843015	0.0033435	0.996852	-0.0792177	-0.0843021	0.0792171	0.993286	-2.22447	2.0946	53.0246	
0.996307	0.0034773	0.0857945	0.00346289	0.99674	-0.0806119	-0.0857951	0.0806113	0.993046	-2.30376	2.1691	53.9505	
0.996177	0.00359949	0.0872867	0.00358433	0.996625	-0.0820052	-0.0872873	0.0820046	0.992802	-2.38444	2.24491	54.8763	
0.996044	0.00372375	0.0887782	0.00370779	0.996509	-0.0833975	-0.0887789	0.0833968	0.992554	-2.46652	2.32201	55.8018	
0.99591	0.00385006	0.0902688	0.00383329	0.996392	-0.0847886	-0.0902696	0.0847879	0.992302	-2.54998	2.40041	56.727	
0.995687	0.0040543	0.0926862	0.00365976	0.996551	-0.0829066	-0.0927026	0.0828882	0.992238	-2.63528	2.47858	57.6521	
0.995458	0.00425409	0.0951055	0.00348163	0.996706	-0.0810247	-0.0951369	0.0809878	0.992164	-2.72284	2.55497	58.5772	
0.995223	0.00444939	0.0975263	0.00329887	0.996858	-0.0791429	-0.097572	0.0790865	0.992081	-2.81268	2.62959	59.5022	
0.994982	0.00464017	0.0999486	0.00311147	0.997006	-0.0772611	-0.100008	0.0771844	0.991988	-2.90478	2.70244	60.4271	
0.994734	0.00482641	0.102372	0.00291945	0.997151	-0.0753794	-0.102444	0.0752813	0.991886	-2.99916	2.77351	61.3519	
0.994481	0.0050081	0.104796	0.00272278	0.997292	-0.0734977	-0.104881	0.0733774	0.991774	-3.0958	2.84281	62.2766	
0.994222	0.0051852	0.107221	0.00252146	0.997429	-0.0716159	-0.107317	0.0714725	0.991653	-3.19472	2.91033	63.2012	
0.993956	0.00535769	0.109647	0.00231549	0.997563	-0.0697342	-0.109753	0.0695666	0.991521	-3.29591	2.97608	64.1257	
0.993685	0.00552556	0.112073	0.00210485	0.997693	-0.0678523	-0.112189	0.0676597	0.991381	-3.39937	3.04005	65.05	
0.993407	0.00568879	0.114498	0.00188955	0.99782	-0.0659703	-0.114624	0.0657517	0.991231	-3.5051	3.10224	65.9742	
0.993124	0.00584736	0.116924	0.00166958	0.997943	-0.0640882	-0.117058	0.0638427	0.991071	-3.6131	3.16265	66.8983	
0.992834	0.00600126	0.119349	0.00144492	0.998062	-0.0622058	-0.119491	0.0619325	0.990902	-3.72337	3.22128	67.8222	
0.992539	0.00615046	0.121773	0.00121558	0.998178	-0.0603233	-0.121922	0.0600212	0.990723	-3.83591	3.27813	68.746	
0.992238	0.00629495	0.124197	0.000981546	0.99829	-0.0584405	-0.124352	0.0581088	0.990535	-3.95072	3.3332	69.6696	
0.991931	0.00643473	0.126619	0.000742814	0.998399	-0.0565575	-0.12678	0.0561951	0.990338	-4.06778	3.38649	70.593	
0.991618	0.00656977	0.12904	0.000499378	0.998504	-0.0546741	-0.129206	0.0542802	0.990131	-4.18712	3.43799	71.5162	
0.990759	0.00684917	0.135462	-0.00246508	0.999469	-0.0325052	-0.135613	0.0318709	0.990249	-4.31057	3.47815	72.4394	
0.989859	0.00698315	0.141884	-0.00557215	0.999931	-0.0103397	-0.141946	0.0094442	0.989829	-4.43996	3.49741	73.3625	
0.988918	0.00697166	0.148301	-0.00882015	0.999891	0.0118105	-0.148202	-0.0129876	0.988872	-4.57523	3.49576	74.2849	
0.987936	0.0068147	0.15471	-0.0122073	0.99935	0.0339331	-0.154378	-0.0354123	0.987377	-4.71628	3.47319	75.2062	
0.986915	0.00651235	0.161108	-0.0157318	0.998306	0.0560163	-0.16047	-0.0578179	0.985346	-4.86306	3.42973	76.1259	
0.985855	0.00606478	0.16749	-0.0193917	0.996761	0.078048	-0.166474	-0.080192	0.982779	-5.01548	3.36539	77.0434	
0.984756	0.00547222	0.173855	-0.023185	0.994716	0.100016	-0.172389	-0.102522	0.979679	-5.17345	3.28021	77.9583	
0.983619	0.00473502	0.180197	-0.0271097	0.992171	0.121909	-0.178209	-0.124797	0.976047	-5.33689	3.17424	78.87	
0.982445	0.00385355	0.186514	-0.0311636	0.989128	0.143715	-0.183933	-0.147004	0.971884	-5.50571	3.04753	79.7781	
0.981233	0.00282831	0.192803	-0.0353446	0.985589	0.165421	-0.189557	-0.169132	0.967193	-5.67983	2.90016	80.682	
0.979986	0.00165984	0.199059	-0.0396503	0.981556	0.187017	-0.195077	-0.191167	0.961977	-5.85914	2.73219	81.5814	
0.978703	0.000348795	0.20528	-0.0440784	0.977031	0.20849	-0.200492	-0.213098	0.956238	-6.04355	2.54373	82.4756	
0.977386	-0.00110413	0.211462	-0.0486265	0.972016	0.229829	-0.205798	-0.234914	0.94998	-6.23295	2.33487	83.3643	
0.976034	-0.00269814	0.217602	-0.0532922	0.966513	0.251022	-0.210992	-0.256602	0.943206	-6.42725	2.10574	84.2468	
0.974649	-0.00443236	0.223696	-0.0580728	0.960527	0.272057	-0.216072	-0.278151	0.935919	-6.62634	1.85645	85.1229	
0.973231	-0.00630587	0.229741	-0.0629659	0.95406	0.292924	-0.221034	-0.299548	0.928124	-6.83011	1.58713	85.9918	
0.971782	-0.00831763	0.235734	-0.0679687	0.947116	0.31361	-0.225876	-0.320783	0.919825	-7.03845	1.29794	86.8533	
0.970302	-0.0104666	0.241671	-0.0730786	0.939698	0.334105	-0.230595	-0.341844	0.911026	-7.25125	0.989039	87.7068	
0.968791	-0.0127515	0.24755	-0.0782927	0.931811	0.354398	-0.235189	-0.362719	0.901732	-7.46839	0.660584	88.5519	
0.967251	-0.0151712	0.253367	-0.0836083	0.923459	0.374477	-0.239656	-0.383397	0.891949	-7.68976	0.312758	89.3881	
0.965683	-0.0177243	0.259119	-0.0890223	0.914646	0.394331	-0.243992	-0.403866	0.88168	-7.91523	-0.0542506	90.2149	
0.964086	-0.0204095	0.264803	-0.094532	0.905378	0.41395	-0.248195	-0.424116	0.870933	-8.14468	-0.440242	91.032	
