1	0	0	0	1	0	0	0	1	0	0	0	
0.999998	6.44937e-07	0.00174436	6.44937e-07	1	-0.000739454	-0.00174436	0.000739454	0.999998	-0.000837821	0.000355162	0.960605	
0.999994	2.58857e-06	0.0034948	2.58819e-06	0.999999	-0.00148127	-0.0034948	0.00148127	0.999993	-0.00335421	0.00142178	1.92121	
0.999986	5.84391e-06	0.00525126	5.84236e-06	0.999998	-0.0022254	-0.00525126	0.0022254	0.999984	-0.00755497	0.00320211	2.8818	
0.999975	1.04238e-05	0.00701364	1.04199e-05	0.999996	-0.00297183	-0.00701364	0.00297183	0.999971	-0.0134458	0.00569836	3.84239	
0.999961	1.63408e-05	0.00878188	1.6333e-05	0.999993	-0.00372051	-0.00878188	0.00372051	0.999955	-0.0210325	0.00891271	4.80296	
0.999944	2.36075e-05	0.0105559	2.35938e-05	0.99999	-0.00447141	-0.0105559	0.00447141	0.999934	-0.0303205	0.0128473	5.76351	
0.999924	3.2236e-05	0.0123356	3.2214e-05	0.999986	-0.0052245	-0.0123356	0.0052245	0.99991	-0.0413153	0.0175043	6.72404	
0.9999	4.22386e-05	0.0141209	4.22055e-05	0.999982	-0.00597973	-0.0141209	0.00597973	0.999882	-0.0540224	0.0228857	7.68455	
0.999873	5.3627e-05	0.0159117	5.35795e-05	0.999977	-0.00673707	-0.0159117	0.00673707	0.999851	-0.0684472	0.0289936	8.64503	
0.999843	6.64129e-05	0.017708	6.63474e-05	0.999972	-0.0074965	-0.017708	0.00749649	0.999815	-0.0845949	0.0358301	9.60547	
0.99981	8.06079e-05	0.0195097	8.05203e-05	0.999966	-0.00825796	-0.0195097	0.00825796	0.999776	-0.102471	0.043397	10.5659	
0.999773	9.62232e-05	0.0213166	9.6109e-05	0.999959	-0.00902143	-0.0213166	0.00902143	0.999732	-0.12208	0.0516963	11.5263	
0.999732	0.00011327	0.0231288	0.000113124	0.999952	-0.00978687	-0.0231288	0.00978687	0.999685	-0.143427	0.06073	12.4866	
0.999689	0.000131759	0.024946	0.000131576	0.999944	-0.0105543	-0.024946	0.0105542	0.999633	-0.166517	0.0704999	13.4469	
0.999642	0.000151701	0.0267684	0.000151475	0.999936	-0.0113235	-0.0267684	0.0113235	0.999578	-0.191356	0.0810079	14.4071	
0.999591	0.000173106	0.0285957	0.000172832	0.999927	-0.0120947	-0.0285957	0.0120947	0.999518	-0.217948	0.0922557	15.3673	
0.999537	0.000195986	0.0304278	0.000195655	0.999917	-0.0128676	-0.0304278	0.0128676	0.999454	-0.246297	0.104245	16.3274	
0.999479	0.000220349	0.0322648	0.000219955	0.999907	-0.0136424	-0.0322648	0.0136424	0.999386	-0.276408	0.116978	17.2874	
0.999418	0.000246206	0.0341065	0.000245741	0.999896	-0.0144189	-0.0341065	0.0144189	0.999314	-0.308286	0.130456	18.2474	
0.999353	0.000273566	0.0359528	0.000273022	0.999884	-0.0151972	-0.0359528	0.0151971	0.999238	-0.341936	0.144681	19.2073	
0.999285	0.000302438	0.0378036	0.000301807	0.999872	-0.0159771	-0.0378036	0.0159771	0.999157	-0.377362	0.159654	20.1671	
0.999213	0.000332833	0.039659	0.000332105	0.99986	-0.0167586	-0.039659	0.0167586	0.999073	-0.414567	0.175377	21.1269	
0.999138	0.000364759	0.0415187	0.000363925	0.999846	-0.0175418	-0.0415187	0.0175418	0.998984	-0.453557	0.191851	22.0866	
0.999058	0.000398224	0.0433827	0.000397274	0.999832	-0.0183266	-0.0433827	0.0183266	0.99889	-0.494335	0.209079	23.0462	
0.998976	0.000433237	0.0452509	0.00043216	0.999817	-0.0191129	-0.0452509	0.0191129	0.998793	-0.536906	0.227061	24.0057	
0.998889	0.000469807	0.0471233	0.000468593	0.999802	-0.0199007	-0.0471233	0.0199007	0.998691	-0.581274	0.2458	24.9651	
0.998799	0.000507941	0.0489997	0.000506578	0.999786	-0.02069	-0.0489997	0.0206899	0.998584	-0.627442	0.265295	25.9244	
0.998705	0.000547648	0.0508801	0.000546123	0.999769	-0.0214807	-0.0508801	0.0214806	0.998474	-0.675415	0.28555	26.8835	
0.998607	0.000588935	0.0527644	0.000587237	0.999752	-0.0222727	-0.0527644	0.0222727	0.998359	-0.725196	0.306565	27.8426	
0.998505	0.000631809	0.0546524	0.000629924	0.999734	-0.0230662	-0.0546524	0.0230661	0.998239	-0.776788	0.328341	28.8016	
0.9984	0.000676278	0.0565442	0.000674193	0.999715	-0.023861	-0.0565442	0.0238609	0.998115	-0.830196	0.350881	29.7605	
0.998291	0.000722349	0.0584396	0.00072005	0.999696	-0.024657	-0.0584396	0.024657	0.997986	-0.885424	0.374184	30.7192	
0.998178	0.000770027	0.0603386	0.0007675	0.999676	-0.0254543	-0.0603386	0.0254543	0.997853	-0.942473	0.398252	31.6778	
0.998061	0.000819321	0.062241	0.00081655	0.999655	-0.0262529	-0.062241	0.0262528	0.997716	-1.00135	0.423088	32.6363	
0.99794	0.000870235	0.0641468	0.000867206	0.999634	-0.0270526	-0.0641468	0.0270525	0.997574	-1.06205	0.44869	33.5946	
0.997815	0.000922776	0.0660559	0.000919472	0.999612	-0.0278534	-0.0660559	0.0278533	0.997427	-1.12459	0.475062	34.5528	
0.997687	0.00097695	0.0679682	0.000973355	0.999589	-0.0286554	-0.0679682	0.0286552	0.997276	-1.18896	0.502203	35.5109	
0.997555	0.00103276	0.0698836	0.00102886	0.999565	-0.0294584	-0.0698836	0.0294582	0.99712	-1.25517	0.530115	36.4688	
0.997418	0.00109022	0.071802	0.00108599	0.999541	-0.0302624	-0.0718021	0.0302623	0.99696	-1.32322	0.558799	37.4266	
0.997278	0.00114932	0.0737234	0.00114475	0.999517	-0.0310674	-0.0737235	0.0310673	0.996795	-1.39312	0.588256	38.3842	
0.997134	0.00121008	0.0756477	0.00120514	0.999491	-0.0318734	-0.0756478	0.0318733	0.996625	-1.46486	0.618486	39.3416	
0.996986	0.00127249	0.0775747	0.00126718	0.999465	-0.0326804	-0.0775748	0.0326802	0.996451	-1.53846	0.649491	40.2989	
0.996834	0.00133657	0.0795045	0.00133085	0.999438	-0.0334882	-0.0795046	0.0334879	0.996272	-1.6139	0.681272	41.256	
0.996678	0.00140231	0.0814368	0.00139618	0.999411	-0.0342968	-0.0814369	0.0342966	0.996088	-1.6912	0.713829	42.2129	
0.996517	0.00146973	0.0833717	0.00146315	0.999383	-0.0351063	-0.0833718	0.035106	0.9959	-1.77036	0.747164	43.1697	
0.996353	0.00153881	0.085309	0.00153177	0.999354	-0.0359165	-0.0853091	0.0359162	0.995707	-1.85138	0.781276	44.1263	
0.996185	0.00160957	0.0872487	0.00160205	0.999324	-0.0367275	-0.0872488	0.0367272	0.995509	-1.93426	0.816167	45.0827	
0.996013	0.00168202	0.0891906	0.00167399	0.999294	-0.0375392	-0.0891908	0.0375388	0.995307	-2.01901	0.851837	46.0389	
0.995837	0.00175614	0.0911347	0.00174758	0.999263	-0.0383515	-0.0911349	0.0383511	0.9951	-2.10562	0.888287	46.9949	
0.995657	0.00183195	0.093081	0.00182284	0.999231	-0.0391645	-0.0930811	0.0391641	0.994888	-2.1941	0.925518	47.9507	
0.995473	0.00190945	0.0950292	0.00189977	0.999199	-0.0399781	-0.0950294	0.0399776	0.994671	-2.28445	0.96353	48.9063	
0.995284	0.00198864	0.0969793	0.00197835	0.999166	-0.0407922	-0.0969795	0.0407917	0.99445	-2.37667	1.00232	49.8616	
0.995092	0.00206951	0.0989313	0.00205861	0.999132	-0.0416069	-0.0989315	0.0416063	0.994224	-2.47077	1.0419	50.8168	
0.994896	0.00215208	0.100885	0.00214053	0.999097	-0.042422	-0.100885	0.0424214	0.993993	-2.56674	1.08226	51.7717	
0.994695	0.00223635	0.10284	0.00222412	0.999062	-0.0432376	-0.102841	0.043237	0.993758	-2.66459	1.1234	52.7265	
0.994491	0.00232231	0.104797	0.00230938	0.999027	-0.0440536	-0.104798	0.0440529	0.993517	-2.76432	1.16533	53.681	
0.994282	0.00240996	0.106756	0.00239631	0.99899	-0.04487	-0.106756	0.0448692	0.993272	-2.86593	1.20804	54.6352	
0.99407	0.00249931	0.108716	0.0024849	0.998953	-0.0456867	-0.108716	0.0456859	0.993022	-2.96942	1.25153	55.5893	
0.993853	0.00259036	0.110677	0.00257517	0.998915	-0.0465037	-0.110677	0.0465029	0.992768	-3.07479	1.29581	56.543	
0.993632	0.0026831	0.112639	0.0026671	0.998876	-0.047321	-0.11264	0.0473201	0.992508	-3.18205	1.34087	57.4966	
0.993407	0.00277754	0.114603	0.0027607	0.998837	-0.0481385	-0.114603	0.0481375	0.992244	-3.2912	1.38672	58.4498	
0.993179	0.00287368	0.116568	0.00285597	0.998797	-0.0489562	-0.116568	0.0489552	0.991975	-3.40223	1.43335	59.4029	
0.992521	0.00314543	0.122033	0.00294129	0.998762	-0.0496653	-0.122038	0.0496528	0.991283	-3.51684	1.48072	60.3554	
0.991833	0.00342108	0.127496	0.00303067	0.998726	-0.0503752	-0.127506	0.0503502	0.990559	-3.63669	1.52875	61.3073	
0.991115	0.00370063	0.132956	0.00312411	0.998689	-0.0510856	-0.132971	0.0510471	0.989805	-3.7618	1.57745	62.2585	
0.990367	0.00398406	0.138412	0.00322159	0.998652	-0.0517963	-0.138432	0.0517433	0.989019	-3.89216	1.62682	63.2089	
0.989588	0.00427136	0.143865	0.0033231	0.998615	-0.0525073	-0.14389	0.0524386	0.988203	-4.02776	1.67686	64.1586	
0.988779	0.00456252	0.149313	0.00342862	0.998577	-0.0532182	-0.149344	0.053133	0.987357	-4.1686	1.72757	65.1075	
0.987941	0.00485753	0.154757	0.00353812	0.998539	-0.0539288	-0.154793	0.053826	0.98648	-4.31468	1.77894	66.0555	
0.987072	0.00515635	0.160196	0.00365159	0.998499	-0.0546391	-0.160238	0.0545177	0.985572	-4.46599	1.83098	67.0027	
0.986173	0.00545898	0.16563	0.00376899	0.99846	-0.0553488	-0.165677	0.0552078	0.984633	-4.62253	1.88368	67.949	
0.985244	0.00576539	0.171059	0.00389029	0.99842	-0.0560578	-0.171111	0.055896	0.983665	-4.78429	1.93704	68.8944	
0.984285	0.00607556	0.176481	0.00401546	0.998379	-0.0567657	-0.17654	0.0565823	0.982666	-4.95127	1.99107	69.8388	
0.983297	0.00638946	0.181897	0.00414447	0.998338	-0.0574726	-0.181962	0.0572665	0.981637	-5.12346	2.04575	70.7823	
0.978646	0.00775367	0.205407	0.00400731	0.998379	-0.0567792	-0.205514	0.0563899	0.977028	-5.30957	2.10034	71.7231	
0.973431	0.00909645	0.228799	0.00385351	0.998418	-0.0560894	-0.228947	0.0554808	0.971856	-5.51825	2.15407	72.6592	
0.967655	0.010417	0.25206	0.00368318	0.998457	-0.0554034	-0.252249	0.0545397	0.966124	-5.74938	2.20692	73.5901	
0.961322	0.0117146	0.275178	0.0034964	0.998496	-0.0547216	-0.275405	0.0535672	0.959835	-6.00283	2.25885	74.5151	
0.954435	0.0129885	0.298137	0.00329328	0.998533	-0.0540445	-0.298402	0.0525638	0.952992	-6.27844	2.30982	75.4339	
0.946997	0.0142379	0.320926	0.00307395	0.99857	-0.0533724	-0.321227	0.0515301	0.945599	-6.57607	2.35982	76.3459	
0.939014	0.0154622	0.343531	0.00283851	0.998606	-0.0527058	-0.343867	0.0504666	0.937661	-6.89553	2.40881	77.2504	
0.93049	0.0166606	0.365938	0.00258712	0.998641	-0.052045	-0.366308	0.049374	0.929183	-7.23665	2.45677	78.1471	
0.92143	0.0178324	0.388136	0.00231992	0.998676	-0.0513903	-0.388538	0.048253	0.920168	-7.59922	2.50366	79.0354	
0.911838	0.018977	0.410111	0.00203706	0.99871	-0.0507423	-0.410544	0.0471042	0.910623	-7.98304	2.54947	79.9148	
0.901722	0.0200936	0.43185	0.00173871	0.998743	-0.0501011	-0.432314	0.0459281	0.900553	-8.38788	2.59415	80.7848	
0.891085	0.0211817	0.453341	0.00142503	0.998775	-0.0494673	-0.453834	0.0447256	0.889963	-8.81352	2.6377	81.6448	
0.879935	0.0222407	0.474573	0.0010962	0.998806	-0.0488412	-0.475092	0.0434973	0.87886	-9.25971	2.68007	82.4944	
0.868278	0.0232698	0.495531	0.000752426	0.998836	-0.0482231	-0.496077	0.0422439	0.867251	-9.72619	2.72125	83.3331	
0.856121	0.0242686	0.516205	0.000393895	0.998866	-0.0476134	-0.516775	0.0409662	0.855141	-10.2127	2.76122	84.1604	
0.843471	0.0252364	0.536582	2.08156e-05	0.998894	-0.0470125	-0.537175	0.0396648	0.842538	-10.7189	2.79995	84.9759	
0.830334	0.0261727	0.556651	-0.000366597	0.998922	-0.0464206	-0.557265	0.0383406	0.829449	-11.2446	2.83742	85.779	
0.816719	0.0270769	0.576399	-0.000768118	0.998949	-0.0458382	-0.577035	0.0369942	0.815881	-11.7895	2.87361	86.5692	
0.802634	0.0279486	0.595817	-0.00118352	0.998974	-0.0452655	-0.596471	0.0356265	0.801844	-12.3531	2.90849	87.3463	
0.788086	0.0287872	0.614892	-0.00161256	0.998999	-0.044703	-0.615563	0.0342383	0.787343	-12.9353	2.94204	88.1096	
0.773084	0.0295922	0.633613	-0.00205499	0.999023	-0.0441509	-0.6343	0.0328303	0.772389	-13.5356	2.97426	88.8588	
0.757636	0.0303632	0.65197	-0.00251055	0.999045	-0.0436095	-0.652672	0.0314033	0.756989	-14.1538	3.00511	89.5934	
0.741752	0.0310997	0.669952	-0.00297899	0.999067	-0.0430792	-0.670667	0.0299583	0.741153	-14.7894	3.03459	90.313	
0.725441	0.0318013	0.687549	-0.00346003	0.999088	-0.0425602	-0.688275	0.028496	0.72489	-15.4422	3.06266	91.0172	
0.708712	0.0324676	0.70475	-0.0039534	0.999108	-0.0420529	-0.705487	0.0270173	0.708208	-16.1116	3.08933	91.7055	
