1	0	0	0	1	0	0	0	1	0	0	0	
0.999998	2.80728e-06	0.00195955	2.80728e-06	0.999996	-0.00286523	-0.00195955	0.00286523	0.999994	-0.00075413	0.00110268	0.769695	
0.999992	1.12324e-05	0.00391894	1.12406e-05	0.999984	-0.00573441	-0.00391894	0.00573441	0.999976	-0.00301646	0.00441224	1.53938	
0.999983	2.52822e-05	0.00587813	2.5315e-05	0.999963	-0.00860747	-0.00587813	0.00860747	0.999946	-0.00678685	0.0099317	2.30905	
0.999969	4.49629e-05	0.00783705	4.50449e-05	0.999934	-0.0114844	-0.00783705	0.0114844	0.999903	-0.0120651	0.017664	3.07869	
0.999952	7.02805e-05	0.00979567	7.04447e-05	0.999897	-0.014365	-0.00979567	0.014365	0.999849	-0.0188511	0.0276121	3.84829	
0.999931	0.000101241	0.0117539	0.000101528	0.999851	-0.0172493	-0.0117539	0.0172493	0.999782	-0.0271444	0.0397788	4.61785	
0.999906	0.000137848	0.0137118	0.000138309	0.999797	-0.0201372	-0.0137118	0.0201372	0.999703	-0.0369448	0.054167	5.38735	
0.999877	0.000180109	0.0156691	0.0001808	0.999735	-0.0230286	-0.0156691	0.0230286	0.999612	-0.048252	0.0707793	6.15678	
0.999845	0.000228026	0.017626	0.000229015	0.999664	-0.0259236	-0.017626	0.0259236	0.999509	-0.0610656	0.0896185	6.92614	
0.999808	0.000281604	0.0195823	0.000282965	0.999585	-0.0288219	-0.0195822	0.0288219	0.999393	-0.0753851	0.110687	7.69541	
0.999768	0.000340847	0.0215379	0.000342663	0.999497	-0.0317235	-0.0215379	0.0317235	0.999265	-0.0912102	0.133988	8.4646	
0.999724	0.000405758	0.0234929	0.000408121	0.9994	-0.0346284	-0.0234929	0.0346284	0.999124	-0.10854	0.159524	9.23367	
0.999676	0.000476341	0.0254472	0.00047935	0.999295	-0.0375365	-0.0254471	0.0375365	0.998971	-0.127375	0.187296	10.0026	
0.999624	0.000552597	0.0274007	0.000556361	0.999182	-0.0404477	-0.0274006	0.0404478	0.998806	-0.147713	0.217308	10.7715	
0.999569	0.000634529	0.0293534	0.000639165	0.999059	-0.043362	-0.0293533	0.0433621	0.998628	-0.169555	0.249562	11.5402	
0.99951	0.000722138	0.0313052	0.000727772	0.998928	-0.0462792	-0.0313051	0.0462793	0.998438	-0.192899	0.284061	12.3088	
0.999447	0.000815428	0.0332561	0.000822193	0.998789	-0.0491994	-0.0332559	0.0491995	0.998235	-0.217745	0.320806	13.0772	
0.99938	0.000914397	0.035206	0.000922437	0.99864	-0.0521224	-0.0352058	0.0521225	0.99802	-0.244093	0.359799	13.8454	
0.999309	0.00101905	0.0371549	0.00102851	0.998483	-0.0550481	-0.0371546	0.0550483	0.997792	-0.271941	0.401044	14.6135	
0.999235	0.00112938	0.0391027	0.00114043	0.998317	-0.0579766	-0.0391024	0.0579768	0.997552	-0.301288	0.444542	15.3814	
0.999156	0.0012454	0.0410494	0.0012582	0.998143	-0.0609077	-0.041049	0.0609079	0.997299	-0.332134	0.490294	16.1491	
0.999074	0.00136709	0.0429949	0.00138183	0.997959	-0.0638413	-0.0429944	0.0638416	0.997033	-0.364478	0.538304	16.9167	
0.998989	0.00149447	0.0449392	0.00151132	0.997767	-0.0667774	-0.0449386	0.0667778	0.996755	-0.398319	0.588573	17.684	
0.998899	0.00162753	0.0468822	0.00164669	0.997566	-0.0697159	-0.0468815	0.0697164	0.996465	-0.433656	0.641102	18.4511	
0.998806	0.00176626	0.0488239	0.00178794	0.997355	-0.0726568	-0.0488231	0.0726574	0.996161	-0.470488	0.695895	19.2179	
0.998709	0.00191067	0.0507643	0.00193507	0.997136	-0.0756	-0.0507633	0.0756006	0.995845	-0.508814	0.752952	19.9845	
0.998608	0.00206076	0.0527032	0.00208811	0.996908	-0.0785453	-0.0527021	0.0785461	0.995516	-0.548632	0.812275	20.7509	
0.998504	0.00221652	0.0546406	0.00224704	0.996671	-0.0814928	-0.0546394	0.0814936	0.995175	-0.589942	0.873866	21.517	
0.998395	0.00237795	0.0565766	0.00241188	0.996425	-0.0844424	-0.0565751	0.0844433	0.994821	-0.632743	0.937726	22.2829	
0.998284	0.00254505	0.058511	0.00258263	0.99617	-0.0873939	-0.0585093	0.087395	0.994454	-0.677033	1.00386	23.0484	
0.998168	0.00271781	0.0604437	0.0027593	0.995906	-0.0903473	-0.0604419	0.0903486	0.994074	-0.722811	1.07226	23.8137	
0.998049	0.00289623	0.0623748	0.0029419	0.995633	-0.0933026	-0.0623727	0.093304	0.993682	-0.770077	1.14294	24.5787	
0.997926	0.0030803	0.0643043	0.00313042	0.995351	-0.0962597	-0.0643018	0.0962613	0.993277	-0.818827	1.2159	25.3434	
0.997799	0.00327003	0.0662319	0.00332487	0.99506	-0.0992184	-0.0662292	0.0992203	0.992859	-0.869062	1.29113	26.1078	
0.997669	0.0034654	0.0681578	0.00352526	0.99476	-0.102179	-0.0681547	0.102181	0.992428	-0.920779	1.36864	26.8718	
0.997535	0.00366641	0.0700818	0.00373159	0.99445	-0.105141	-0.0700783	0.105143	0.991985	-0.973978	1.44842	27.6355	
0.997397	0.00387306	0.0720039	0.00394386	0.994132	-0.108104	-0.072	0.108107	0.991529	-1.02866	1.53049	28.3988	
0.997256	0.00408534	0.0739241	0.00416207	0.993804	-0.111069	-0.0739198	0.111072	0.991059	-1.08481	1.61484	29.1618	
0.997111	0.00430324	0.0758422	0.00438624	0.993467	-0.114035	-0.0758375	0.114038	0.990578	-1.14245	1.70148	29.9245	
0.996962	0.00452676	0.0777584	0.00461635	0.993121	-0.117003	-0.0777531	0.117006	0.990083	-1.20156	1.79039	30.6867	
0.99681	0.00475589	0.0796725	0.00485242	0.992765	-0.119971	-0.0796666	0.119975	0.989575	-1.26214	1.8816	31.4486	
0.996654	0.00499062	0.0815844	0.00509443	0.992401	-0.122941	-0.081578	0.122945	0.989055	-1.32419	1.97508	32.2101	
0.996495	0.00523095	0.0834942	0.00534241	0.992027	-0.125912	-0.0834871	0.125917	0.988522	-1.38772	2.07086	32.9711	
0.996332	0.00547687	0.0854017	0.00559634	0.991644	-0.128884	-0.085394	0.128889	0.987975	-1.45271	2.16892	33.7318	
0.996165	0.00572837	0.087307	0.00585622	0.991251	-0.131857	-0.0872985	0.131862	0.987416	-1.51917	2.26927	34.492	
0.995995	0.00598544	0.08921	0.00612206	0.99085	-0.13483	-0.0892007	0.134836	0.986845	-1.5871	2.37191	35.2518	
0.995821	0.00624807	0.0911106	0.00639386	0.990439	-0.137805	-0.0911005	0.137811	0.98626	-1.65649	2.47684	36.0112	
0.995644	0.00651626	0.0930089	0.00667161	0.990018	-0.14078	-0.0929979	0.140787	0.985662	-1.72734	2.58405	36.77	
0.995463	0.00678999	0.0949047	0.00695531	0.989589	-0.143755	-0.0948927	0.143763	0.985052	-1.79965	2.69356	37.5285	
0.995279	0.00706926	0.096798	0.00724498	0.98915	-0.146732	-0.096785	0.14674	0.984429	-1.87341	2.80536	38.2864	
0.995091	0.00735405	0.0986887	0.00754059	0.988701	-0.149708	-0.0986747	0.149718	0.983793	-1.94864	2.91946	39.0439	
0.9949	0.00764436	0.100577	0.00784215	0.988244	-0.152686	-0.100562	0.152696	0.983144	-2.02531	3.03584	39.8009	
0.994705	0.00794017	0.102463	0.00814966	0.987777	-0.155663	-0.102446	0.155674	0.982482	-2.10344	3.15451	40.5573	
0.994779	0.00782567	0.101749	0.00856221	0.987139	-0.159633	-0.10169	0.159671	0.981919	-2.182	3.27587	41.3133	
0.994853	0.00770861	0.101039	0.00897284	0.986484	-0.163612	-0.100934	0.163676	0.981337	-2.25998	3.40031	42.0689	
0.994925	0.00758899	0.10033	0.0093815	0.985811	-0.167599	-0.100178	0.167689	0.980737	-2.33738	3.52784	42.824	
0.994997	0.00746682	0.0996244	0.00978816	0.985119	-0.171593	-0.0994231	0.17171	0.980118	-2.4142	3.65846	43.5786	
0.995068	0.00734209	0.0989209	0.0101928	0.98441	-0.175596	-0.0986679	0.175738	0.97948	-2.49043	3.79217	44.3328	
0.995139	0.00721483	0.0982199	0.0105952	0.983682	-0.179606	-0.0979129	0.179773	0.978823	-2.56609	3.92899	45.0864	
0.995208	0.00708502	0.0975212	0.0109956	0.982935	-0.183622	-0.097158	0.183814	0.978148	-2.64116	4.06892	45.8396	
0.995277	0.00695267	0.0968248	0.0113938	0.982171	-0.187645	-0.0964032	0.187862	0.977453	-2.71565	4.21196	46.5922	
0.995345	0.00681779	0.0961308	0.0117897	0.981388	-0.191673	-0.0956484	0.191915	0.97674	-2.78956	4.35811	47.3442	
0.995413	0.00668038	0.095439	0.0121834	0.980587	-0.195708	-0.0948936	0.195973	0.976007	-2.86289	4.50739	48.0958	
0.99548	0.00654043	0.0947494	0.0125747	0.979767	-0.199748	-0.0941388	0.200036	0.975256	-2.93564	4.65979	48.8467	
0.995546	0.00639795	0.0940621	0.0129637	0.978928	-0.203792	-0.0933839	0.204104	0.974485	-3.00781	4.81533	49.5971	
0.995611	0.00625294	0.0933769	0.0133503	0.978071	-0.207841	-0.0926289	0.208176	0.973695	-3.07939	4.97399	50.3468	
0.995676	0.0061054	0.0926937	0.0137345	0.977196	-0.211894	-0.0918737	0.212251	0.972887	-3.1504	5.13579	51.0959	
0.99574	0.00595533	0.0920127	0.0141162	0.976302	-0.215951	-0.0911182	0.21633	0.972059	-3.22082	5.30073	51.8445	
0.995803	0.00580272	0.0913337	0.0144954	0.97539	-0.220012	-0.0903626	0.220412	0.971212	-3.29067	5.46881	52.5923	
0.995866	0.00564757	0.0906566	0.014872	0.974458	-0.224075	-0.0896066	0.224497	0.970346	-3.35993	5.64004	53.3395	
0.995928	0.00548988	0.0899815	0.0152461	0.973509	-0.228141	-0.0888502	0.228584	0.969461	-3.42861	5.8144	54.0861	
0.99599	0.00532965	0.0893082	0.0156175	0.97254	-0.232209	-0.0880935	0.232673	0.968557	-3.4967	5.99192	54.8319	
0.996051	0.00516686	0.0886368	0.0159863	0.971554	-0.236279	-0.0873362	0.236763	0.967634	-3.56422	6.17258	55.5771	
0.996111	0.00500152	0.0879672	0.0163524	0.970548	-0.240351	-0.0865785	0.240855	0.966692	-3.63115	6.35639	56.3215	
0.99617	0.00483361	0.0872993	0.0167157	0.969524	-0.244424	-0.0858202	0.244947	0.965731	-3.6975	6.54335	57.0652	
0.996229	0.00466313	0.0866331	0.0170763	0.968482	-0.248497	-0.0850613	0.24904	0.964751	-3.76326	6.73346	57.8081	
0.996288	0.00449007	0.0859684	0.0174341	0.967421	-0.252571	-0.0843018	0.253132	0.963752	-3.82844	6.92672	58.5503	
0.996346	0.00431442	0.0853054	0.017789	0.966342	-0.256645	-0.0835415	0.257225	0.962734	-3.89303	7.12313	59.2917	
0.996403	0.00413617	0.0846439	0.0181411	0.965244	-0.260719	-0.0827804	0.261316	0.961697	-3.95704	7.32269	60.0323	
0.996459	0.00395532	0.0839838	0.0184903	0.964128	-0.264792	-0.0820185	0.265407	0.960641	-4.02046	7.5254	60.7721	
0.996515	0.00377184	0.0833252	0.0188365	0.962994	-0.268864	-0.0812558	0.269496	0.959567	-4.0833	7.73126	61.5111	
0.996571	0.00358573	0.0826679	0.0191797	0.961842	-0.272934	-0.0804921	0.273584	0.958474	-4.14555	7.94026	62.2493	
0.996626	0.00339697	0.0820119	0.01952	0.960671	-0.277003	-0.0797274	0.277669	0.957363	-4.20721	8.15241	62.9866	
0.99668	0.00320555	0.0813571	0.0198572	0.959482	-0.281069	-0.0789616	0.281751	0.956233	-4.26828	8.3677	63.723	
0.996734	0.00301145	0.0807035	0.0201914	0.958275	-0.285133	-0.0781948	0.285831	0.955084	-4.32876	8.58614	64.4586	
0.996787	0.00281467	0.080051	0.0205224	0.95705	-0.289194	-0.0774268	0.289908	0.953917	-4.38865	8.80771	65.1933	
0.996839	0.00261518	0.0793996	0.0208504	0.955808	-0.293252	-0.0766576	0.293981	0.952732	-4.44795	9.03242	65.927	
0.996892	0.00241296	0.0787491	0.0211752	0.954547	-0.297306	-0.0758871	0.29805	0.951529	-4.50666	9.26026	66.6599	
0.996943	0.002208	0.0780996	0.0214968	0.953269	-0.301357	-0.0751154	0.302115	0.950308	-4.56477	9.49123	67.3918	
0.996994	0.00200028	0.077451	0.0218151	0.951973	-0.305403	-0.0743422	0.306175	0.949068	-4.62229	9.72533	68.1228	
0.997045	0.00178978	0.0768033	0.0221303	0.95066	-0.309445	-0.0735676	0.31023	0.947811	-4.67921	9.96256	68.8528	
0.997095	0.00157649	0.0761563	0.0224421	0.949329	-0.313481	-0.0727916	0.314279	0.946536	-4.73554	10.2029	69.5818	
0.997144	0.00136037	0.07551	0.0227507	0.947981	-0.317512	-0.072014	0.318323	0.945243	-4.79127	10.4464	70.3099	
0.998249	-0.00427059	0.0589985	0.0232591	0.94539	-0.32511	-0.0543882	0.325913	0.943834	-4.83992	10.6943	71.0369	
0.999045	-0.0100332	0.0425147	0.0236256	0.942738	-0.332695	-0.0367422	0.333382	0.942075	-4.87499	10.948	71.7627	
0.999533	-0.0159252	0.0260646	0.0238502	0.940027	-0.340265	-0.0190827	0.340728	0.939968	-4.89647	11.2075	72.4871	
0.999713	-0.0219446	0.00965448	0.0239326	0.937257	-0.347816	-0.00141603	0.347948	0.937513	-4.90436	11.4725	73.2096	
0.999583	-0.0280891	-0.00670971	0.0238729	0.93443	-0.355347	0.0162511	0.355038	0.934711	-4.89865	11.7431	73.9302	
0.999144	-0.0343563	-0.0230219	0.0236712	0.931546	-0.362853	0.0339122	0.361997	0.931562	-4.87935	12.019	74.6484	
