1	0	0	0	1	0	0	0	1	0	0	0	
0.999997	5.52876e-07	0.00256801	5.52876e-07	1	-0.000430587	-0.00256801	0.000430587	0.999997	-0.00126974	0.000212901	0.988888	
0.999987	2.21835e-06	0.00514285	2.22022e-06	1	-0.000863051	-0.00514285	0.000863051	0.999986	-0.00508233	0.000852534	1.97777	
0.99997	5.00704e-06	0.00772441	5.01457e-06	0.999999	-0.00129738	-0.00772441	0.00129738	0.999969	-0.0114445	0.00192075	2.96664	
0.999947	8.92946e-06	0.0103126	8.94833e-06	0.999998	-0.00173355	-0.0103126	0.00173355	0.999945	-0.0203628	0.00341937	3.95548	
0.999917	1.39959e-05	0.0129072	1.40338e-05	0.999998	-0.00217154	-0.0129072	0.00217154	0.999914	-0.0318436	0.00535022	4.9443	
0.99988	2.02167e-05	0.0155082	2.02831e-05	0.999997	-0.00261135	-0.0155082	0.00261135	0.999876	-0.0458935	0.00771509	5.93309	
0.999836	2.76017e-05	0.0181154	2.77083e-05	0.999995	-0.00305295	-0.0181154	0.00305295	0.999831	-0.0625184	0.0105158	6.92183	
0.999785	3.61611e-05	0.0207287	3.63212e-05	0.999994	-0.00349633	-0.0207287	0.00349633	0.999779	-0.0817247	0.013754	7.91053	
0.999727	4.59044e-05	0.023348	4.61338e-05	0.999992	-0.00394147	-0.023348	0.00394147	0.99972	-0.103518	0.0174316	8.89917	
0.999663	5.68413e-05	0.0259731	5.71575e-05	0.99999	-0.00438834	-0.0259731	0.00438835	0.999653	-0.127905	0.0215503	9.88775	
0.999591	6.89814e-05	0.028604	6.94039e-05	0.999988	-0.00483695	-0.028604	0.00483695	0.999579	-0.15489	0.0261117	10.8763	
0.999512	8.23338e-05	0.0312405	8.28844e-05	0.999986	-0.00528726	-0.0312405	0.00528726	0.999498	-0.18448	0.0311175	11.8647	
0.999426	9.69078e-05	0.0338825	9.76102e-05	0.999984	-0.00573925	-0.0338825	0.00573927	0.999409	-0.21668	0.0365695	12.853	
0.999333	0.000112712	0.0365299	0.000113592	0.999981	-0.00619292	-0.0365299	0.00619294	0.999313	-0.251495	0.0424693	13.8413	
0.999232	0.000129756	0.0391825	0.000130842	0.999978	-0.00664824	-0.0391825	0.00664827	0.99921	-0.28893	0.0488186	14.8295	
0.999124	0.000148048	0.0418402	0.000149369	0.999975	-0.0071052	-0.0418402	0.00710523	0.999099	-0.328991	0.055619	15.8175	
0.999009	0.000167597	0.0445029	0.000169186	0.999971	-0.00756377	-0.0445029	0.00756381	0.998981	-0.371683	0.062872	16.8055	
0.998887	0.00018841	0.0471705	0.000190301	0.999968	-0.00802394	-0.0471705	0.00802399	0.998855	-0.417011	0.0705793	17.7933	
0.998757	0.000210497	0.0498429	0.000212726	0.999964	-0.00848569	-0.0498429	0.00848574	0.998721	-0.464979	0.0787424	18.781	
0.99862	0.000233865	0.0525198	0.000236471	0.99996	-0.008949	-0.0525198	0.00894907	0.99858	-0.515591	0.087363	19.7685	
0.998475	0.000258521	0.0552013	0.000261545	0.999956	-0.00941385	-0.0552013	0.00941393	0.998431	-0.568853	0.0964425	20.7559	
0.998323	0.000284475	0.0578871	0.00028796	0.999951	-0.00988022	-0.0578871	0.00988032	0.998274	-0.624769	0.105982	21.7432	
0.998163	0.000311732	0.0605772	0.000315723	0.999946	-0.0103481	-0.0605772	0.0103482	0.99811	-0.683343	0.115984	22.7303	
0.997996	0.000340301	0.0632714	0.000344845	0.999941	-0.0108175	-0.0632714	0.0108176	0.997938	-0.74458	0.12645	23.7172	
0.997822	0.000370189	0.0659696	0.000375336	0.999936	-0.0112883	-0.0659696	0.0112884	0.997758	-0.808482	0.13738	24.704	
0.997639	0.000401402	0.0686717	0.000407204	0.999931	-0.0117605	-0.0686717	0.0117607	0.99757	-0.875055	0.148776	25.6906	
0.997449	0.000433948	0.0713776	0.000440458	0.999925	-0.0122342	-0.0713775	0.0122345	0.997374	-0.944302	0.160641	26.677	
0.997252	0.000467833	0.074087	0.000475107	0.999919	-0.0127093	-0.074087	0.0127096	0.997171	-1.01623	0.172974	27.6632	
0.997046	0.000503063	0.0768	0.000511161	0.999913	-0.0131858	-0.0767999	0.0131861	0.996959	-1.09083	0.185778	28.6491	
0.996833	0.000539646	0.0795163	0.000548627	0.999906	-0.0136637	-0.0795162	0.013664	0.99674	-1.16812	0.199054	29.6349	
0.996613	0.000577586	0.0822359	0.000587513	0.9999	-0.0141429	-0.0822358	0.0141433	0.996513	-1.2481	0.212803	30.6205	
0.996384	0.00061689	0.0849586	0.000627829	0.999893	-0.0146234	-0.0849585	0.0146239	0.996277	-1.33077	0.227027	31.6058	
0.996148	0.000657563	0.0876843	0.000669582	0.999886	-0.0151052	-0.0876842	0.0151057	0.996034	-1.41613	0.241727	32.5909	
0.995904	0.000699612	0.0904129	0.000712779	0.999878	-0.0155883	-0.0904128	0.0155889	0.995782	-1.50419	0.256903	33.5757	
0.995652	0.00074304	0.0931442	0.000757428	0.999871	-0.0160727	-0.0931441	0.0160734	0.995523	-1.59495	0.272559	34.5603	
0.995393	0.000787855	0.0958782	0.000803537	0.999863	-0.0165583	-0.095878	0.0165591	0.995255	-1.68841	0.288694	35.5446	
0.995125	0.00083406	0.0986146	0.000851113	0.999854	-0.0170452	-0.0986145	0.017046	0.99498	-1.78457	0.30531	36.5287	
0.99485	0.00088166	0.101353	0.000900163	0.999846	-0.0175332	-0.101353	0.0175342	0.994696	-1.88345	0.322408	37.5125	
0.994567	0.00093066	0.104094	0.000950694	0.999837	-0.0180224	-0.104094	0.0180235	0.994404	-1.98503	0.339989	38.496	
0.994276	0.000981064	0.106838	0.00100271	0.999828	-0.0185128	-0.106837	0.018514	0.994104	-2.08932	0.358055	39.4792	
0.993977	0.00103288	0.109583	0.00105622	0.999819	-0.0190044	-0.109583	0.0190056	0.993796	-2.19633	0.376606	40.4621	
0.99367	0.0010861	0.11233	0.00111124	0.999809	-0.019497	-0.11233	0.0194984	0.99348	-2.30605	0.395644	41.4447	
0.993356	0.00114074	0.115079	0.00116775	0.999799	-0.0199907	-0.115078	0.0199923	0.993155	-2.41849	0.41517	42.427	
0.993033	0.0011968	0.117829	0.00122578	0.999789	-0.0204856	-0.117829	0.0204873	0.992823	-2.53365	0.435185	43.4089	
0.992703	0.00125429	0.120581	0.00128533	0.999779	-0.0209814	-0.120581	0.0209833	0.992482	-2.65153	0.45569	44.3906	
0.992364	0.0013132	0.123334	0.0013464	0.999768	-0.0214783	-0.123334	0.0214804	0.992133	-2.77214	0.476686	45.3718	
0.992018	0.00137354	0.126089	0.001409	0.999758	-0.0219762	-0.126088	0.0219785	0.991776	-2.89546	0.498174	46.3528	
0.991664	0.00143531	0.128844	0.00147313	0.999746	-0.0224751	-0.128844	0.0224776	0.99141	-3.02151	0.520155	47.3334	
0.991302	0.00149852	0.131601	0.0015388	0.999735	-0.022975	-0.131601	0.0229777	0.991036	-3.15029	0.54263	48.3136	
0.990932	0.00156316	0.134359	0.00160602	0.999723	-0.0234758	-0.134358	0.0234787	0.990655	-3.28179	0.5656	49.2934	
0.990554	0.00162924	0.137117	0.00167478	0.999711	-0.0239775	-0.137116	0.0239807	0.990265	-3.41602	0.589066	50.2729	
0.990168	0.00169677	0.139876	0.00174509	0.999699	-0.0244802	-0.139875	0.0244836	0.989866	-3.55298	0.613029	51.2519	
0.989774	0.00176574	0.142635	0.00181695	0.999686	-0.0249837	-0.142635	0.0249874	0.98946	-3.69266	0.63749	52.2306	
0.989372	0.00183615	0.145395	0.00189038	0.999673	-0.0254881	-0.145394	0.025492	0.989045	-3.83508	0.662449	53.2088	
0.988962	0.00190801	0.148155	0.00196537	0.99966	-0.0259933	-0.148154	0.0259975	0.988623	-3.98022	0.687908	54.1867	
0.988545	0.00198131	0.150915	0.00204192	0.999647	-0.0264993	-0.150914	0.0265039	0.988191	-4.12809	0.713867	55.1641	
0.988119	0.00205607	0.153675	0.00212004	0.999633	-0.0270061	-0.153674	0.027011	0.987752	-4.2787	0.740327	56.1411	
0.987686	0.00213227	0.156435	0.00219974	0.999619	-0.0275136	-0.156434	0.027519	0.987305	-4.43203	0.767289	57.1177	
0.987245	0.00220992	0.159195	0.00228101	0.999605	-0.028022	-0.159194	0.0280276	0.986849	-4.58809	0.794754	58.0938	
0.986796	0.00228902	0.161954	0.00236385	0.99959	-0.028531	-0.161953	0.0285371	0.986386	-4.74688	0.822722	59.0694	
0.986339	0.00236957	0.164713	0.00244827	0.999575	-0.0290407	-0.164712	0.0290472	0.985914	-4.9084	0.851194	60.0446	
0.985874	0.00245157	0.167472	0.00253428	0.99956	-0.0295511	-0.16747	0.0295581	0.985434	-5.07264	0.880171	61.0194	
0.985401	0.00253502	0.170229	0.00262187	0.999545	-0.0300622	-0.170228	0.0300696	0.984946	-5.23961	0.909654	61.9936	
0.985251	0.00256303	0.171095	0.00323732	0.99943	-0.0336138	-0.171083	0.0336719	0.984681	-5.40837	0.941171	62.9675	
0.9851	0.00259429	0.171962	0.00385619	0.999302	-0.0371664	-0.171939	0.0372757	0.984402	-5.57798	0.97625	63.9411	
0.984948	0.00262881	0.172832	0.00447845	0.999161	-0.0407196	-0.172794	0.0408807	0.984109	-5.74843	1.01489	64.9144	
0.984795	0.00266658	0.173703	0.00510406	0.999006	-0.0442733	-0.173648	0.0444867	0.983802	-5.91973	1.0571	65.8874	
0.98464	0.00270762	0.174574	0.00573299	0.998839	-0.0478272	-0.174501	0.0480934	0.983482	-6.09187	1.10288	66.8601	
0.984485	0.00275191	0.175447	0.00636518	0.998659	-0.0513809	-0.175353	0.0517005	0.983147	-6.26485	1.15222	67.8325	
0.984329	0.00279944	0.176321	0.00700061	0.998465	-0.0549343	-0.176204	0.0553078	0.982799	-6.43868	1.20513	68.8046	
0.984172	0.00285021	0.177194	0.00763923	0.998259	-0.0584871	-0.177052	0.058915	0.982437	-6.61334	1.26161	69.7763	
0.984014	0.0029042	0.178068	0.00828099	0.998039	-0.062039	-0.177899	0.0625218	0.982061	-6.78885	1.32165	70.7476	
0.986244	0.00195408	0.165285	0.0118839	0.996504	-0.0826918	-0.164868	0.0835185	0.982773	-6.95833	1.39387	71.7192	
0.988304	0.000731084	0.152496	0.0152118	0.994528	-0.103353	-0.151737	0.104464	0.982885	-7.11489	1.48682	72.6911	
0.990192	-0.000764037	0.13971	0.0182627	0.992113	-0.124011	-0.138514	0.125346	0.982396	-7.25841	1.60045	73.6629	
0.991908	-0.00253037	0.126935	0.0210347	0.989259	-0.144652	-0.125205	0.146151	0.981307	-7.38881	1.7347	74.6339	
0.99345	-0.00456683	0.114177	0.0235261	0.985969	-0.165263	-0.11182	0.166867	0.979618	-7.50601	1.88948	75.6035	
0.994817	-0.00687219	0.101445	0.0257355	0.982244	-0.185833	-0.098367	0.187481	0.97733	-7.60994	2.06469	76.5712	
0.996009	-0.00944502	0.0887472	0.0276613	0.978087	-0.206349	-0.0848536	0.20798	0.974446	-7.70054	2.26023	77.5362	
0.997025	-0.0122838	0.0760906	0.0293026	0.973501	-0.226798	-0.0712883	0.228353	0.970965	-7.77775	2.47599	78.4982	
0.997864	-0.0153867	0.0634831	0.0306582	0.968488	-0.247167	-0.0576795	0.248585	0.966891	-7.84152	2.71182	79.4564	
0.998526	-0.0187518	0.0509325	0.0317273	0.963051	-0.267444	-0.0440355	0.268666	0.962226	-7.89181	2.96758	80.4103	
0.99901	-0.0223773	0.0384463	0.0325094	0.957193	-0.287617	-0.0303645	0.288583	0.956973	-7.9286	3.24313	81.3593	
0.999316	-0.0262607	0.0260324	0.0330038	0.950919	-0.307674	-0.016675	0.308323	0.951136	-7.95186	3.53828	82.3028	
0.999444	-0.0303997	0.0136982	0.0332104	0.944232	-0.327602	-0.00297525	0.327874	0.944717	-7.96158	3.85286	83.2402	
0.999394	-0.0347918	0.00145122	0.0331289	0.937136	-0.347388	0.0107263	0.347226	0.93772	-7.95774	4.18667	84.171	
0.999165	-0.0394344	-0.010701	0.0327595	0.929635	-0.367022	0.0244213	0.366365	0.930151	-7.94036	4.53952	85.0946	
0.998758	-0.0443245	-0.0227509	0.0321023	0.921735	-0.386491	0.0381013	0.38528	0.922013	-7.90945	4.91119	86.0105	
0.998173	-0.0494592	-0.0346914	0.0311577	0.913439	-0.405782	0.0517581	0.40396	0.913311	-7.86502	5.30144	86.918	
0.997411	-0.0548354	-0.046515	0.0299264	0.904753	-0.424885	0.0653832	0.422393	0.904052	-7.80709	5.71005	87.8166	
0.996472	-0.0604497	-0.0582144	0.0284091	0.895682	-0.443787	0.0789684	0.440568	0.894239	-7.73572	6.13676	88.7058	
0.995357	-0.0662988	-0.0697827	0.0266067	0.886232	-0.462477	0.0925053	0.458473	0.883881	-7.65093	6.58131	89.585	
0.994065	-0.072379	-0.0812127	0.0245203	0.876408	-0.480944	0.105986	0.476098	0.872982	-7.55278	7.04342	90.4538	
0.992599	-0.0786867	-0.0924974	0.0221512	0.866217	-0.499176	0.119401	0.493433	0.861549	-7.44133	7.52283	91.3114	
0.990959	-0.0852179	-0.10363	0.0195009	0.855665	-0.517162	0.132744	0.510465	0.849591	-7.31665	8.01922	92.1575	
0.989145	-0.0919688	-0.114603	0.0165709	0.844758	-0.534892	0.146005	0.527186	0.837112	-7.17882	8.53231	92.9916	
0.987159	-0.0989351	-0.125411	0.013363	0.833503	-0.552353	0.159178	0.543585	0.824123	-7.02792	9.06178	93.813	
0.985003	-0.106113	-0.136047	0.00987929	0.821907	-0.569536	0.172253	0.559651	0.810629	-6.86403	9.60729	94.6213	
0.982678	-0.113497	-0.146503	0.00612178	0.809976	-0.586431	0.185222	0.575376	0.79664	-6.68727	10.1685	95.4161	
