1	0	0	0	1	0	0	0	1	0	0	0	
0.99999	-2.62128e-06	0.00444147	-2.62128e-06	0.999999	0.00118036	-0.00444147	-0.00118036	0.999989	-0.00188202	-0.000500164	0.847472	
0.999961	-1.04921e-05	0.00888311	-1.05049e-05	0.999997	0.00236365	-0.00888311	-0.00236365	0.999958	-0.00752815	-0.0020019	1.69493	
0.999911	-2.36259e-05	0.0133248	-2.36771e-05	0.999994	0.00354983	-0.0133248	-0.00354983	0.999905	-0.0169385	-0.00450766	2.54234	
0.999842	-4.20361e-05	0.0177665	-4.2164e-05	0.999989	0.00473888	-0.0177665	-0.00473888	0.999831	-0.030113	-0.0080199	3.38971	
0.999753	-6.57357e-05	0.0222079	-6.59916e-05	0.999982	0.00593076	-0.0222079	-0.00593076	0.999736	-0.0470517	-0.012541	4.237	
0.999645	-9.47378e-05	0.0266491	-9.51856e-05	0.999975	0.00712545	-0.0266491	-0.00712546	0.999619	-0.0677543	-0.0180735	5.0842	
0.999517	-0.000129055	0.03109	-0.000129772	0.999965	0.00832293	-0.0310899	-0.00832294	0.999482	-0.0922206	-0.0246195	5.9313	
0.999369	-0.0001687	0.0355303	-0.000169775	0.999955	0.00952315	-0.0355303	-0.00952316	0.999323	-0.12045	-0.0321816	6.77827	
0.999201	-0.000213685	0.03997	-0.000215221	0.999942	0.0107261	-0.03997	-0.0107261	0.999143	-0.152442	-0.040762	7.6251	
0.999013	-0.000264022	0.0444089	-0.000266134	0.999929	0.0119317	-0.0444089	-0.0119318	0.998942	-0.188197	-0.050363	8.47176	
0.998806	-0.000319723	0.0488471	-0.00032254	0.999914	0.01314	-0.0488471	-0.0131401	0.99872	-0.227713	-0.0609869	9.31825	
0.998579	-0.0003808	0.0532843	-0.000384463	0.999897	0.0143509	-0.0532842	-0.014351	0.998476	-0.27099	-0.0726359	10.1645	
0.998333	-0.000447265	0.0577204	-0.000451927	0.999879	0.0155644	-0.0577204	-0.0155646	0.998211	-0.318027	-0.0853123	11.0106	
0.998066	-0.000519129	0.0621554	-0.000524958	0.999859	0.0167805	-0.0621553	-0.0167807	0.997925	-0.368823	-0.0990182	11.8564	
0.99778	-0.000596403	0.0665891	-0.000603577	0.999838	0.0179991	-0.066589	-0.0179993	0.997618	-0.423377	-0.113756	12.702	
0.997475	-0.000679098	0.0710213	-0.000687811	0.999815	0.0192202	-0.0710213	-0.0192205	0.99729	-0.481687	-0.129527	13.5474	
0.997149	-0.000767225	0.0754521	-0.000777681	0.999791	0.0204438	-0.075452	-0.0204442	0.99694	-0.543754	-0.146335	14.3924	
0.996804	-0.000860795	0.0798813	-0.000873213	0.999765	0.0216698	-0.0798812	-0.0216703	0.996569	-0.609574	-0.16418	15.2371	
0.996439	-0.000959818	0.0843087	-0.000974428	0.999737	0.0228983	-0.0843086	-0.0228989	0.996177	-0.679148	-0.183066	16.0815	
0.996055	-0.0010643	0.0887344	-0.00108135	0.999708	0.0241291	-0.0887342	-0.0241298	0.995763	-0.752473	-0.202994	16.9256	
0.995651	-0.00117426	0.093158	-0.001194	0.999678	0.0253622	-0.0931578	-0.0253632	0.995328	-0.829547	-0.223966	17.7693	
0.995227	-0.00128971	0.0975796	-0.00131241	0.999645	0.0265977	-0.0975793	-0.0265988	0.994872	-0.91037	-0.245984	18.6126	
0.994783	-0.00141064	0.101999	-0.00143659	0.999611	0.0278354	-0.101999	-0.0278368	0.994395	-0.994939	-0.269051	19.4555	
0.99432	-0.00153708	0.106416	-0.00156656	0.999576	0.0290754	-0.106416	-0.029077	0.993896	-1.08325	-0.293167	20.298	
0.993838	-0.00166903	0.110831	-0.00170236	0.999539	0.0303176	-0.110831	-0.0303195	0.993377	-1.17531	-0.318336	21.1401	
0.993336	-0.00180651	0.115243	-0.001844	0.9995	0.031562	-0.115243	-0.0315642	0.992836	-1.2711	-0.344558	21.9818	
0.992814	-0.00194951	0.119653	-0.0019915	0.99946	0.0328086	-0.119652	-0.0328111	0.992274	-1.37064	-0.371836	22.8229	
0.992273	-0.00209805	0.12406	-0.00214488	0.999418	0.0340572	-0.124059	-0.0340601	0.99169	-1.47391	-0.400172	23.6636	
0.991712	-0.00225214	0.128464	-0.00230417	0.999374	0.0353079	-0.128463	-0.0353113	0.991085	-1.58091	-0.429568	24.5038	
0.991131	-0.00241178	0.132865	-0.00246939	0.999328	0.0365607	-0.132864	-0.0365645	0.99046	-1.69164	-0.460024	25.3434	
0.990531	-0.00257698	0.137263	-0.00264055	0.999281	0.0378155	-0.137262	-0.0378199	0.989812	-1.80611	-0.491544	26.1826	
0.989912	-0.00274776	0.141658	-0.00281768	0.999232	0.0390722	-0.141657	-0.0390772	0.989144	-1.9243	-0.524128	27.0211	
0.989273	-0.00292412	0.14605	-0.0030008	0.999182	0.040331	-0.146049	-0.0403366	0.988455	-2.04621	-0.557779	27.8591	
0.988614	-0.00310607	0.150439	-0.00318993	0.99913	0.0415916	-0.150437	-0.0415979	0.987744	-2.17184	-0.592497	28.6965	
0.987937	-0.0032936	0.154823	-0.00338509	0.999076	0.0428541	-0.154821	-0.0428612	0.987012	-2.30119	-0.628286	29.5333	
0.987239	-0.00348674	0.159205	-0.00358629	0.99902	0.0441184	-0.159202	-0.0441264	0.986259	-2.43425	-0.665146	30.3694	
0.986523	-0.00368549	0.163582	-0.00379356	0.998962	0.0453845	-0.16358	-0.0453934	0.985485	-2.57103	-0.703079	31.2049	
0.985787	-0.00388986	0.167956	-0.00400692	0.998903	0.0466524	-0.167953	-0.0466623	0.98469	-2.71151	-0.742086	32.0398	
0.985031	-0.00409984	0.172326	-0.00422638	0.998842	0.047922	-0.172323	-0.047933	0.983874	-2.8557	-0.78217	32.8739	
0.984257	-0.00431546	0.176692	-0.00445197	0.998779	0.0491934	-0.176688	-0.0492055	0.983036	-3.00359	-0.823331	33.7074	
0.983463	-0.00453671	0.181054	-0.0046837	0.998715	0.0504664	-0.18105	-0.0504798	0.982178	-3.15518	-0.865572	34.5401	
0.98265	-0.00476359	0.185411	-0.00492159	0.998648	0.051741	-0.185407	-0.0517558	0.981298	-3.31046	-0.908893	35.3721	
0.981817	-0.00499613	0.189764	-0.00516566	0.99858	0.0530172	-0.18976	-0.0530335	0.980397	-3.46943	-0.953296	36.2034	
0.980965	-0.00523432	0.194113	-0.00541593	0.99851	0.054295	-0.194108	-0.0543128	0.979475	-3.63209	-0.998783	37.0338	
0.980094	-0.00547816	0.198457	-0.00567241	0.998438	0.0555743	-0.198452	-0.0555937	0.978533	-3.79843	-1.04535	37.8635	
0.979204	-0.00572767	0.202797	-0.00593513	0.998365	0.056855	-0.202791	-0.0568763	0.977569	-3.96845	-1.09301	38.6924	
0.978295	-0.00598285	0.207131	-0.00620409	0.998289	0.0581372	-0.207125	-0.0581604	0.976584	-4.14215	-1.14176	39.5204	
0.977366	-0.0062437	0.211461	-0.00647932	0.998212	0.0594209	-0.211454	-0.0594461	0.975578	-4.31952	-1.19159	40.3476	
0.976419	-0.00651022	0.215786	-0.00676084	0.998133	0.0607059	-0.215778	-0.0607333	0.974552	-4.50055	-1.24252	41.174	
0.975452	-0.00678243	0.220106	-0.00704865	0.998052	0.0619922	-0.220097	-0.0620219	0.973504	-4.68525	-1.29453	41.9994	
0.974467	-0.00706032	0.22442	-0.00734279	0.997969	0.0632798	-0.224411	-0.063312	0.972436	-4.87361	-1.34764	42.824	
0.973462	-0.00734391	0.22873	-0.00764325	0.997884	0.0645687	-0.22872	-0.0646034	0.971346	-5.06561	-1.40184	43.6477	
0.972439	-0.00763318	0.233034	-0.00795006	0.997797	0.0658588	-0.233023	-0.0658963	0.970236	-5.26127	-1.45714	44.4704	
0.971396	-0.00792816	0.237332	-0.00826324	0.997709	0.0671501	-0.237321	-0.0671905	0.969105	-5.46058	-1.51354	45.2922	
0.970335	-0.00822884	0.241625	-0.00858279	0.997618	0.0684426	-0.241612	-0.068486	0.967953	-5.66352	-1.57103	46.113	
0.969255	-0.00853522	0.245912	-0.00890874	0.997526	0.0697361	-0.245899	-0.0697828	0.96678	-5.87009	-1.62962	46.9328	
0.968156	-0.00884731	0.250193	-0.00924109	0.997431	0.0710308	-0.250179	-0.0710809	0.965587	-6.0803	-1.68931	47.7516	
0.967237	-0.00911431	0.253711	-0.0103389	0.997112	0.075236	-0.253664	-0.0753941	0.96435	-6.2938	-1.75137	48.5694	
0.966304	-0.00939775	0.257233	-0.0114532	0.996774	0.0794405	-0.25715	-0.0797098	0.963079	-6.51025	-1.8171	49.3861	
0.965355	-0.00969767	0.260759	-0.012584	0.996416	0.0836441	-0.260636	-0.0840277	0.961774	-6.72966	-1.88648	50.2018	
0.964392	-0.0100141	0.264288	-0.0137312	0.996039	0.0878463	-0.264121	-0.0883472	0.960435	-6.95202	-1.95952	51.0163	
0.963414	-0.0103472	0.26782	-0.0148948	0.995643	0.0920467	-0.267605	-0.0926682	0.959062	-7.17733	-2.03622	51.8296	
0.96242	-0.0106968	0.271353	-0.0160747	0.995228	0.096245	-0.271088	-0.0969901	0.957656	-7.40559	-2.11659	52.6418	
0.961412	-0.0110631	0.274889	-0.017271	0.994793	0.100441	-0.274568	-0.101313	0.956215	-7.63681	-2.20062	53.4528	
0.96039	-0.0114461	0.278425	-0.0184835	0.994339	0.104634	-0.278047	-0.105636	0.954741	-7.87097	-2.28831	54.2626	
0.959352	-0.0118458	0.281962	-0.0197122	0.993866	0.108824	-0.281522	-0.109958	0.953234	-8.10808	-2.37967	55.071	
0.9583	-0.0122622	0.2855	-0.0209572	0.993373	0.11301	-0.284993	-0.114281	0.951693	-8.34814	-2.47468	55.8782	
0.957234	-0.0126953	0.289037	-0.0222183	0.992861	0.117192	-0.288461	-0.118602	0.950118	-8.59113	-2.57336	56.6841	
0.956153	-0.0131452	0.292573	-0.0234954	0.992329	0.12137	-0.291924	-0.122922	0.94851	-8.83706	-2.67571	57.4886	
0.955058	-0.0136117	0.296108	-0.0247886	0.991778	0.125543	-0.295382	-0.127241	0.946868	-9.08593	-2.78171	58.2918	
0.953948	-0.014095	0.299641	-0.0260977	0.991208	0.129712	-0.298835	-0.131558	0.945193	-9.33772	-2.89138	59.0935	
0.952824	-0.014595	0.303172	-0.0274227	0.990619	0.133875	-0.302282	-0.135873	0.943485	-9.59244	-3.0047	59.8938	
0.951686	-0.0151116	0.3067	-0.0287635	0.99001	0.138032	-0.305722	-0.140185	0.941744	-9.85007	-3.12167	60.6926	
0.950534	-0.0156449	0.310225	-0.0301201	0.989382	0.142184	-0.309155	-0.144495	0.93997	-10.1106	-3.2423	61.49	
0.949369	-0.0161947	0.313746	-0.0314923	0.988735	0.146329	-0.312581	-0.148801	0.938164	-10.3741	-3.36658	62.2858	
0.948189	-0.0167612	0.317263	-0.0328801	0.988068	0.150467	-0.315999	-0.153103	0.936325	-10.6404	-3.49451	63.0801	
0.946997	-0.0173441	0.320775	-0.0342834	0.987382	0.154599	-0.319409	-0.157402	0.934453	-10.9097	-3.62608	63.8729	
0.94579	-0.0179435	0.324282	-0.0357021	0.986677	0.158723	-0.32281	-0.161697	0.932549	-11.1818	-3.7613	64.664	
0.94457	-0.0185594	0.327784	-0.0371361	0.985953	0.16284	-0.326202	-0.165987	0.930613	-11.4568	-3.90015	65.4535	
0.943338	-0.0191915	0.331279	-0.0385853	0.98521	0.166949	-0.329584	-0.170272	0.928645	-11.7347	-4.04264	66.2413	
0.942092	-0.0198399	0.334768	-0.0400496	0.984448	0.171049	-0.332955	-0.174552	0.926646	-12.0154	-4.18875	67.0275	
0.940833	-0.0205046	0.33825	-0.041529	0.983667	0.175141	-0.336316	-0.178826	0.924615	-12.299	-4.33849	67.8119	
0.939562	-0.0211853	0.341724	-0.0430232	0.982867	0.179225	-0.339666	-0.183095	0.922553	-12.5855	-4.49185	68.5946	
0.938278	-0.021882	0.34519	-0.0445323	0.982048	0.183298	-0.343004	-0.187357	0.920459	-12.8748	-4.64883	69.3756	
0.939804	-0.020996	0.341068	-0.0515811	0.977957	0.202334	-0.337798	-0.207747	0.918006	-13.1632	-4.81625	70.1546	
0.941307	-0.0200188	0.336957	-0.0585206	0.973445	0.221313	-0.332439	-0.228043	0.91514	-13.4473	-5.00092	70.9314	
0.942786	-0.0189507	0.33286	-0.0653476	0.968514	0.24023	-0.326932	-0.248237	0.911863	-13.7267	-5.20274	71.7056	
0.94424	-0.0177923	0.328778	-0.072059	0.963166	0.259074	-0.321277	-0.268319	0.908177	-14.0014	-5.42164	72.4769	
0.945668	-0.0165441	0.324714	-0.0786518	0.957403	0.277838	-0.315479	-0.288282	0.904083	-14.2712	-5.6575	73.2448	
0.947069	-0.0152067	0.320669	-0.0851231	0.951228	0.296513	-0.309539	-0.308114	0.899584	-14.536	-5.91022	74.0092	
0.948444	-0.0137806	0.316646	-0.0914699	0.944644	0.31509	-0.30346	-0.327809	0.894681	-14.7958	-6.1797	74.7695	
0.949791	-0.0122666	0.312645	-0.0976895	0.937653	0.333562	-0.297244	-0.347356	0.889376	-15.0503	-6.4658	75.5255	
0.95111	-0.0106652	0.308669	-0.103779	0.930259	0.351919	-0.290895	-0.366747	0.883672	-15.2996	-6.7684	76.2768	
0.9524	-0.00897721	0.304719	-0.109736	0.922466	0.370155	-0.284416	-0.385974	0.877571	-15.5434	-7.08737	77.0231	
0.953661	-0.00720338	0.300798	-0.115557	0.914276	0.38826	-0.277809	-0.405027	0.871077	-15.7816	-7.42256	77.7641	
0.954892	-0.00534451	0.296907	-0.12124	0.905694	0.406226	-0.271077	-0.423899	0.864191	-16.0142	-7.77382	78.4995	
0.956092	-0.00340142	0.293047	-0.126782	0.896722	0.424046	-0.264224	-0.442581	0.856918	-16.241	-8.14099	79.2288	
0.957261	-0.00137499	0.289221	-0.132181	0.887366	0.441712	-0.257252	-0.461063	0.84926	-16.462	-8.52392	79.9518	
0.958399	0.000733874	0.28543	-0.137435	0.877629	0.459215	-0.250165	-0.479339	0.84122	-16.677	-8.92241	80.6681	
