1	0	0	0	1	0	0	0	1	0	0	0	
0.999988	1.18176e-06	0.00487556	1.18176e-06	1	-0.000484767	-0.00487556	0.000484767	0.999988	-0.00210905	0.000209699	0.865148	
0.999952	4.73419e-06	0.00975076	4.749e-06	1	-0.000972536	-0.00975076	0.000972536	0.999952	-0.00843606	0.000840094	1.73028	
0.999893	1.06716e-05	0.0146255	1.07309e-05	0.999999	-0.00146329	-0.0146255	0.00146329	0.999892	-0.0189806	0.00189378	2.59536	
0.99981	1.90084e-05	0.0194996	1.91565e-05	0.999998	-0.00195703	-0.0194996	0.00195703	0.999808	-0.0337423	0.00337333	3.46038	
0.999703	2.97586e-05	0.0243729	3.00549e-05	0.999997	-0.00245373	-0.0243729	0.00245373	0.9997	-0.0527205	0.00528132	4.32532	
0.999572	4.29366e-05	0.0292454	4.3455e-05	0.999996	-0.00295338	-0.0292454	0.00295339	0.999568	-0.0759146	0.00762031	5.19016	
0.999418	5.85563e-05	0.034117	5.93857e-05	0.999994	-0.00345597	-0.034117	0.00345598	0.999412	-0.103324	0.0103929	6.05487	
0.99924	7.66318e-05	0.0389874	7.78759e-05	0.999992	-0.00396148	-0.0389874	0.0039615	0.999232	-0.134947	0.0136015	6.91944	
0.999038	9.71771e-05	0.0438567	9.89542e-05	0.99999	-0.0044699	-0.0438567	0.00446994	0.999028	-0.170783	0.0172487	7.78384	
0.998812	0.000120206	0.0487246	0.000122649	0.999988	-0.00498123	-0.0487246	0.00498129	0.9988	-0.210832	0.0213371	8.64805	
0.998563	0.000145732	0.0535911	0.00014899	0.999985	-0.00549543	-0.053591	0.00549552	0.998548	-0.255091	0.0258691	9.51206	
0.99829	0.00017377	0.0584559	0.000178004	0.999982	-0.00601251	-0.0584559	0.00601263	0.998272	-0.30356	0.0308473	10.3758	
0.997993	0.000204332	0.0633191	0.000209721	0.999979	-0.00653244	-0.0633191	0.00653261	0.997972	-0.356237	0.0362741	11.2394	
0.997673	0.000237433	0.0681805	0.000244169	0.999975	-0.00705521	-0.0681805	0.00705544	0.997648	-0.413121	0.0421519	12.1026	
0.997329	0.000273086	0.07304	0.000281375	0.999971	-0.00758081	-0.07304	0.00758111	0.9973	-0.47421	0.0484834	12.9656	
0.996961	0.000311304	0.0778974	0.000321369	0.999967	-0.00810921	-0.0778974	0.00810961	0.996928	-0.539501	0.0552708	13.8282	
0.99657	0.000352102	0.0827526	0.000364178	0.999963	-0.00864042	-0.0827526	0.00864092	0.996533	-0.608995	0.0625167	14.6906	
0.996155	0.000395491	0.0876056	0.00040983	0.999958	-0.0091744	-0.0876055	0.00917503	0.996113	-0.682688	0.0702234	15.5525	
0.995717	0.000441486	0.0924561	0.000458353	0.999953	-0.00971115	-0.092456	0.00971193	0.995669	-0.760578	0.0783935	16.4141	
0.995255	0.0004901	0.0973041	0.000509775	0.999947	-0.0102506	-0.097304	0.0102516	0.995202	-0.842664	0.0870293	17.2753	
0.994769	0.000541345	0.102149	0.000564124	0.999942	-0.0107929	-0.102149	0.010794	0.994711	-0.928943	0.0961331	18.1361	
0.99426	0.000595235	0.106992	0.000621427	0.999936	-0.0113378	-0.106992	0.0113392	0.994195	-1.01941	0.105707	18.9965	
0.993727	0.000651783	0.111832	0.000681711	0.999929	-0.0118855	-0.111832	0.0118871	0.993656	-1.11407	0.115755	19.8564	
0.993171	0.000711001	0.116668	0.000745006	0.999922	-0.0124358	-0.116668	0.0124378	0.993093	-1.21291	0.126277	20.7158	
0.992591	0.000772903	0.121502	0.000811336	0.999915	-0.0129888	-0.121502	0.0129911	0.992506	-1.31594	0.137277	21.5747	
0.991988	0.000837501	0.126332	0.000880731	0.999908	-0.0135444	-0.126332	0.0135472	0.991895	-1.42315	0.148757	22.4331	
0.991361	0.000904808	0.131159	0.000953216	0.9999	-0.0141027	-0.131159	0.0141059	0.991261	-1.53453	0.160719	23.291	
0.990711	0.000974837	0.135983	0.00102882	0.999892	-0.0146636	-0.135982	0.0146673	0.990603	-1.65009	0.173165	24.1483	
0.990037	0.0010476	0.140803	0.00110757	0.999883	-0.0152271	-0.140802	0.0152313	0.989921	-1.76982	0.186099	25.005	
0.98934	0.00112311	0.145619	0.00118949	0.999875	-0.0157931	-0.145618	0.015798	0.989215	-1.89372	0.199521	25.8612	
0.98862	0.00120138	0.150431	0.00127461	0.999865	-0.0163617	-0.150431	0.0163673	0.988485	-2.02179	0.213435	26.7167	
0.987876	0.00128241	0.15524	0.00136295	0.999856	-0.0169329	-0.155239	0.0169392	0.987732	-2.15401	0.227843	27.5715	
0.987109	0.00136624	0.160044	0.00145455	0.999846	-0.0175066	-0.160043	0.0175137	0.986955	-2.29039	0.242746	28.4257	
0.986319	0.00145285	0.164844	0.00154942	0.999835	-0.0180828	-0.164843	0.0180908	0.986154	-2.43093	0.258148	29.2793	
0.985505	0.00154228	0.16964	0.0016476	0.999825	-0.0186614	-0.169639	0.0186704	0.985329	-2.57562	0.27405	30.1321	
0.984668	0.00163452	0.174431	0.0017491	0.999813	-0.0192426	-0.17443	0.0192526	0.984481	-2.72446	0.290455	30.9842	
0.983808	0.0017296	0.179218	0.00185397	0.999802	-0.0198261	-0.179217	0.0198374	0.98361	-2.87744	0.307364	31.8355	
0.982925	0.00182752	0.184	0.00196221	0.99979	-0.0204122	-0.183999	0.0204247	0.982714	-3.03456	0.324781	32.6861	
0.982018	0.00192829	0.188778	0.00207387	0.999777	-0.0210006	-0.188776	0.0210144	0.981795	-3.19581	0.342706	33.5359	
0.981088	0.00203193	0.19355	0.00218896	0.999764	-0.0215914	-0.193548	0.0216067	0.980853	-3.36119	0.361143	34.3849	
0.980135	0.00213845	0.198318	0.00230751	0.999751	-0.0221845	-0.198316	0.0222015	0.979887	-3.53071	0.380093	35.2331	
0.97916	0.00224786	0.20308	0.00242954	0.999738	-0.0227801	-0.203078	0.0227987	0.978897	-3.70434	0.399559	36.0804	
0.978161	0.00236017	0.207837	0.00255508	0.999723	-0.0233779	-0.207835	0.0233984	0.977884	-3.88209	0.419543	36.9269	
0.977139	0.00247539	0.212589	0.00268416	0.999709	-0.023978	-0.212586	0.0240005	0.976848	-4.06395	0.440047	37.7724	
0.976094	0.00259353	0.217335	0.0028168	0.999694	-0.0245805	-0.217332	0.024605	0.975788	-4.24993	0.461073	38.6171	
0.975026	0.00271461	0.222076	0.00295302	0.999678	-0.0251852	-0.222073	0.025212	0.974704	-4.44	0.482622	39.4608	
0.973935	0.00283864	0.226811	0.00309286	0.999663	-0.0257921	-0.226807	0.0258213	0.973597	-4.63418	0.504698	40.3036	
0.972821	0.00296562	0.23154	0.00323633	0.999646	-0.0264012	-0.231536	0.026433	0.972467	-4.83245	0.527302	41.1454	
0.971684	0.00309557	0.236263	0.00338346	0.999629	-0.0270126	-0.236259	0.0270471	0.971314	-5.0348	0.550436	41.9863	
0.970525	0.0032285	0.24098	0.00353427	0.999612	-0.0276261	-0.240976	0.0276635	0.970137	-5.24124	0.574103	42.8261	
0.969342	0.00336442	0.245691	0.00368879	0.999594	-0.0282418	-0.245686	0.0282823	0.968937	-5.45176	0.598304	43.6649	
0.968137	0.00350334	0.250396	0.00384704	0.999576	-0.0288596	-0.250391	0.0289033	0.967713	-5.66635	0.623041	44.5027	
0.966909	0.00364527	0.255094	0.00400905	0.999557	-0.0294795	-0.255088	0.0295267	0.966467	-5.88501	0.648316	45.3393	
0.965659	0.00379023	0.259786	0.00417484	0.999538	-0.0301015	-0.25978	0.0301524	0.965197	-6.10773	0.674132	46.1749	
0.964386	0.00393821	0.264471	0.00434443	0.999518	-0.0307256	-0.264464	0.0307803	0.963904	-6.33451	0.70049	47.0094	
0.96309	0.00408923	0.269149	0.00451785	0.999498	-0.0313517	-0.269142	0.0314105	0.962588	-6.56533	0.727392	47.8428	
0.961771	0.00424331	0.273821	0.00469512	0.999477	-0.0319798	-0.273813	0.0320429	0.961249	-6.8002	0.754841	48.675	
0.96043	0.00440045	0.278485	0.00487627	0.999456	-0.0326099	-0.278477	0.0326775	0.959887	-7.03911	0.782837	49.506	
0.959079	0.00456689	0.283101	0.00595424	0.999323	-0.0362923	-0.283075	0.0364929	0.958403	-7.28203	0.812759	50.3358	
0.957703	0.00475207	0.287719	0.00705069	0.999176	-0.0399717	-0.287672	0.0403097	0.95688	-7.52892	0.845982	51.1643	
0.956302	0.00495603	0.292338	0.00816559	0.999014	-0.0436478	-0.292266	0.0441276	0.955318	-7.77979	0.882508	51.9915	
0.954877	0.00517885	0.296958	0.00929891	0.998836	-0.0473203	-0.296857	0.0479465	0.953717	-8.03463	0.922337	52.8173	
0.953426	0.00542056	0.301577	0.0104506	0.998645	-0.0509889	-0.301445	0.0517658	0.952077	-8.29344	0.96547	53.6417	
0.951951	0.00568121	0.306197	0.0116207	0.998438	-0.0546533	-0.306029	0.0555855	0.950398	-8.55622	1.01191	54.4647	
0.950452	0.00596083	0.310815	0.0128091	0.998216	-0.0583132	-0.310608	0.0594052	0.94868	-8.82296	1.06165	55.2862	
0.948928	0.00625947	0.315431	0.0140157	0.99798	-0.0619684	-0.315182	0.0632245	0.946923	-9.09366	1.1147	56.1062	
0.94738	0.00657713	0.320045	0.0152406	0.997728	-0.0656185	-0.319749	0.0670433	0.945127	-9.36832	1.17105	56.9246	
0.945807	0.00691384	0.324656	0.0164837	0.997462	-0.0692633	-0.324311	0.0708612	0.943293	-9.64693	1.2307	57.7415	
0.94421	0.00726961	0.329263	0.0177449	0.997181	-0.0729025	-0.328865	0.074678	0.94142	-9.92948	1.29366	58.5568	
0.94259	0.00764445	0.333866	0.0190242	0.996885	-0.0765358	-0.333411	0.0784934	0.939508	-10.216	1.35992	59.3704	
0.940945	0.00803835	0.338464	0.0203216	0.996575	-0.0801631	-0.337949	0.0823072	0.937559	-10.5064	1.42948	60.1824	
0.939277	0.00845132	0.343057	0.0216369	0.996249	-0.0837839	-0.342478	0.086119	0.935571	-10.8007	1.50233	60.9927	
0.937585	0.00888333	0.347643	0.0229701	0.995909	-0.0873982	-0.346997	0.0899286	0.933545	-11.099	1.57849	61.8012	
0.935869	0.00933437	0.352223	0.0243211	0.995553	-0.0910055	-0.351507	0.0937357	0.931481	-11.4011	1.65794	62.608	
0.934131	0.00980441	0.356796	0.0256899	0.995183	-0.0946057	-0.356005	0.0975401	0.929379	-11.7072	1.74068	63.413	
0.932369	0.0102934	0.361361	0.0270765	0.994798	-0.0981985	-0.360492	0.101342	0.927241	-12.0171	1.82671	64.2161	
0.930584	0.0108014	0.365918	0.0284806	0.994399	-0.101784	-0.364968	0.10514	0.925064	-12.3309	1.91603	65.0174	
0.928777	0.0113282	0.370466	0.0299023	0.993984	-0.105361	-0.369431	0.108935	0.922851	-12.6486	2.00863	65.8167	
0.926947	0.0118739	0.375004	0.0313414	0.993555	-0.10893	-0.373881	0.112725	0.920601	-12.9702	2.10452	66.6142	
0.925095	0.0124384	0.379532	0.0327979	0.993111	-0.112491	-0.378317	0.116512	0.918314	-13.2955	2.20368	67.4096	
0.923221	0.0130216	0.38405	0.0342717	0.992653	-0.116043	-0.382739	0.120295	0.915991	-13.6248	2.30612	68.2031	
0.921324	0.0136234	0.388556	0.0357627	0.99218	-0.119586	-0.387146	0.124073	0.913632	-13.9578	2.41183	68.9946	
0.919407	0.0142439	0.39305	0.0372707	0.991692	-0.12312	-0.391538	0.127847	0.911237	-14.2946	2.5208	69.784	
0.919204	0.0143158	0.393522	0.0457326	0.988696	-0.142791	-0.391118	0.149251	0.908158	-14.6332	2.64067	70.571	
0.919001	0.0143987	0.393992	0.0541834	0.985238	-0.162391	-0.390514	0.170585	0.904654	-14.9713	2.77903	71.3552	
0.918798	0.0144927	0.394461	0.0626191	0.981319	-0.18191	-0.389728	0.191839	0.900727	-15.3089	2.93581	72.1362	
0.918597	0.0145978	0.394927	0.0710359	0.976942	-0.20134	-0.38876	0.213004	0.896379	-15.6456	3.11095	72.9136	
0.918395	0.0147138	0.395391	0.0794298	0.972109	-0.220671	-0.38761	0.234069	0.891611	-15.9815	3.30435	73.6871	
0.918194	0.0148406	0.395852	0.0877968	0.966821	-0.239895	-0.386278	0.255024	0.886426	-16.3163	3.51592	74.4563	
0.917994	0.0149784	0.396311	0.0961331	0.961081	-0.259002	-0.384766	0.275861	0.880827	-16.6498	3.74558	75.2208	
0.917795	0.0151269	0.396766	0.104435	0.954892	-0.277983	-0.383074	0.296568	0.874815	-16.982	3.99321	75.9803	
0.917597	0.0152861	0.397218	0.112698	0.948257	-0.29683	-0.381202	0.317136	0.868395	-17.3126	4.25869	76.7344	
0.9174	0.0154559	0.397667	0.120919	0.941179	-0.315534	-0.379153	0.337556	0.861568	-17.6415	4.54191	77.4827	
0.917203	0.0156363	0.398112	0.129093	0.93366	-0.334086	-0.376926	0.357818	0.854338	-17.9686	4.84272	78.225	
0.917008	0.0158272	0.398554	0.137218	0.925706	-0.352477	-0.374522	0.377913	0.846708	-18.2937	5.16099	78.9609	
0.916815	0.0160284	0.398991	0.145288	0.917319	-0.370699	-0.371943	0.397831	0.838683	-18.6166	5.49657	79.69	
0.916623	0.01624	0.399424	0.153301	0.908503	-0.388743	-0.369191	0.417563	0.830265	-18.9372	5.84931	80.4119	
0.916432	0.0164617	0.399852	0.161253	0.899263	-0.406601	-0.366266	0.437099	0.821458	-19.2553	6.21903	81.1265	
0.916243	0.0166935	0.400276	0.169139	0.889602	-0.424264	-0.363169	0.456431	0.812268	-19.5709	6.60556	81.8332	
