1	0	0	0	1	0	0	0	1	0	0	0	
0.999998	4.64494e-08	0.0019254	4.64494e-08	1	-4.82491e-05	-0.0019254	4.82491e-05	0.999998	-0.000945196	2.36859e-05	0.981818	
0.999993	1.85349e-07	0.00385448	1.83742e-07	1	-9.57559e-05	-0.00385448	9.57559e-05	0.999993	-0.00378259	9.43793e-05	1.96363	
0.999983	4.15603e-07	0.00578717	4.09163e-07	1	-0.000142515	-0.00578717	0.000142515	0.999983	-0.00851577	0.000211349	2.94544	
0.99997	7.36085e-07	0.00772336	7.19956e-07	1	-0.000188522	-0.00772336	0.000188522	0.99997	-0.0151482	0.000373858	3.92723	
0.999953	1.14564e-06	0.00966296	1.11332e-06	1	-0.00023377	-0.00966296	0.00023377	0.999953	-0.0236833	0.000581165	4.90901	
0.999933	1.64309e-06	0.0116059	1.58643e-06	1	-0.000278256	-0.0116059	0.000278256	0.999933	-0.0341244	0.000832523	5.89078	
0.999908	2.22721e-06	0.0135521	2.1364e-06	1	-0.000321974	-0.0135521	0.000321973	0.999908	-0.0464747	0.00112718	6.87252	
0.99988	2.89676e-06	0.0155014	2.76032e-06	1	-0.000364919	-0.0155014	0.000364918	0.99988	-0.0607373	0.00146438	7.85423	
0.999848	3.65049e-06	0.0174538	3.45525e-06	1	-0.000407087	-0.0174538	0.000407086	0.999848	-0.0769153	0.00184337	8.83592	
0.999812	4.48709e-06	0.0194091	4.21819e-06	1	-0.000448474	-0.0194091	0.000448471	0.999812	-0.0950116	0.00226337	9.81757	
0.999772	5.40524e-06	0.0213673	5.04613e-06	1	-0.000489074	-0.0213673	0.00048907	0.999772	-0.115029	0.00272361	10.7992	
0.999728	6.40359e-06	0.0233284	5.93601e-06	1	-0.000528884	-0.0233284	0.000528878	0.999728	-0.136971	0.00322333	11.7808	
0.99968	7.48078e-06	0.0252921	6.88476e-06	1	-0.000567899	-0.0252921	0.000567891	0.99968	-0.160839	0.00376175	12.7623	
0.999628	8.6354e-06	0.0272584	7.88925e-06	1	-0.000606115	-0.0272584	0.000606105	0.999628	-0.186636	0.00433807	13.7438	
0.999573	9.86604e-06	0.0292272	8.94634e-06	1	-0.000643529	-0.0292272	0.000643515	0.999573	-0.214366	0.00495152	14.7252	
0.999513	1.11712e-05	0.0311985	1.00528e-05	1	-0.000680136	-0.0311985	0.000680118	0.999513	-0.244029	0.00560131	15.7066	
0.99945	1.25496e-05	0.0331721	1.12056e-05	1	-0.000715932	-0.0331721	0.00071591	0.999449	-0.275629	0.00628663	16.6879	
0.999382	1.39995e-05	0.0351479	1.24013e-05	1	-0.000750915	-0.0351479	0.000750887	0.999382	-0.309168	0.0070067	17.6691	
0.999311	1.55195e-05	0.0371259	1.36367e-05	1	-0.000785081	-0.0371259	0.000785046	0.99931	-0.344648	0.0077607	18.6503	
0.999235	1.71081e-05	0.0391059	1.49086e-05	1	-0.000818425	-0.0391059	0.000818382	0.999235	-0.382071	0.00854784	19.6314	
0.999156	1.87637e-05	0.0410879	1.62136e-05	1	-0.000850946	-0.0410879	0.000850893	0.999155	-0.421439	0.0093673	20.6124	
0.999072	2.04847e-05	0.0430718	1.75485e-05	1	-0.000882639	-0.0430718	0.000882576	0.999072	-0.462754	0.0102183	21.5934	
0.998984	2.22696e-05	0.0450575	1.89098e-05	1	-0.000913502	-0.0450575	0.000913426	0.998984	-0.506017	0.0111	22.5742	
0.998893	2.41167e-05	0.0470449	2.02941e-05	1	-0.000943532	-0.0470449	0.000943442	0.998892	-0.551231	0.0120115	23.555	
0.998797	2.60244e-05	0.0490338	2.16982e-05	1	-0.000972726	-0.0490338	0.00097262	0.998797	-0.598397	0.0129521	24.5357	
0.998697	2.7991e-05	0.0510243	2.31186e-05	0.999999	-0.00100108	-0.0510243	0.00100096	0.998697	-0.647517	0.013921	25.5163	
0.998594	3.0015e-05	0.0530162	2.45518e-05	0.999999	-0.0010286	-0.0530162	0.00102845	0.998593	-0.698591	0.0149172	26.4968	
0.998486	3.20945e-05	0.0550095	2.59945e-05	0.999999	-0.00105527	-0.0550095	0.0010551	0.998485	-0.751622	0.0159401	27.4772	
0.998374	3.4228e-05	0.0570039	2.74431e-05	0.999999	-0.00108109	-0.0570039	0.0010809	0.998373	-0.80661	0.0169886	28.4574	
0.998258	3.64136e-05	0.0589996	2.88942e-05	0.999999	-0.00110607	-0.0589996	0.00110584	0.998257	-0.863557	0.0180621	29.4376	
0.998138	3.86497e-05	0.0609962	3.03443e-05	0.999999	-0.00113019	-0.0609962	0.00112994	0.998137	-0.922464	0.0191597	30.4176	
0.998014	4.09345e-05	0.0629939	3.179e-05	0.999999	-0.00115347	-0.0629939	0.00115318	0.998013	-0.983332	0.0202805	31.3976	
0.997886	4.32663e-05	0.0649924	3.32276e-05	0.999999	-0.00117589	-0.0649924	0.00117556	0.997885	-1.04616	0.0214237	32.3774	
0.997754	4.56433e-05	0.0669917	3.46538e-05	0.999999	-0.00119745	-0.0669917	0.00119708	0.997753	-1.11095	0.0225884	33.3571	
0.997617	4.80637e-05	0.0689916	3.60649e-05	0.999999	-0.00121816	-0.0689916	0.00121774	0.997616	-1.17771	0.0237739	34.3366	
0.997477	5.05257e-05	0.0709922	3.74575e-05	0.999999	-0.001238	-0.0709922	0.00123754	0.997476	-1.24643	0.0249792	35.316	
0.997332	5.30275e-05	0.0729933	3.8828e-05	0.999999	-0.00125699	-0.0729933	0.00125647	0.997332	-1.31711	0.0262036	36.2953	
0.997184	5.55674e-05	0.0749948	4.01729e-05	0.999999	-0.00127512	-0.0749948	0.00127454	0.997183	-1.38976	0.0274461	37.2744	
0.997031	5.81434e-05	0.0769966	4.14886e-05	0.999999	-0.00129238	-0.0769966	0.00129174	0.997031	-1.46438	0.0287059	38.2534	
0.996875	6.07538e-05	0.0789986	4.27716e-05	0.999999	-0.00130878	-0.0789986	0.00130807	0.996874	-1.54096	0.0299821	39.2322	
0.996714	6.33968e-05	0.0810008	4.40184e-05	0.999999	-0.00132431	-0.0810008	0.00132353	0.996713	-1.6195	0.031274	40.2109	
0.996549	6.60704e-05	0.083003	4.52254e-05	0.999999	-0.00133898	-0.083003	0.00133812	0.996548	-1.70001	0.0325806	41.1894	
0.996381	6.87728e-05	0.0850052	4.6389e-05	0.999999	-0.00135279	-0.0850052	0.00135183	0.99638	-1.78249	0.0339012	42.1677	
0.996208	7.15022e-05	0.0870072	4.75058e-05	0.999999	-0.00136572	-0.0870072	0.00136468	0.996207	-1.86693	0.0352347	43.1459	
0.996031	7.42567e-05	0.089009	4.85721e-05	0.999999	-0.00137779	-0.0890091	0.00137665	0.99603	-1.95334	0.0365805	44.1239	
0.99585	7.70345e-05	0.0910105	4.95845e-05	0.999999	-0.00138899	-0.0910106	0.00138774	0.995849	-2.04171	0.0379375	45.1018	
0.995665	7.98336e-05	0.0930116	5.05395e-05	0.999999	-0.00139933	-0.0930116	0.00139796	0.995664	-2.13205	0.0393051	46.0794	
0.995476	8.26521e-05	0.0950122	5.14334e-05	0.999999	-0.0014088	-0.0950122	0.00140731	0.995475	-2.22435	0.0406822	47.0569	
0.995283	8.54883e-05	0.0970122	5.22629e-05	0.999999	-0.0014174	-0.0970122	0.00141578	0.995282	-2.31862	0.0420681	48.0342	
0.995086	8.83402e-05	0.0990115	5.30244e-05	0.999999	-0.00142513	-0.0990115	0.00142337	0.995085	-2.41485	0.0434618	49.0112	
0.994885	9.1206e-05	0.10101	5.37144e-05	0.999999	-0.00143199	-0.10101	0.00143009	0.994884	-2.51304	0.0448626	49.9881	
0.994681	9.40837e-05	0.103008	5.43294e-05	0.999999	-0.00143799	-0.103008	0.00143594	0.99468	-2.6132	0.0462696	50.9648	
0.994472	9.69715e-05	0.105004	5.48661e-05	0.999999	-0.00144312	-0.105004	0.0014409	0.994471	-2.71531	0.0476819	51.9413	
0.994259	9.98674e-05	0.107	5.53209e-05	0.999999	-0.00144739	-0.107	0.001445	0.994258	-2.81939	0.0490986	52.9176	
0.994042	0.00010277	0.108995	5.56904e-05	0.999999	-0.00145079	-0.108995	0.00144822	0.994041	-2.92542	0.0505189	53.8937	
0.993822	0.000105676	0.110988	5.59712e-05	0.999999	-0.00145333	-0.110988	0.00145056	0.993821	-3.03341	0.0519419	54.8695	
0.993597	0.000108586	0.11298	5.61599e-05	0.999999	-0.001455	-0.11298	0.00145203	0.993596	-3.14336	0.0533668	55.8452	
0.993369	0.000111496	0.11497	5.62531e-05	0.999999	-0.00145581	-0.114971	0.00145263	0.993368	-3.25526	0.0547927	56.8206	
0.993137	0.000114404	0.11696	5.62475e-05	0.999999	-0.00145577	-0.11696	0.00145235	0.993136	-3.36912	0.0562188	57.7958	
0.992901	0.00011731	0.118947	5.61397e-05	0.999999	-0.00145486	-0.118947	0.00145121	0.9929	-3.48493	0.0576442	58.7708	
0.992661	0.000120211	0.120933	5.59264e-05	0.999999	-0.00145309	-0.120933	0.00144919	0.99266	-3.60269	0.059068	59.7455	
0.992417	0.000123105	0.122917	5.56044e-05	0.999999	-0.00145047	-0.122917	0.00144631	0.992416	-3.7224	0.0604895	60.72	
0.992169	0.00012599	0.124899	5.51703e-05	0.999999	-0.00144699	-0.124899	0.00144255	0.992168	-3.84405	0.0619076	61.6942	
0.991752	0.000125189	0.128173	-0.000371257	0.999998	0.00189592	-0.128173	-0.00192787	0.99175	-3.96829	0.0616694	62.6682	
0.991323	0.000113264	0.131446	-0.000808738	0.999986	0.00523759	-0.131443	-0.00529845	0.99131	-4.09573	0.0581219	63.6417	
0.990884	9.02167e-05	0.134716	-0.00125727	0.999962	0.00857799	-0.134711	-0.00866917	0.990847	-4.22639	0.0512651	64.6147	
0.990434	5.60531e-05	0.137985	-0.00171685	0.999928	0.0119171	-0.137974	-0.01204	0.990363	-4.36026	0.0410987	65.5873	
0.989974	1.07825e-05	0.14125	-0.00218748	0.999881	0.0152549	-0.141233	-0.0154109	0.989856	-4.49732	0.0276228	66.5594	
0.989503	-4.55825e-05	0.144513	-0.00266914	0.999824	0.0185914	-0.144488	-0.018782	0.989328	-4.63758	0.0108372	67.531	
0.989021	-0.000113026	0.147772	-0.00316184	0.999755	0.0219265	-0.147738	-0.022153	0.988778	-4.78104	-0.00925823	68.5021	
0.98853	-0.000191527	0.151027	-0.00366557	0.999674	0.0252603	-0.150983	-0.0255241	0.988207	-4.92769	-0.0326634	69.4726	
0.988027	-0.000281064	0.154278	-0.00418032	0.999582	0.0285927	-0.154222	-0.0288953	0.987614	-5.07751	-0.0593785	70.4426	
0.987515	-0.00038161	0.157524	-0.00470609	0.999479	0.0319236	-0.157454	-0.0322664	0.986999	-5.23052	-0.0894033	71.4119	
0.986072	-0.000771272	0.166317	-0.00840581	0.99848	0.0544673	-0.166106	-0.0551067	0.984567	-5.38937	-0.132298	72.3798	
0.984552	-0.00136451	0.175085	-0.0123022	0.996959	0.0769486	-0.174658	-0.0779139	0.981542	-5.55666	-0.197602	73.3451	
0.982957	-0.00216097	0.183824	-0.016393	0.994917	0.099354	-0.183104	-0.100674	0.977925	-5.7323	-0.285277	74.307	
0.981286	-0.00316016	0.192528	-0.0206757	0.992355	0.12167	-0.19144	-0.123374	0.973719	-5.91617	-0.39527	75.2652	
0.979542	-0.0043615	0.201191	-0.0251478	0.989275	0.143883	-0.199661	-0.145999	0.968927	-6.10818	-0.527514	76.2189	
0.977725	-0.00576424	0.20981	-0.0298064	0.985679	0.16598	-0.207762	-0.168536	0.963551	-6.3082	-0.681929	77.1676	
0.975837	-0.00736755	0.218378	-0.0346489	0.981568	0.187947	-0.215737	-0.190972	0.957594	-6.51611	-0.858424	78.1107	
0.973877	-0.00917047	0.22689	-0.0396722	0.976945	0.209771	-0.223583	-0.213293	0.951061	-6.73178	-1.05689	79.0478	
0.971849	-0.0111719	0.235341	-0.0448734	0.971814	0.231439	-0.231293	-0.235485	0.943955	-6.9551	-1.27721	79.9781	
0.969752	-0.0133706	0.243726	-0.0502494	0.966176	0.252939	-0.238865	-0.257535	0.93628	-7.18591	-1.51925	80.9012	
0.967588	-0.0157654	0.252041	-0.0557969	0.960037	0.274256	-0.246292	-0.27943	0.92804	-7.42409	-1.78287	81.8164	
0.965359	-0.0183546	0.260279	-0.0615125	0.953398	0.295379	-0.253571	-0.301157	0.919242	-7.66949	-2.0679	82.7233	
0.963065	-0.0211369	0.268437	-0.0673929	0.946264	0.316294	-0.260698	-0.322702	0.90989	-7.92196	-2.37417	83.6213	
0.960709	-0.0241105	0.276508	-0.0734344	0.93864	0.336989	-0.267667	-0.344053	0.89999	-8.18136	-2.7015	84.5098	
0.958291	-0.0272735	0.284489	-0.0796335	0.930531	0.357451	-0.274475	-0.365197	0.889547	-8.44751	-3.0497	85.3884	
0.955813	-0.0306242	0.292375	-0.0859864	0.92194	0.377668	-0.281117	-0.386121	0.878569	-8.72027	-3.41854	86.2564	
0.953277	-0.0341605	0.30016	-0.0924892	0.912873	0.397629	-0.287591	-0.406812	0.867062	-8.99947	-3.80782	87.1134	
0.950684	-0.0378802	0.30784	-0.0991381	0.903336	0.41732	-0.293891	-0.427258	0.855032	-9.28494	-4.21729	87.9588	
0.948035	-0.0417812	0.31541	-0.105929	0.893334	0.43673	-0.300014	-0.447446	0.842486	-9.57651	-4.64672	88.7922	
0.945333	-0.045861	0.322867	-0.112858	0.882874	0.455847	-0.305956	-0.467365	0.829434	-9.874	-5.09583	89.613	
0.942578	-0.0501173	0.330204	-0.119921	0.871961	0.47466	-0.311714	-0.487003	0.815881	-10.1772	-5.56436	90.4207	
0.939773	-0.0545473	0.337419	-0.127113	0.860603	0.493158	-0.317284	-0.506347	0.801838	-10.486	-6.05203	91.2149	
0.936919	-0.0591486	0.344506	-0.13443	0.848806	0.511329	-0.322663	-0.525386	0.787311	-10.8002	-6.55854	91.9951	
0.934018	-0.0639183	0.351462	-0.141868	0.836577	0.529162	-0.327848	-0.544108	0.772309	-11.1196	-7.08359	92.7608	
0.931071	-0.0688535	0.358281	-0.149423	0.823923	0.546647	-0.332835	-0.562503	0.756843	-11.4439	-7.62686	93.5115	
0.928081	-0.0739513	0.364961	-0.157089	0.810853	0.563773	-0.337621	-0.580559	0.74092	-11.7731	-8.18803	94.2468	
