1	0	0	0	1	0	0	0	1	0	0	0	
1	6.06567e-07	-0.000926933	6.06567e-07	0.999999	0.00130876	0.000926933	-0.00130876	0.999999	0.000343621	-0.000485167	0.741414	
0.999998	2.4342e-06	-0.00185675	2.43493e-06	0.999997	0.00262238	0.00185675	-0.00262238	0.999995	0.00137555	-0.00194247	1.48283	
0.999996	5.49488e-06	-0.00278942	5.49782e-06	0.999992	0.00394083	0.00278942	-0.00394083	0.999988	0.00309792	-0.0043755	2.22423	
0.999993	9.80054e-06	-0.00372492	9.8079e-06	0.999986	0.00526407	0.00372492	-0.00526407	0.999979	0.00551283	-0.00778782	2.96564	
0.999989	1.5363e-05	-0.00466322	1.53777e-05	0.999978	0.00659206	0.00466322	-0.00659206	0.999967	0.00862237	-0.012183	3.70703	
0.999984	2.21939e-05	-0.00560428	2.22198e-05	0.999969	0.00792478	0.00560428	-0.00792478	0.999953	0.0124286	-0.0175645	4.44842	
0.999979	3.03049e-05	-0.00654809	3.03466e-05	0.999957	0.00926218	0.00654809	-0.00926218	0.999936	0.0169336	-0.0239358	5.18979	
0.999972	3.97076e-05	-0.0074946	3.97702e-05	0.999944	0.0106042	0.0074946	-0.0106042	0.999916	0.0221393	-0.0313004	5.93115	
0.999964	5.04132e-05	-0.0084438	5.05031e-05	0.999929	0.0119509	0.0084438	-0.0119509	0.999893	0.0280478	-0.0396618	6.67249	
0.999956	6.24333e-05	-0.00939566	6.25572e-05	0.999912	0.0133021	0.00939566	-0.0133021	0.999867	0.034661	-0.0490232	7.41382	
0.999946	7.57788e-05	-0.0103501	7.59446e-05	0.999893	0.0146579	0.0103501	-0.0146579	0.999839	0.0419809	-0.0593882	8.15512	
0.999936	9.04611e-05	-0.0113072	9.06773e-05	0.999872	0.0160182	0.0113072	-0.0160182	0.999808	0.0500094	-0.0707601	8.89641	
0.999925	0.000106491	-0.0122669	0.000106767	0.999849	0.0173829	0.0122668	-0.0173829	0.999774	0.0587485	-0.0831421	9.63766	
0.999912	0.000123879	-0.013229	0.000124226	0.999824	0.0187521	0.013229	-0.0187521	0.999737	0.0682	-0.0965376	10.3789	
0.999899	0.000142637	-0.0141937	0.000143065	0.999797	0.0201257	0.0141937	-0.0201257	0.999697	0.0783658	-0.11095	11.1201	
0.999885	0.000162775	-0.0151609	0.000163296	0.999769	0.0215036	0.0151609	-0.0215036	0.999654	0.0892478	-0.126382	11.8613	
0.99987	0.000184303	-0.0161305	0.00018493	0.999738	0.0228859	0.0161305	-0.0228859	0.999608	0.100848	-0.142838	12.6024	
0.999854	0.000207233	-0.0171025	0.000207979	0.999705	0.0242725	0.0171025	-0.0242725	0.999559	0.113167	-0.16032	13.3435	
0.999837	0.000231573	-0.018077	0.000232455	0.999671	0.0256633	0.0180769	-0.0256633	0.999507	0.126209	-0.178831	14.0846	
0.999818	0.000257336	-0.0190537	0.000258367	0.999634	0.0270583	0.0190537	-0.0270583	0.999452	0.139973	-0.198375	14.8256	
0.999799	0.00028453	-0.0200329	0.000285727	0.999595	0.0284575	0.0200328	-0.0284575	0.999394	0.154463	-0.218956	15.5666	
0.999779	0.000313165	-0.0210143	0.000314547	0.999554	0.0298608	0.0210143	-0.0298608	0.999333	0.169679	-0.240575	16.3075	
0.999758	0.000343253	-0.021998	0.000344836	0.999511	0.0312682	0.021998	-0.0312682	0.999269	0.185624	-0.263236	17.0484	
0.999736	0.000374801	-0.0229839	0.000376606	0.999466	0.0326797	0.0229839	-0.0326797	0.999202	0.202299	-0.286941	17.7893	
0.999713	0.000407821	-0.0239721	0.000409867	0.999419	0.0340952	0.0239721	-0.0340952	0.999131	0.219706	-0.311695	18.5301	
0.999688	0.000442321	-0.0249624	0.00044463	0.999369	0.0355147	0.0249624	-0.0355147	0.999057	0.237847	-0.3375	19.2708	
0.999663	0.000478311	-0.0259549	0.000480904	0.999317	0.0369381	0.0259549	-0.0369382	0.99898	0.256722	-0.364359	20.0115	
0.999637	0.0005158	-0.0269496	0.000518701	0.999264	0.0383655	0.0269495	-0.0383655	0.9989	0.276334	-0.392275	20.7521	
0.999609	0.000554798	-0.0279463	0.00055803	0.999208	0.0397967	0.0279462	-0.0397968	0.998817	0.296684	-0.42125	21.4927	
0.999581	0.000595313	-0.0289451	0.000598902	0.999149	0.0412318	0.028945	-0.0412318	0.99873	0.317774	-0.451288	22.2332	
0.999551	0.000637354	-0.0299459	0.000641325	0.999089	0.0426707	0.0299458	-0.0426707	0.99864	0.339606	-0.482391	22.9737	
0.999521	0.000680931	-0.0309487	0.000685311	0.999026	0.0441133	0.0309486	-0.0441133	0.998547	0.36218	-0.514563	23.714	
0.999489	0.000726051	-0.0319536	0.000730868	0.998961	0.0455596	0.0319534	-0.0455597	0.99845	0.385498	-0.547805	24.4543	
0.999456	0.000772723	-0.0329603	0.000778007	0.998894	0.0470096	0.0329602	-0.0470097	0.99835	0.409562	-0.582121	25.1946	
0.999423	0.000820956	-0.033969	0.000826736	0.998825	0.0484633	0.0339689	-0.0484634	0.998247	0.434373	-0.617514	25.9347	
0.999388	0.000870758	-0.0349796	0.000877065	0.998753	0.0499206	0.0349794	-0.0499207	0.99814	0.459933	-0.653986	26.6748	
0.999352	0.000922138	-0.035992	0.000929003	0.998679	0.0513814	0.0359918	-0.0513815	0.99803	0.486242	-0.691539	27.4148	
0.999315	0.000975102	-0.0370063	0.000982559	0.998602	0.0528458	0.0370061	-0.0528459	0.997917	0.513303	-0.730177	28.1547	
0.999276	0.00102966	-0.0380223	0.00103774	0.998523	0.0543136	0.0380221	-0.0543138	0.9978	0.541116	-0.769902	28.8945	
0.999237	0.00108582	-0.0390402	0.00109456	0.998442	0.0557849	0.0390399	-0.0557851	0.997679	0.569684	-0.810716	29.6343	
0.999197	0.00114358	-0.0400597	0.00115303	0.998359	0.0572596	0.0400595	-0.0572598	0.997555	0.599007	-0.852623	30.3739	
0.999155	0.00120297	-0.041081	0.00121314	0.998273	0.0587377	0.0410807	-0.0587379	0.997428	0.629086	-0.895624	31.1135	
0.999112	0.00126397	-0.042104	0.00127492	0.998184	0.0602191	0.0421037	-0.0602193	0.997297	0.659923	-0.939722	31.8529	
0.999069	0.00132661	-0.0431286	0.00133837	0.998094	0.0617038	0.0431282	-0.0617041	0.997162	0.691519	-0.98492	32.5923	
0.999024	0.00139088	-0.0441549	0.00140349	0.998	0.0631918	0.0441545	-0.063192	0.997024	0.723875	-1.03122	33.3315	
0.998978	0.0014568	-0.0451827	0.0014703	0.997905	0.0646829	0.0451822	-0.0646832	0.996882	0.756993	-1.07862	34.0707	
0.99893	0.00152437	-0.0462121	0.00153881	0.997807	0.0661773	0.0462116	-0.0661776	0.996737	0.790873	-1.12714	34.8097	
0.998882	0.0015936	-0.047243	0.00160902	0.997706	0.0676747	0.0472425	-0.0676751	0.996588	0.825518	-1.17676	35.5487	
0.998833	0.00166449	-0.0482754	0.00168093	0.997603	0.0691753	0.0482749	-0.0691757	0.996436	0.860926	-1.22749	36.2875	
0.998782	0.00173705	-0.0493093	0.00175456	0.997498	0.0706789	0.0493087	-0.0706793	0.99628	0.897101	-1.27933	37.0262	
0.99873	0.00181129	-0.0503447	0.00182992	0.99739	0.0721855	0.050344	-0.072186	0.99612	0.934043	-1.33229	37.7648	
0.998719	0.00182827	-0.0505725	0.00203767	0.997084	0.0762865	0.0505645	-0.0762918	0.995803	0.971451	-1.38734	38.5032	
0.998707	0.00184663	-0.0508058	0.00224656	0.996761	0.0803904	0.0507897	-0.0804006	0.995468	1.00902	-1.44542	39.2414	
0.998695	0.0018664	-0.0510444	0.0024566	0.996421	0.0844972	0.0510194	-0.0845123	0.995115	1.04677	-1.50656	39.9793	
0.998682	0.00188761	-0.0512882	0.00266781	0.996063	0.0886066	0.0512536	-0.0886267	0.994745	1.08468	-1.57074	40.717	
0.998669	0.0019103	-0.0515371	0.00288021	0.995688	0.0927185	0.051492	-0.0927436	0.994358	1.12277	-1.63798	41.4544	
0.998656	0.0019345	-0.0517908	0.0030938	0.995296	0.0968327	0.0517345	-0.0968628	0.993952	1.16103	-1.70826	42.1915	
0.998643	0.00196024	-0.0520494	0.00330861	0.994886	0.100949	0.0519811	-0.100984	0.993529	1.19948	-1.78161	42.9282	
0.998629	0.00198754	-0.0523126	0.00352464	0.994459	0.105067	0.0522315	-0.105108	0.993088	1.23811	-1.85801	43.6647	
0.998615	0.00201644	-0.0525803	0.00374191	0.994014	0.109187	0.0524857	-0.109233	0.99263	1.27693	-1.93747	44.4008	
0.9986	0.00204695	-0.0528523	0.00396043	0.993552	0.113309	0.0527435	-0.11336	0.992153	1.31594	-2.01998	45.1366	
0.998586	0.0020791	-0.0531287	0.00418021	0.993072	0.117432	0.0530048	-0.117488	0.991659	1.35514	-2.10556	45.872	
0.99857	0.00211292	-0.0534091	0.00440125	0.992575	0.121556	0.0532694	-0.121617	0.991147	1.39454	-2.1942	46.607	
0.998555	0.00214842	-0.0536935	0.00462358	0.99206	0.125681	0.0535372	-0.125748	0.990617	1.43414	-2.2859	47.3417	
0.99854	0.00218562	-0.0539817	0.0048472	0.991527	0.129807	0.0538081	-0.129879	0.990069	1.47393	-2.38066	48.0759	
0.998524	0.00222454	-0.0542737	0.00507211	0.990977	0.133934	0.0540819	-0.134012	0.989503	1.51392	-2.47849	48.8098	
0.998507	0.00226519	-0.0545692	0.00529834	0.99041	0.138061	0.0543586	-0.138144	0.988919	1.55412	-2.57938	49.5432	
0.998491	0.00230759	-0.0548682	0.00552587	0.989824	0.142189	0.0546379	-0.142278	0.988318	1.59453	-2.68333	50.2762	
0.998474	0.00235175	-0.0551704	0.00575473	0.989221	0.146317	0.0549198	-0.146411	0.987698	1.63514	-2.79035	51.0087	
0.998457	0.00239767	-0.0554758	0.00598492	0.9886	0.150444	0.0552041	-0.150544	0.987061	1.67597	-2.90043	51.7408	
0.99844	0.00244538	-0.0557843	0.00621643	0.987962	0.154572	0.0554907	-0.154677	0.986405	1.717	-3.01358	52.4723	
0.998422	0.00249487	-0.0560956	0.00644929	0.987306	0.158699	0.0557794	-0.15881	0.985732	1.75825	-3.12979	53.2034	
0.998404	0.00254615	-0.0564097	0.00668349	0.986632	0.162826	0.0560702	-0.162943	0.985041	1.79972	-3.24907	53.934	
0.998386	0.00259922	-0.0567264	0.00691904	0.985941	0.166951	0.0563628	-0.167074	0.984332	1.8414	-3.37141	54.6641	
0.998368	0.00265409	-0.0570456	0.00715593	0.985232	0.171076	0.0566572	-0.171205	0.983605	1.88329	-3.49681	55.3936	
0.998349	0.00271076	-0.0573672	0.00739418	0.984505	0.1752	0.0569532	-0.175335	0.98286	1.92541	-3.62528	56.1226	
0.998331	0.00276922	-0.0576909	0.00763379	0.983761	0.179323	0.0572507	-0.179464	0.982097	1.96775	-3.75681	56.851	
0.998312	0.00282947	-0.0580168	0.00787475	0.982999	0.183444	0.0575495	-0.183591	0.981317	2.0103	-3.89139	57.5789	
0.998292	0.00289152	-0.0583446	0.00811707	0.982219	0.187563	0.0578495	-0.187717	0.980518	2.05308	-4.02904	58.3061	
0.998273	0.00295534	-0.0586742	0.00836074	0.981422	0.191681	0.0581507	-0.191841	0.979702	2.09608	-4.16974	59.0328	
0.998253	0.00302094	-0.0590056	0.00860578	0.980607	0.195797	0.0584527	-0.195963	0.978868	2.13931	-4.31351	59.7589	
0.998233	0.00308831	-0.0593384	0.00885216	0.979774	0.19991	0.0587556	-0.200083	0.978016	2.18276	-4.46032	60.4843	
0.998213	0.00315743	-0.0596727	0.0090999	0.978924	0.204022	0.0590592	-0.2042	0.977146	2.22643	-4.61019	61.2091	
0.998193	0.0032283	-0.0600083	0.009349	0.978056	0.208131	0.0593634	-0.208315	0.976258	2.27033	-4.76312	61.9332	
0.998172	0.00330089	-0.060345	0.00959944	0.977171	0.212237	0.0596679	-0.212428	0.975353	2.31446	-4.91909	62.6567	
0.998151	0.00337519	-0.0606827	0.00985123	0.976268	0.21634	0.0599728	-0.216538	0.97443	2.35881	-5.07811	63.3795	
0.99813	0.00345119	-0.0610213	0.0101044	0.975348	0.220441	0.0602778	-0.220645	0.97349	2.40339	-5.24018	64.1016	
0.998109	0.00352886	-0.0613607	0.0103588	0.97441	0.224538	0.0605828	-0.224749	0.972532	2.44819	-5.40529	64.823	
0.998088	0.00360819	-0.0617007	0.0106146	0.973455	0.228632	0.0608878	-0.228849	0.971556	2.49322	-5.57344	65.5437	
0.998067	0.00368914	-0.0620411	0.0108717	0.972483	0.232722	0.0611925	-0.232947	0.970562	2.53848	-5.74463	66.2637	
0.998045	0.00377171	-0.062382	0.0111302	0.971493	0.236809	0.0614968	-0.23704	0.969552	2.58396	-5.91886	66.9829	
0.998024	0.00385586	-0.062723	0.0113899	0.970485	0.240891	0.0618006	-0.24113	0.968523	2.62967	-6.09612	67.7013	
0.998002	0.00394156	-0.0630642	0.0116509	0.969461	0.24497	0.0621038	-0.245215	0.967477	2.6756	-6.27641	68.419	
0.99798	0.00402879	-0.0634053	0.0119133	0.968419	0.249045	0.0624063	-0.249297	0.966414	2.72176	-6.45973	69.1359	
0.997958	0.00411752	-0.0637463	0.0121769	0.96736	0.253115	0.0627078	-0.253374	0.965334	2.76814	-6.64608	69.852	
0.997935	0.0042077	-0.064087	0.0124418	0.966283	0.257181	0.0630083	-0.257447	0.964236	2.81474	-6.83544	70.5674	
0.997913	0.00429932	-0.0644272	0.0127079	0.96519	0.261242	0.0633077	-0.261515	0.963121	2.86157	-7.02782	71.2818	
0.998211	0.00297426	-0.0597139	0.0137937	0.960361	0.278417	0.058175	-0.278743	0.958602	2.90661	-7.22811	71.9943	
0.998484	0.00156493	-0.0550236	0.0147875	0.955225	0.295509	0.0530224	-0.295875	0.953754	2.94783	-7.44113	72.7032	
