1	0	0	0	1	0	0	0	1	0	0	0	
0.999999	-8.88172e-07	0.00101329	-8.88172e-07	0.999998	0.00175304	-0.00101329	-0.00175304	0.999998	-0.000515345	-0.000891574	1.01717	
0.999998	-3.57235e-06	0.0020322	-3.57217e-06	0.999994	0.00351564	-0.0020322	-0.00351564	0.999992	-0.00206424	-0.00357115	2.03434	
0.999995	-8.08185e-06	0.00305669	-8.08112e-06	0.999986	0.00528769	-0.00305669	-0.00528769	0.999981	-0.00465238	-0.0080484	3.0515	
0.999992	-1.44458e-05	0.00408669	-1.44439e-05	0.999975	0.0070691	-0.00408669	-0.0070691	0.999967	-0.0082854	-0.0143329	4.06864	
0.999987	-2.2693e-05	0.00512215	-2.26893e-05	0.999961	0.00885978	-0.00512215	-0.00885978	0.999948	-0.0129689	-0.0224341	5.08577	
0.999981	-3.28522e-05	0.00616302	-3.28458e-05	0.999943	0.0106596	-0.00616302	-0.0106596	0.999924	-0.0187084	-0.0323614	6.10288	
0.999974	-4.49519e-05	0.00720925	-4.49415e-05	0.999922	0.0124685	-0.00720925	-0.0124685	0.999896	-0.0255093	-0.044124	7.11996	
0.999966	-5.90204e-05	0.00826077	-5.90047e-05	0.999898	0.0142864	-0.00826077	-0.0142864	0.999864	-0.0333772	-0.0577313	8.13701	
0.999957	-7.50855e-05	0.00931754	-7.5063e-05	0.99987	0.0161132	-0.00931754	-0.0161132	0.999827	-0.0423172	-0.0731921	9.15402	
0.999946	-9.31752e-05	0.0103795	-9.31441e-05	0.999839	0.0179488	-0.0103795	-0.0179488	0.999785	-0.0523349	-0.0905156	10.171	
0.999934	-0.000113317	0.0114466	-0.000113275	0.999804	0.019793	-0.0114466	-0.019793	0.999739	-0.0634353	-0.109711	11.1879	
0.999922	-0.000135538	0.0125187	-0.000135483	0.999766	0.0216459	-0.0125187	-0.0216459	0.999687	-0.0756238	-0.130786	12.2048	
0.999908	-0.000159865	0.0135959	-0.000159796	0.999724	0.0235072	-0.0135959	-0.0235072	0.999631	-0.0889053	-0.15375	13.2216	
0.999892	-0.000186326	0.0146781	-0.000186238	0.999678	0.0253769	-0.0146781	-0.0253769	0.99957	-0.103285	-0.178612	14.2384	
0.999876	-0.000214946	0.0157651	-0.000214838	0.999628	0.0272549	-0.0157651	-0.0272549	0.999504	-0.118768	-0.20538	15.2551	
0.999858	-0.000245752	0.0168571	-0.00024562	0.999575	0.0291411	-0.0168571	-0.0291411	0.999433	-0.135359	-0.234062	16.2717	
0.999839	-0.00027877	0.0179538	-0.000278611	0.999518	0.0310354	-0.0179538	-0.0310354	0.999357	-0.153064	-0.264667	17.2883	
0.999818	-0.000314026	0.0190552	-0.000313835	0.999457	0.0329376	-0.0190552	-0.0329376	0.999276	-0.171886	-0.297202	18.3048	
0.999797	-0.000351544	0.0201613	-0.000351319	0.999393	0.0348478	-0.0201613	-0.0348478	0.999189	-0.191831	-0.331677	19.3212	
0.999774	-0.00039135	0.0212721	-0.000391087	0.999324	0.0367658	-0.0212721	-0.0367657	0.999097	-0.212903	-0.368099	20.3375	
0.999749	-0.000433469	0.0223874	-0.000433163	0.999251	0.0386914	-0.0223874	-0.0386914	0.999	-0.235108	-0.406475	21.3537	
0.999724	-0.000477926	0.0235072	-0.000477572	0.999174	0.0406246	-0.0235072	-0.0406246	0.998898	-0.258449	-0.446814	22.3698	
0.999696	-0.000524744	0.0246315	-0.000524337	0.999094	0.0425653	-0.0246315	-0.0425653	0.99879	-0.282932	-0.489123	23.3858	
0.999668	-0.000573947	0.0257601	-0.000573483	0.999009	0.0445134	-0.0257601	-0.0445134	0.998677	-0.30856	-0.53341	24.4016	
0.999638	-0.000625559	0.0268931	-0.000625033	0.99892	0.0464688	-0.0268931	-0.0464688	0.998558	-0.335339	-0.579683	25.4174	
0.999607	-0.000679603	0.0280304	-0.000679008	0.998826	0.0484313	-0.0280304	-0.0484313	0.998433	-0.363272	-0.627948	26.4331	
0.999574	-0.000736103	0.0291718	-0.000735434	0.998729	0.0504009	-0.0291719	-0.0504009	0.998303	-0.392365	-0.678212	27.4486	
0.99954	-0.00079508	0.0303175	-0.00079433	0.998627	0.0523775	-0.0303175	-0.0523775	0.998167	-0.42262	-0.730484	28.4639	
0.999504	-0.000856556	0.0314672	-0.00085572	0.998521	0.0543609	-0.0314672	-0.0543609	0.998025	-0.454043	-0.78477	29.4792	
0.999467	-0.000920555	0.0326209	-0.000919625	0.998411	0.0563511	-0.032621	-0.0563511	0.997878	-0.486637	-0.841076	30.4943	
0.999429	-0.000987097	0.0337787	-0.000986067	0.998296	0.058348	-0.0337787	-0.058348	0.997725	-0.520407	-0.89941	31.5092	
0.999389	-0.0010562	0.0349403	-0.00105507	0.998177	0.0603514	-0.0349404	-0.0603514	0.997565	-0.555357	-0.959779	32.524	
0.999347	-0.00112789	0.0361058	-0.00112664	0.998053	0.0623612	-0.0361059	-0.0623612	0.9974	-0.59149	-1.02219	33.5386	
0.999304	-0.00120219	0.0372751	-0.00120082	0.997925	0.0643774	-0.0372752	-0.0643774	0.997229	-0.628811	-1.08665	34.553	
0.99926	-0.00127911	0.0384482	-0.00127761	0.997792	0.0663999	-0.0384482	-0.0663998	0.997052	-0.667322	-1.15316	35.5673	
0.999214	-0.00135868	0.0396249	-0.00135704	0.997655	0.0684284	-0.0396249	-0.0684284	0.996869	-0.707029	-1.22173	36.5814	
0.999166	-0.00144092	0.0408052	-0.00143912	0.997513	0.070463	-0.0408053	-0.070463	0.996679	-0.747935	-1.29237	37.5953	
0.999117	-0.00152583	0.0419891	-0.00152388	0.997367	0.0725035	-0.0419891	-0.0725035	0.996484	-0.790043	-1.36508	38.609	
0.999066	-0.00161345	0.0431764	-0.00161134	0.997216	0.0745498	-0.0431765	-0.0745498	0.996282	-0.833357	-1.43987	39.6225	
0.999014	-0.0017038	0.0443672	-0.0017015	0.99706	0.0766019	-0.0443673	-0.0766018	0.996074	-0.877881	-1.51674	40.6357	
0.99896	-0.00179688	0.0455614	-0.0017944	0.9969	0.0786595	-0.0455615	-0.0786594	0.99586	-0.923617	-1.59571	41.6488	
0.998904	-0.00189271	0.0467589	-0.00189004	0.996735	0.0807226	-0.046759	-0.0807225	0.995639	-0.97057	-1.67676	42.6617	
0.998847	-0.00199132	0.0479596	-0.00198844	0.996565	0.0827911	-0.0479597	-0.082791	0.995412	-1.01874	-1.75993	43.6743	
0.998789	-0.00209272	0.0491635	-0.00208962	0.99639	0.0848649	-0.0491637	-0.0848648	0.995179	-1.06814	-1.84519	44.6867	
0.998728	-0.00219692	0.0503706	-0.0021936	0.996211	0.0869438	-0.0503707	-0.0869437	0.994939	-1.11876	-1.93257	45.6988	
0.998666	-0.00230395	0.0515807	-0.00230039	0.996026	0.0890278	-0.0515808	-0.0890277	0.994693	-1.17061	-2.02207	46.7107	
0.998603	-0.00241381	0.0527938	-0.00241	0.995837	0.0911168	-0.0527939	-0.0911167	0.99444	-1.2237	-2.11369	47.7224	
0.998537	-0.00252653	0.0540098	-0.00252246	0.995643	0.0932106	-0.05401	-0.0932105	0.99418	-1.27801	-2.20743	48.7337	
0.99847	-0.00264211	0.0552287	-0.00263776	0.995444	0.0953092	-0.0552289	-0.095309	0.993914	-1.33357	-2.30331	49.7449	
0.998402	-0.00276057	0.0564504	-0.00275594	0.99524	0.0974123	-0.0564507	-0.0974122	0.993642	-1.39037	-2.40133	50.7557	
0.998331	-0.00288193	0.0576749	-0.002877	0.995031	0.09952	-0.0576752	-0.0995199	0.993363	-1.44841	-2.50149	51.7663	
0.998259	-0.0030062	0.0589021	-0.00300095	0.994818	0.101632	-0.0589024	-0.101632	0.993077	-1.5077	-2.60379	52.7765	
0.998186	-0.00313338	0.0601319	-0.00312781	0.994599	0.103749	-0.0601322	-0.103748	0.992784	-1.56824	-2.70824	53.7865	
0.99811	-0.00326351	0.0613642	-0.0032576	0.994375	0.105869	-0.0613646	-0.105869	0.992485	-1.63003	-2.81485	54.7962	
0.998033	-0.00339657	0.0625991	-0.00339031	0.994146	0.107994	-0.0625994	-0.107994	0.992179	-1.69308	-2.92362	55.8056	
0.997954	-0.00353259	0.0638364	-0.00352596	0.993912	0.110123	-0.0638368	-0.110122	0.991866	-1.75738	-3.03455	56.8146	
0.997874	-0.00367158	0.0650761	-0.00366457	0.993673	0.112255	-0.0650765	-0.112255	0.991546	-1.82295	-3.14765	57.8234	
0.997791	-0.00381355	0.0663181	-0.00380614	0.993428	0.114392	-0.0663185	-0.114391	0.99122	-1.88977	-3.26292	58.8318	
0.997707	-0.00395851	0.0675623	-0.00395069	0.993179	0.116532	-0.0675628	-0.116531	0.990886	-1.95786	-3.38036	59.8398	
0.997621	-0.00410647	0.0688087	-0.00409822	0.992925	0.118675	-0.0688092	-0.118675	0.990546	-2.02722	-3.49998	60.8476	
0.997534	-0.00425744	0.0700573	-0.00424874	0.992665	0.120822	-0.0700578	-0.120822	0.990199	-2.09785	-3.62179	61.855	
0.997445	-0.00441142	0.0713079	-0.00440226	0.9924	0.122972	-0.0713085	-0.122972	0.989845	-2.16974	-3.74578	62.862	
0.997354	-0.00456843	0.0725605	-0.00455879	0.99213	0.125126	-0.0725611	-0.125126	0.989484	-2.24291	-3.87196	63.8686	
0.997261	-0.00472847	0.0738151	-0.00471834	0.991855	0.127283	-0.0738157	-0.127282	0.989116	-2.31736	-4.00033	64.8749	
0.996882	-0.00536679	0.078721	-0.00493063	0.991497	0.130034	-0.0787495	-0.130017	0.98838	-2.39495	-4.13119	65.8807	
0.996479	-0.00601895	0.0836251	-0.00515701	0.991131	0.132788	-0.0836827	-0.132752	0.98761	-2.47756	-4.26483	66.8856	
0.996051	-0.00668494	0.0885273	-0.00539751	0.990757	0.135544	-0.0886151	-0.135487	0.986808	-2.56519	-4.40125	67.8898	
0.995599	-0.00736477	0.0934272	-0.00565211	0.990374	0.138301	-0.0935464	-0.138221	0.985974	-2.65784	-4.54045	68.8931	
0.995122	-0.00805841	0.0983246	-0.00592083	0.989983	0.14106	-0.0984764	-0.140954	0.985106	-2.7555	-4.68244	69.8956	
0.99462	-0.00876587	0.103219	-0.00620364	0.989585	0.143818	-0.103405	-0.143685	0.984206	-2.85817	-4.8272	70.8971	
0.991712	-0.0124197	0.127878	-0.00667754	0.988989	0.147837	-0.128307	-0.147466	0.98071	-2.97602	-4.97529	71.8965	
0.98818	-0.0161673	0.152442	-0.00725314	0.988378	0.15184	-0.153125	-0.151151	0.976579	-3.11916	-5.12717	72.892	
0.984027	-0.0200062	0.176894	-0.00793005	0.987753	0.155825	-0.177845	-0.154739	0.971816	-3.2875	-5.28275	73.883	
0.979254	-0.0239338	0.201218	-0.00870784	0.987113	0.159789	-0.20245	-0.158227	0.966426	-3.48092	-5.44192	74.8688	
0.973865	-0.0279477	0.2254	-0.00958601	0.986459	0.16373	-0.226923	-0.161612	0.96041	-3.6993	-5.6046	75.8488	
0.967864	-0.0320453	0.249422	-0.010564	0.985791	0.167645	-0.25125	-0.164893	0.953773	-3.94251	-5.77066	76.8224	
0.961255	-0.0362238	0.273271	-0.0116411	0.98511	0.171532	-0.275415	-0.168067	0.94652	-4.21038	-5.94001	77.7889	
0.954041	-0.0404807	0.296929	-0.0128168	0.984416	0.175387	-0.299402	-0.171132	0.938655	-4.50274	-6.11253	78.7478	
0.946228	-0.0448131	0.320382	-0.0140901	0.98371	0.17921	-0.323194	-0.174087	0.930182	-4.8194	-6.28812	79.6983	
0.93782	-0.0492183	0.343616	-0.0154604	0.982992	0.182996	-0.346778	-0.17693	0.921108	-5.16016	-6.46665	80.6399	
0.928823	-0.0536934	0.366614	-0.0169267	0.982263	0.186744	-0.370138	-0.179657	0.911439	-5.52479	-6.64801	81.5719	
0.919242	-0.0582355	0.389362	-0.018488	0.981523	0.190451	-0.393258	-0.182269	0.90118	-5.91306	-6.83209	82.4938	
0.909085	-0.0628417	0.411845	-0.0201434	0.980772	0.194115	-0.416124	-0.184763	0.890339	-6.32473	-7.01877	83.405	
0.898356	-0.0675089	0.434049	-0.0218917	0.980011	0.197734	-0.438721	-0.187137	0.878922	-6.75951	-7.20792	84.3049	
0.887065	-0.0722343	0.455959	-0.0237319	0.979241	0.201304	-0.461035	-0.189391	0.866936	-7.21714	-7.39943	85.1929	
0.875217	-0.0770146	0.477561	-0.0256628	0.978462	0.204825	-0.48305	-0.191522	0.85439	-7.69731	-7.59317	86.0684	
0.86282	-0.0818469	0.498841	-0.0276831	0.977675	0.208293	-0.504753	-0.193529	0.841291	-8.19972	-7.78901	86.9308	
0.849883	-0.086728	0.519786	-0.0297915	0.976879	0.211706	-0.526129	-0.195411	0.827649	-8.72404	-7.98683	87.7797	
0.836413	-0.0916548	0.540382	-0.0319867	0.976076	0.215063	-0.547166	-0.197166	0.813471	-9.26994	-8.1865	88.6143	
0.82242	-0.096624	0.560615	-0.0342671	0.975266	0.21836	-0.567848	-0.198795	0.798767	-9.83705	-8.38789	89.4344	
0.807912	-0.101632	0.580473	-0.0366314	0.97445	0.221597	-0.588163	-0.200294	0.783547	-10.425	-8.59087	90.2391	
0.792899	-0.106677	0.599942	-0.0390781	0.973628	0.224769	-0.608098	-0.201664	0.76782	-11.0334	-8.79531	91.0282	
0.777391	-0.111754	0.61901	-0.0416055	0.972801	0.227877	-0.62764	-0.202904	0.751597	-11.662	-9.00108	91.801	
0.761398	-0.116861	0.637666	-0.0442119	0.971968	0.230917	-0.646776	-0.204012	0.734888	-12.3101	-9.20805	92.557	
0.744929	-0.121994	0.655895	-0.0468958	0.971132	0.233888	-0.665494	-0.204989	0.717703	-12.9776	-9.41607	93.2958	
0.727996	-0.127149	0.673688	-0.0496554	0.970292	0.236788	-0.683781	-0.205833	0.700055	-13.6638	-9.62502	94.0169	
0.710609	-0.132325	0.691032	-0.0524889	0.969448	0.239614	-0.701626	-0.206544	0.681953	-14.3685	-9.83476	94.7198	
0.69278	-0.137516	0.707916	-0.0553945	0.968602	0.242366	-0.719018	-0.207121	0.663411	-15.091	-10.0452	95.4041	
0.674521	-0.14272	0.724329	-0.0583702	0.967754	0.245041	-0.735944	-0.207564	0.64444	-15.831	-10.2561	96.0693	
