1	0	0	0	1	0	0	0	1	0	0	0	
0.999991	2.92977e-06	-0.00427783	2.92977e-06	0.999999	0.00136974	0.00427783	-0.00136974	0.99999	0.00199416	-0.000638522	0.93232	
0.999963	1.17278e-05	-0.00855799	1.17322e-05	0.999996	0.00274124	0.00855799	-0.00274124	0.99996	0.00797774	-0.00255491	1.86462	
0.999918	2.64081e-05	-0.0128403	2.64253e-05	0.999992	0.00411445	0.0128403	-0.00411445	0.999909	0.0179528	-0.00575077	2.79688	
0.999853	4.69839e-05	-0.0171247	4.70271e-05	0.999985	0.00548933	0.0171247	-0.00548933	0.999838	0.0319214	-0.0102277	3.72909	
0.999771	7.34684e-05	-0.0214111	7.3555e-05	0.999976	0.00686584	0.0214111	-0.00686584	0.999747	0.0498854	-0.0159872	4.66122	
0.99967	0.000105874	-0.0256991	0.000106026	0.999966	0.00824392	0.0256991	-0.00824392	0.999636	0.0718464	-0.0230308	5.59326	
0.99955	0.000144214	-0.0299888	0.000144456	0.999954	0.00962353	0.0299888	-0.00962353	0.999504	0.097806	-0.0313599	6.52518	
0.999412	0.000188499	-0.03428	0.000188863	0.999939	0.0110046	0.03428	-0.0110046	0.999352	0.127766	-0.040976	7.45698	
0.999256	0.00023874	-0.0385725	0.000239261	0.999923	0.0123872	0.0385725	-0.0123872	0.999179	0.161727	-0.0518804	8.38862	
0.999081	0.00029495	-0.0428662	0.000295666	0.999905	0.0137711	0.0428662	-0.0137711	0.998986	0.19969	-0.0640744	9.32009	
0.998887	0.000357138	-0.0471609	0.000358093	0.999885	0.0151564	0.0471609	-0.0151564	0.998772	0.241658	-0.0775594	10.2514	
0.998675	0.000425314	-0.0514566	0.000426556	0.999863	0.016543	0.0514566	-0.0165431	0.998538	0.287629	-0.0923365	11.1824	
0.998444	0.000499489	-0.055753	0.000501071	0.999839	0.0179309	0.055753	-0.0179309	0.998284	0.337607	-0.108407	12.1133	
0.998195	0.000579672	-0.06005	0.00058165	0.999813	0.01932	0.06005	-0.01932	0.998008	0.39159	-0.125772	13.0439	
0.997927	0.000665872	-0.0643475	0.000668307	0.999785	0.0207102	0.0643475	-0.0207103	0.997713	0.449579	-0.144433	13.9742	
0.997641	0.000758097	-0.0686454	0.000761055	0.999755	0.0221016	0.0686453	-0.0221017	0.997396	0.511575	-0.16439	14.9043	
0.997336	0.000856356	-0.0729434	0.000859907	0.999724	0.023494	0.0729434	-0.0234942	0.997059	0.577579	-0.185645	15.834	
0.997012	0.000960656	-0.0772415	0.000964875	0.99969	0.0248875	0.0772415	-0.0248877	0.996702	0.647589	-0.208199	16.7634	
0.99667	0.001071	-0.0815395	0.00107597	0.999654	0.026282	0.0815394	-0.0262822	0.996324	0.721607	-0.232052	17.6925	
0.996308	0.00118741	-0.0858373	0.0011932	0.999616	0.0276774	0.0858372	-0.0276777	0.995925	0.799631	-0.257206	18.6212	
0.995929	0.00130988	-0.0901347	0.00131659	0.999576	0.0290737	0.0901346	-0.029074	0.995505	0.881663	-0.283662	19.5495	
0.99553	0.00143841	-0.0944315	0.00144613	0.999535	0.0304709	0.0944314	-0.0304712	0.995065	0.967701	-0.31142	20.4775	
0.995113	0.00157302	-0.0987277	0.00158185	0.999491	0.0318688	0.0987276	-0.0318693	0.994604	1.05774	-0.34048	21.405	
0.994677	0.00171371	-0.103023	0.00172374	0.999445	0.0332675	0.103023	-0.0332681	0.994122	1.15179	-0.370845	22.332	
0.994223	0.00186048	-0.107318	0.00187183	0.999397	0.034667	0.107317	-0.0346676	0.99362	1.24985	-0.402514	23.2586	
0.99375	0.00201335	-0.111611	0.00202611	0.999347	0.036067	0.111611	-0.0360678	0.993097	1.3519	-0.435488	24.1848	
0.993258	0.0021723	-0.115903	0.0021866	0.999295	0.0374677	0.115903	-0.0374686	0.992554	1.45796	-0.469768	25.1104	
0.992748	0.00233735	-0.120194	0.00235331	0.999242	0.038869	0.120194	-0.03887	0.991989	1.56802	-0.505354	26.0355	
0.992219	0.00250851	-0.124483	0.00252624	0.999186	0.0402708	0.124483	-0.0402719	0.991404	1.68208	-0.542247	26.9601	
0.991671	0.00268576	-0.128771	0.0027054	0.999128	0.0416731	0.128771	-0.0416744	0.990798	1.80014	-0.580447	27.8841	
0.991104	0.00286913	-0.133057	0.0028908	0.999068	0.0430758	0.133056	-0.0430773	0.990172	1.92219	-0.619955	28.8076	
0.990519	0.0030586	-0.137341	0.00308244	0.999006	0.0444789	0.13734	-0.0444805	0.989525	2.04824	-0.660772	29.7305	
0.989915	0.00325417	-0.141623	0.00328033	0.998941	0.0458823	0.141622	-0.0458842	0.988857	2.17828	-0.702896	30.6527	
0.989293	0.00345587	-0.145902	0.00348448	0.998875	0.0472861	0.145902	-0.0472882	0.988168	2.31231	-0.74633	31.5743	
0.988652	0.00366367	-0.15018	0.00369488	0.998807	0.04869	0.150179	-0.0486924	0.987459	2.45033	-0.791072	32.4953	
0.987992	0.00387758	-0.154455	0.00391156	0.998737	0.0500942	0.154454	-0.0500968	0.986729	2.59234	-0.837124	33.4156	
0.987314	0.00409761	-0.158727	0.0041345	0.998665	0.0514985	0.158726	-0.0515015	0.985979	2.73834	-0.884485	34.3352	
0.986617	0.00432375	-0.162996	0.00436372	0.99859	0.0529029	0.162995	-0.0529062	0.985207	2.88831	-0.933156	35.2541	
0.985902	0.004556	-0.167263	0.00459922	0.998514	0.0543074	0.167262	-0.054311	0.984415	3.04226	-0.983137	36.1722	
0.985168	0.00479437	-0.171526	0.00484099	0.998435	0.0557119	0.171525	-0.0557159	0.983603	3.20019	-1.03443	37.0896	
0.984415	0.00503884	-0.175787	0.00508906	0.998355	0.0571164	0.175785	-0.0571208	0.98277	3.3621	-1.08703	38.0063	
0.983644	0.00528942	-0.180044	0.0053434	0.998272	0.0585207	0.180042	-0.0585256	0.981916	3.52797	-1.14094	38.9222	
0.982855	0.00554611	-0.184297	0.00560404	0.998187	0.059925	0.184296	-0.0599304	0.981042	3.69781	-1.19616	39.8372	
0.982047	0.00580889	-0.188547	0.00587097	0.9981	0.061329	0.188545	-0.0613349	0.980147	3.87161	-1.25269	40.7514	
0.981221	0.00607778	-0.192794	0.00614418	0.998011	0.0627329	0.192791	-0.0627393	0.979232	4.04938	-1.31053	41.6648	
0.980376	0.00635277	-0.197036	0.00642369	0.99792	0.0641365	0.197034	-0.0641435	0.978296	4.2311	-1.36967	42.5774	
0.979512	0.00663384	-0.201274	0.0067095	0.997827	0.0655397	0.201272	-0.0655474	0.97734	4.41678	-1.43013	43.489	
0.978631	0.00692101	-0.205509	0.00700159	0.997732	0.0669426	0.205506	-0.066951	0.976363	4.6064	-1.4919	44.3998	
0.977731	0.00721426	-0.209739	0.00729998	0.997635	0.0683451	0.209736	-0.0683542	0.975366	4.79997	-1.55497	45.3096	
0.976813	0.00751359	-0.213964	0.00760465	0.997536	0.0697471	0.213961	-0.069757	0.974348	4.99748	-1.61935	46.2185	
0.975876	0.00781899	-0.218185	0.00791562	0.997434	0.0711486	0.218182	-0.0711593	0.97331	5.19893	-1.68504	47.1264	
0.974921	0.00813046	-0.222402	0.00823288	0.997331	0.0725496	0.222398	-0.0725612	0.972252	5.40431	-1.75204	48.0333	
0.973948	0.00844799	-0.226613	0.00855642	0.997225	0.07395	0.226609	-0.0739624	0.971173	5.61362	-1.82034	48.9393	
0.972957	0.00877157	-0.23082	0.00888624	0.997118	0.0753497	0.230816	-0.0753631	0.970075	5.82686	-1.88995	49.8442	
0.971948	0.0091012	-0.235022	0.00922235	0.997008	0.0767487	0.235017	-0.0767632	0.968955	6.04401	-1.96087	50.7481	
0.97092	0.00943688	-0.239218	0.00956473	0.996896	0.078147	0.239213	-0.0781626	0.967816	6.26508	-2.03309	51.651	
0.969874	0.00977858	-0.243409	0.00991338	0.996782	0.0795446	0.243403	-0.0795612	0.966656	6.49006	-2.10661	52.5528	
0.968811	0.0101263	-0.247594	0.0102683	0.996666	0.0809412	0.247589	-0.0809591	0.965477	6.71894	-2.18144	53.4534	
0.967729	0.0104801	-0.251774	0.0106295	0.996548	0.082337	0.251768	-0.0823562	0.964277	6.95172	-2.25757	54.353	
0.96663	0.0108398	-0.255948	0.0109969	0.996428	0.0837319	0.255942	-0.0837524	0.963057	7.18839	-2.33501	55.2515	
0.965512	0.0112056	-0.260117	0.0113706	0.996305	0.0851258	0.26011	-0.0851477	0.961817	7.42896	-2.41374	56.1488	
0.965179	0.0113162	-0.261345	0.0121547	0.996045	0.0880173	0.261307	-0.0881291	0.961224	7.67202	-2.49452	57.0452	
0.964844	0.0114309	-0.262574	0.0129436	0.995775	0.0909118	0.262504	-0.0911143	0.96062	7.9162	-2.57807	57.9411	
0.964507	0.0115494	-0.263804	0.0137373	0.995495	0.0938088	0.263699	-0.0941032	0.960004	8.1615	-2.66442	58.8364	
0.964168	0.011672	-0.265034	0.0145356	0.995207	0.0967078	0.264892	-0.0970951	0.959377	8.40791	-2.75355	59.7312	
0.963828	0.0117985	-0.266264	0.0153387	0.994908	0.0996086	0.266084	-0.10009	0.95874	8.65543	-2.84547	60.6253	
0.963485	0.0119289	-0.267495	0.0161462	0.994601	0.102511	0.267273	-0.103087	0.958091	8.90406	-2.94018	61.5189	
0.963141	0.0120633	-0.268725	0.0169581	0.994284	0.105414	0.268461	-0.106085	0.957431	9.1538	-3.03769	62.4118	
0.962795	0.0122016	-0.269956	0.0177743	0.993957	0.108317	0.269646	-0.109086	0.956761	9.40464	-3.13799	63.3042	
0.962448	0.0123438	-0.271186	0.0185947	0.993622	0.111221	0.270829	-0.112087	0.95608	9.65659	-3.24109	64.1958	
0.962099	0.0124899	-0.272415	0.0194191	0.993277	0.114124	0.272009	-0.115089	0.955388	9.90964	-3.34699	65.0869	
0.961748	0.0126399	-0.273644	0.0202476	0.992922	0.117026	0.273186	-0.118091	0.954685	10.1638	-3.45569	65.9773	
0.961396	0.0127938	-0.274872	0.0210799	0.992559	0.119928	0.274361	-0.121092	0.953972	10.419	-3.56719	66.867	
0.961042	0.0129515	-0.276099	0.021916	0.992186	0.122828	0.275532	-0.124093	0.953249	10.6754	-3.68149	67.7561	
0.960687	0.0131131	-0.277325	0.0227557	0.991804	0.125725	0.2767	-0.127094	0.952515	10.9328	-3.79858	68.6445	
0.96033	0.0132785	-0.278549	0.023599	0.991413	0.128621	0.277865	-0.130092	0.95177	11.1913	-3.91847	69.5322	
0.959972	0.0134477	-0.279772	0.0244456	0.991013	0.131514	0.279027	-0.133089	0.951016	11.4509	-4.04116	70.4192	
0.965526	0.0105863	-0.260092	0.0273536	0.989515	0.141819	0.258866	-0.144044	0.955112	11.7017	-4.17035	71.3078	
0.970662	0.00749958	-0.240332	0.0300429	0.987898	0.152165	0.238565	-0.154921	0.95869	11.9336	-4.30972	72.2	
0.975377	0.00418908	-0.220504	0.0325119	0.986165	0.162548	0.218135	-0.165714	0.961746	12.1465	-4.4592	73.0953	
0.979669	0.000656642	-0.200619	0.0347594	0.984315	0.17296	0.197585	-0.176417	0.964281	12.3403	-4.61869	73.9932	
0.983536	-0.00309582	-0.180686	0.0367841	0.98235	0.183398	0.176929	-0.187025	0.966291	12.5149	-4.78812	74.8932	
0.986975	-0.00706626	-0.160717	0.038585	0.980271	0.193854	0.156176	-0.19753	0.967776	12.6702	-4.9674	75.7948	
0.989985	-0.0112525	-0.140723	0.040161	0.978079	0.204323	0.135339	-0.207928	0.968736	12.8061	-5.15642	76.6976	
0.992564	-0.0156524	-0.120714	0.0415113	0.975775	0.2148	0.114428	-0.218214	0.969169	12.9225	-5.35508	77.601	
0.99471	-0.0202633	-0.100702	0.0426352	0.973361	0.225279	0.093455	-0.22838	0.969076	13.0194	-5.56327	78.5046	
0.996423	-0.025083	-0.0806979	0.043532	0.970837	0.235754	0.0724311	-0.238423	0.968457	13.0967	-5.78089	79.4078	
0.997701	-0.0301087	-0.0607115	0.0442013	0.968206	0.246219	0.0513679	-0.248336	0.967311	13.1545	-6.0078	80.3102	
0.998544	-0.0353377	-0.0407542	0.0446427	0.965468	0.256669	0.0302768	-0.258115	0.96564	13.1925	-6.2439	81.2113	
0.998951	-0.0407671	-0.0208368	0.044856	0.962625	0.267098	0.00916925	-0.267753	0.963444	13.2109	-6.48905	82.1106	
0.998923	-0.0463941	-0.000970223	0.044841	0.959678	0.277501	-0.0119433	-0.277245	0.960725	13.2096	-6.74312	83.0076	
0.998458	-0.0522156	0.0188349	0.0445977	0.95663	0.287871	-0.0330493	-0.286587	0.957484	13.1886	-7.00597	83.9019	
0.997558	-0.0582283	0.0385677	0.0441264	0.953482	0.298204	-0.0541374	-0.295773	0.953723	13.148	-7.27746	84.7929	
0.996223	-0.0644291	0.0582174	0.0434272	0.950235	0.308493	-0.0751961	-0.304799	0.949444	13.0877	-7.55743	85.6801	
0.994453	-0.0708145	0.0777735	0.0425005	0.946891	0.318733	-0.096214	-0.313659	0.944649	13.0078	-7.84575	86.5631	
0.99225	-0.0773812	0.0972253	0.0413468	0.943453	0.328918	-0.11718	-0.322349	0.93934	12.9083	-8.14224	87.4414	
0.989614	-0.0841254	0.116562	0.0399668	0.939921	0.339043	-0.138081	-0.330863	0.933522	12.7893	-8.44676	88.3145	
0.986548	-0.0910437	0.135774	0.0383612	0.936299	0.349103	-0.158908	-0.339198	0.927196	12.6509	-8.75913	89.1819	
0.983052	-0.0981321	0.154849	0.0365309	0.932587	0.359091	-0.179649	-0.347349	0.920367	12.493	-9.07919	90.0432	
