1	0	0	0	1	0	0	0	1	0	0	0	
0.999998	-3.55342e-06	-0.00203879	-3.55342e-06	0.999994	-0.0034858	0.00203879	0.0034858	0.999992	0.000809853	0.00138464	0.794442	
0.999992	-1.42289e-05	-0.00408021	-1.42222e-05	0.999976	-0.00697283	0.00408021	0.00697283	0.999967	0.00324046	0.00553904	1.58887	
0.999981	-3.20472e-05	-0.00612421	-3.20206e-05	0.999945	-0.010461	0.00612421	0.010461	0.999927	0.00729388	0.0124642	2.38327	
0.999967	-5.70291e-05	-0.00817075	-5.69624e-05	0.999903	-0.0139503	0.00817075	0.0139503	0.999869	0.0129722	0.0221609	3.17764	
0.999948	-8.91947e-05	-0.0102198	-8.90613e-05	0.999848	-0.0174405	0.0102198	0.0174405	0.999796	0.0202773	0.03463	3.97195	
0.999925	-0.000128564	-0.0122712	-0.000128331	0.999781	-0.0209316	0.0122712	0.0209316	0.999706	0.0292112	0.0498723	4.7662	
0.999897	-0.000175157	-0.0143251	-0.000174783	0.999702	-0.0244235	0.0143251	0.0244235	0.999599	0.0397759	0.0678883	5.56037	
0.999866	-0.000228992	-0.0163813	-0.000228431	0.99961	-0.0279162	0.0163813	0.0279162	0.999476	0.0519732	0.0886789	6.35445	
0.99983	-0.000290089	-0.0184398	-0.000289287	0.999507	-0.0314095	0.0184398	0.0314095	0.999336	0.065805	0.112244	7.14842	
0.99979	-0.000358467	-0.0205005	-0.000357364	0.999391	-0.0349033	0.0205006	0.0349033	0.99918	0.081273	0.138585	7.94228	
0.999745	-0.000434143	-0.0225635	-0.000432671	0.999262	-0.0383976	0.0225635	0.0383976	0.999008	0.098379	0.167702	8.736	
0.999697	-0.000517136	-0.0246286	-0.000515222	0.999122	-0.0418923	0.0246286	0.0418923	0.998819	0.117125	0.199595	9.52958	
0.999643	-0.000607464	-0.0266958	-0.000605027	0.998969	-0.0453873	0.0266958	0.0453873	0.998613	0.137512	0.234264	10.323	
0.999586	-0.000705143	-0.028765	-0.000702096	0.998804	-0.0488825	0.0287651	0.0488825	0.99839	0.159542	0.271711	11.1163	
0.999524	-0.000810192	-0.0308362	-0.00080644	0.998627	-0.0523778	0.0308363	0.0523778	0.998151	0.183217	0.311933	11.9093	
0.999458	-0.000922627	-0.0329094	-0.000918069	0.998437	-0.0558732	0.0329096	0.0558732	0.997895	0.208539	0.354933	12.7022	
0.999387	-0.00104247	-0.0349845	-0.00103699	0.998236	-0.0593686	0.0349847	0.0593685	0.997623	0.235508	0.40071	13.4949	
0.999312	-0.00116972	-0.0370615	-0.00116322	0.998021	-0.0628638	0.0370617	0.0628637	0.997334	0.264126	0.449263	14.2873	
0.999233	-0.00130441	-0.0391403	-0.00129676	0.997795	-0.0663588	0.0391405	0.0663586	0.997028	0.294396	0.500593	15.0795	
0.999149	-0.00144655	-0.0412208	-0.00143762	0.997556	-0.0698535	0.0412211	0.0698533	0.996705	0.326317	0.5547	15.8715	
0.999061	-0.00159616	-0.043303	-0.00158581	0.997305	-0.0733479	0.0433034	0.0733476	0.996366	0.359892	0.611582	16.6632	
0.998968	-0.00175325	-0.0453869	-0.00174134	0.997042	-0.0768417	0.0453873	0.0768415	0.99601	0.395122	0.671241	17.4546	
0.998871	-0.00191783	-0.0474724	-0.00190422	0.996766	-0.0803351	0.0474729	0.0803348	0.995637	0.432008	0.733675	18.2457	
0.998769	-0.00208992	-0.0495594	-0.00207445	0.996478	-0.0838278	0.0495601	0.0838274	0.995247	0.470552	0.798884	19.0365	
0.998663	-0.00226954	-0.051648	-0.00225204	0.996178	-0.0873198	0.0516488	0.0873193	0.994841	0.510754	0.866867	19.8271	
0.998552	-0.00245669	-0.053738	-0.002437	0.995865	-0.090811	0.0537389	0.0908105	0.994417	0.552617	0.937624	20.6172	
0.998437	-0.00265139	-0.0558294	-0.00262933	0.99554	-0.0943013	0.0558305	0.0943007	0.993977	0.59614	1.01115	21.4071	
0.998317	-0.00285366	-0.0579222	-0.00282905	0.995203	-0.0977907	0.0579234	0.09779	0.99352	0.641326	1.08746	22.1965	
0.998193	-0.0030635	-0.0600163	-0.00303614	0.994853	-0.101279	0.0600177	0.101278	0.993046	0.688175	1.16653	22.9857	
0.998064	-0.00328093	-0.0621117	-0.00325064	0.994492	-0.104766	0.0621132	0.104765	0.992555	0.736688	1.24838	23.7744	
0.99793	-0.00350597	-0.0642082	-0.00347252	0.994117	-0.108252	0.06421	0.108251	0.992048	0.786866	1.33299	24.5627	
0.997792	-0.00373861	-0.0663059	-0.00370182	0.993731	-0.111737	0.066308	0.111736	0.991523	0.838711	1.42038	25.3506	
0.99765	-0.00397888	-0.0684048	-0.00393851	0.993332	-0.11522	0.0684071	0.115219	0.990982	0.892223	1.51053	26.1381	
0.997502	-0.00422679	-0.0705046	-0.00418262	0.992921	-0.118702	0.0705073	0.1187	0.990424	0.947403	1.60345	26.9252	
0.997351	-0.00448234	-0.0726055	-0.00443415	0.992498	-0.122182	0.0726085	0.122181	0.989848	1.00425	1.69913	27.7118	
0.997194	-0.00474555	-0.0747074	-0.00469309	0.992062	-0.125661	0.0747107	0.125659	0.989256	1.06277	1.79758	28.4979	
0.997033	-0.00501643	-0.0768101	-0.00495946	0.991614	-0.129138	0.0768138	0.129136	0.988647	1.12296	1.89879	29.2836	
0.996867	-0.00529499	-0.0789137	-0.00523325	0.991154	-0.132613	0.0789179	0.132611	0.988021	1.18482	2.00276	30.0688	
0.996697	-0.00558123	-0.0810182	-0.00551448	0.990682	-0.136087	0.0810227	0.136084	0.987379	1.24835	2.10949	30.8535	
0.996522	-0.00587517	-0.0831233	-0.00580313	0.990197	-0.139558	0.0831284	0.139555	0.986719	1.31356	2.21898	31.6376	
0.996342	-0.00617682	-0.0852292	-0.00609922	0.9897	-0.143027	0.0852348	0.143024	0.986042	1.38043	2.33123	32.4212	
0.996158	-0.00648618	-0.0873357	-0.00640274	0.989191	-0.146495	0.0873419	0.146491	0.985349	1.44899	2.44623	33.2043	
0.995969	-0.00680326	-0.0894428	-0.0067137	0.988669	-0.14996	0.0894496	0.149956	0.984638	1.51921	2.56398	33.9868	
0.995775	-0.00712807	-0.0915505	-0.0070321	0.988136	-0.153422	0.0915579	0.153418	0.983911	1.59111	2.68449	34.7688	
0.995576	-0.00746063	-0.0936587	-0.00735794	0.98759	-0.156883	0.0936668	0.156878	0.983166	1.66469	2.80775	35.5502	
0.995373	-0.00780093	-0.0957673	-0.00769123	0.987032	-0.160341	0.0957762	0.160335	0.982405	1.73994	2.93375	36.3309	
0.995165	-0.00814898	-0.0978764	-0.00803195	0.986462	-0.163796	0.097886	0.16379	0.981627	1.81686	3.0625	37.1111	
0.994953	-0.0085048	-0.0999857	-0.00838011	0.985879	-0.167249	0.0999963	0.167243	0.980832	1.89547	3.194	37.8906	
0.994735	-0.00886838	-0.102095	-0.00873572	0.985284	-0.170699	0.102107	0.170692	0.98002	1.97575	3.32823	38.6695	
0.994513	-0.00923974	-0.104205	-0.00909877	0.984678	-0.174147	0.104218	0.174139	0.979191	2.0577	3.46521	39.4478	
0.994286	-0.00961887	-0.106315	-0.00946926	0.984059	-0.177591	0.106329	0.177583	0.978345	2.14134	3.60492	40.2253	
0.994054	-0.0100058	-0.108426	-0.00984719	0.983428	-0.181033	0.10844	0.181024	0.977482	2.22665	3.74737	41.0022	
0.993818	-0.0104005	-0.110536	-0.0102326	0.982785	-0.184472	0.110552	0.184462	0.976602	2.31364	3.89255	41.7784	
0.993576	-0.010803	-0.112646	-0.0106254	0.982129	-0.187907	0.112663	0.187897	0.975706	2.4023	4.04045	42.554	
0.993005	-0.0117463	-0.117487	-0.0111258	0.981303	-0.192146	0.117547	0.192109	0.974308	2.49375	4.1914	43.3285	
0.992409	-0.0127106	-0.122321	-0.0116483	0.980458	-0.196386	0.122426	0.19632	0.972867	2.58907	4.3457	44.102	
0.991789	-0.0136957	-0.127147	-0.0121928	0.979592	-0.200625	0.1273	0.200528	0.971382	2.68827	4.50333	44.8743	
0.991145	-0.0147016	-0.131966	-0.0127593	0.978707	-0.204864	0.132167	0.204733	0.969854	2.79134	4.66431	45.6454	
0.990477	-0.0157284	-0.136776	-0.0133479	0.977803	-0.209101	0.137029	0.208936	0.968281	2.89827	4.82863	46.4153	
0.989785	-0.0167761	-0.141579	-0.0139586	0.976879	-0.213338	0.141885	0.213135	0.966666	3.00906	4.99629	47.1839	
0.989068	-0.0178445	-0.146374	-0.0145913	0.975935	-0.217572	0.146734	0.21733	0.965006	3.12371	5.16728	47.9512	
0.988328	-0.0189338	-0.15116	-0.015246	0.974972	-0.221805	0.151576	0.22152	0.963303	3.2422	5.3416	48.7172	
0.987564	-0.0200438	-0.155937	-0.0159228	0.973989	-0.226034	0.156412	0.225706	0.961557	3.36454	5.51925	49.4818	
0.986775	-0.0211745	-0.160706	-0.0166216	0.972987	-0.230261	0.16124	0.229887	0.959767	3.49072	5.70022	50.245	
0.985963	-0.0223259	-0.165465	-0.0173424	0.971965	-0.234485	0.166062	0.234063	0.957934	3.62073	5.88451	51.0067	
0.985127	-0.023498	-0.170215	-0.0180853	0.970924	-0.238704	0.170875	0.238232	0.956058	3.75457	6.07212	51.767	
0.984267	-0.0246908	-0.174956	-0.01885	0.969863	-0.24292	0.175681	0.242396	0.954139	3.89223	6.26304	52.5258	
0.983383	-0.0259041	-0.179686	-0.0196368	0.968783	-0.24713	0.180479	0.246552	0.952176	4.03371	6.45726	53.283	
0.982475	-0.027138	-0.184407	-0.0204454	0.967684	-0.251336	0.185268	0.250702	0.950171	4.17899	6.65478	54.0387	
0.981544	-0.0283925	-0.189117	-0.0212759	0.966565	-0.255537	0.190049	0.254844	0.948122	4.32808	6.85559	54.7927	
0.980589	-0.0296674	-0.193817	-0.0221282	0.965427	-0.259732	0.194822	0.258979	0.946031	4.48096	7.0597	55.5451	
0.97961	-0.0309628	-0.198506	-0.0230023	0.96427	-0.26392	0.199586	0.263105	0.943897	4.63762	7.26708	56.2958	
0.978608	-0.0322786	-0.203185	-0.0238982	0.963094	-0.268102	0.20434	0.267223	0.94172	4.79807	7.47774	57.0449	
0.977582	-0.0336148	-0.207852	-0.0248158	0.961899	-0.272278	0.209085	0.271332	0.939501	4.9623	7.69167	57.7921	
0.976533	-0.0349713	-0.212508	-0.025755	0.960684	-0.276445	0.213821	0.275431	0.93724	5.13028	7.90885	58.5376	
0.975461	-0.0363481	-0.217153	-0.0267158	0.959451	-0.280606	0.218547	0.279521	0.934936	5.30203	8.12929	59.2813	
0.974365	-0.037745	-0.221786	-0.0276981	0.958199	-0.284758	0.223263	0.283601	0.93259	5.47753	8.35298	60.0231	
0.973245	-0.0391622	-0.226407	-0.0287019	0.956928	-0.288902	0.227969	0.287671	0.930202	5.65677	8.5799	60.763	
0.972103	-0.0405994	-0.231016	-0.029727	0.955639	-0.293037	0.232665	0.291729	0.927772	5.83974	8.81005	61.5011	
0.970937	-0.0420568	-0.235612	-0.0307735	0.954331	-0.297163	0.23735	0.295777	0.925301	6.02644	9.04343	62.2372	
0.969748	-0.0435341	-0.240196	-0.0318412	0.953004	-0.301279	0.242024	0.299813	0.922787	6.21686	9.28001	62.9713	
0.968535	-0.0450314	-0.244768	-0.0329301	0.951659	-0.305385	0.246688	0.303837	0.920233	6.41099	9.51979	63.7034	
0.9673	-0.0465486	-0.249326	-0.0340401	0.950296	-0.309481	0.25134	0.307849	0.917637	6.60882	9.76277	64.4334	
0.966042	-0.0480855	-0.253872	-0.0351711	0.948915	-0.313567	0.255981	0.311848	0.915	6.81034	10.0089	65.1614	
0.964761	-0.0496423	-0.258404	-0.0363229	0.947515	-0.317641	0.26061	0.315834	0.912322	7.01554	10.2583	65.8872	
0.963457	-0.0512188	-0.262922	-0.0374956	0.946097	-0.321705	0.265227	0.319807	0.909603	7.22442	10.5107	66.6109	
0.96213	-0.0528149	-0.267427	-0.0386891	0.944662	-0.325756	0.269833	0.323766	0.906844	7.43695	10.7664	67.3325	
0.96078	-0.0544305	-0.271918	-0.0399031	0.943209	-0.329795	0.274427	0.327711	0.904044	7.65315	11.0252	68.0518	
0.959407	-0.0560657	-0.276395	-0.0411376	0.941738	-0.333822	0.279008	0.331642	0.901204	7.87298	11.2871	68.7689	
0.958012	-0.0577203	-0.280858	-0.0423926	0.94025	-0.337837	0.283576	0.335558	0.898324	8.09646	11.5521	69.4837	
0.952514	-0.0640751	-0.297676	-0.0442645	0.938086	-0.343563	0.30126	0.340425	0.890704	8.32877	11.8206	70.1944	
0.946685	-0.0705203	-0.314348	-0.0462492	0.935892	-0.349239	0.318824	0.345158	0.882733	8.57509	12.093	70.8988	
0.940526	-0.0770531	-0.330867	-0.0483459	0.933667	-0.354863	0.336263	0.349754	0.874414	8.83532	12.369	71.5968	
0.934041	-0.0836711	-0.347226	-0.0505539	0.931414	-0.360433	0.353569	0.354213	0.865749	9.10934	12.6487	72.2881	
0.927232	-0.0903715	-0.363419	-0.0528722	0.929133	-0.365946	0.370736	0.358532	0.856744	9.39706	12.9318	72.9723	
0.920102	-0.0971519	-0.37944	-0.0552999	0.926824	-0.371401	0.387757	0.362709	0.8474	9.69836	13.2183	73.6493	
0.912652	-0.104009	-0.395282	-0.0578361	0.92449	-0.376794	0.404624	0.366744	0.837722	10.0131	13.508	74.3187	
0.904888	-0.110941	-0.410938	-0.0604797	0.92213	-0.382125	0.421332	0.370633	0.827714	10.3412	13.801	74.9802	
0.89681	-0.117945	-0.426404	-0.0632298	0.919745	-0.38739	0.437874	0.374377	0.817379	10.6825	14.0969	75.6337	
