1	0	0	0	1	0	0	0	1	0	0	0	
0.999999	2.62835e-06	-0.00167482	2.62835e-06	0.999995	0.00313865	0.00167482	-0.00313865	0.999994	0.000641591	-0.00120236	0.76616	
0.999994	1.05133e-05	-0.00334895	1.05214e-05	0.99998	0.00628088	0.00334895	-0.00628088	0.999975	0.0025661	-0.00481081	1.53231	
0.999987	2.36564e-05	-0.00502237	2.36889e-05	0.999956	0.00942661	0.00502237	-0.00942661	0.999943	0.005773	-0.0108281	2.29844	
0.999978	4.20589e-05	-0.00669501	4.21403e-05	0.999921	0.0125758	0.00669501	-0.0125758	0.999899	0.0102617	-0.0192568	3.06454	
0.999965	6.57218e-05	-0.00836684	6.58847e-05	0.999876	0.0157283	0.00836684	-0.0157283	0.999841	0.0160316	-0.0300995	3.83061	
0.99995	9.46457e-05	-0.0100378	9.49309e-05	0.999822	0.0188841	0.0100378	-0.0188841	0.999771	0.0230821	-0.0433588	4.59662	
0.999931	0.000128831	-0.0117079	0.000129287	0.999757	0.0220431	0.0117079	-0.0220431	0.999688	0.0314125	-0.0590373	5.36258	
0.999911	0.000168277	-0.013377	0.000168963	0.999682	0.0252052	0.013377	-0.0252052	0.999593	0.041022	-0.0771372	6.12846	
0.999887	0.000212984	-0.0150452	0.000213964	0.999597	0.0283704	0.0150452	-0.0283704	0.999484	0.0519101	-0.097661	6.89427	
0.99986	0.000262951	-0.0167123	0.000264299	0.999503	0.0315385	0.0167123	-0.0315385	0.999363	0.0640758	-0.120611	7.65999	
0.999831	0.000318177	-0.0183784	0.000319976	0.999397	0.0347096	0.0183784	-0.0347096	0.999228	0.0775184	-0.145989	8.42561	
0.999799	0.00037866	-0.0200434	0.000381001	0.999282	0.0378835	0.0200433	-0.0378835	0.999081	0.092237	-0.173798	9.19113	
0.999764	0.000444399	-0.0217072	0.000447381	0.999157	0.0410601	0.0217071	-0.0410602	0.998921	0.108231	-0.20404	9.95653	
0.999727	0.000515393	-0.0233698	0.000519122	0.999021	0.0442395	0.0233697	-0.0442395	0.998748	0.125499	-0.236717	10.7218	
0.999686	0.000591637	-0.0250312	0.00059623	0.998875	0.0474214	0.0250311	-0.0474215	0.998561	0.14404	-0.271831	11.4869	
0.999643	0.00067313	-0.0266913	0.000678711	0.998718	0.0506059	0.0266911	-0.050606	0.998362	0.163854	-0.309383	12.2519	
0.999598	0.00075987	-0.0283501	0.00076657	0.998552	0.0537928	0.0283499	-0.0537929	0.99815	0.184939	-0.349376	13.0167	
0.999549	0.000851851	-0.0300075	0.000859813	0.998375	0.0569822	0.0300073	-0.0569823	0.997924	0.207295	-0.391812	13.7814	
0.999498	0.000949072	-0.0316635	0.000958444	0.998187	0.0601738	0.0316633	-0.0601739	0.997686	0.23092	-0.436693	14.5459	
0.999444	0.00105153	-0.0333181	0.00106247	0.99799	0.0633676	0.0333178	-0.0633678	0.997434	0.255813	-0.484019	15.3102	
0.999388	0.00115921	-0.0349712	0.00117189	0.997781	0.0665637	0.0349708	-0.0665639	0.997169	0.281973	-0.533793	16.0743	
0.999328	0.00127213	-0.0366228	0.00128671	0.997563	0.0697618	0.0366223	-0.069762	0.996891	0.309399	-0.586017	16.8382	
0.999266	0.00139026	-0.0382728	0.00140694	0.997334	0.0729619	0.0382722	-0.0729622	0.9966	0.338089	-0.640692	17.6018	
0.999202	0.00151361	-0.0399213	0.00153257	0.997094	0.0761639	0.0399205	-0.0761643	0.996296	0.368044	-0.69782	18.3653	
0.999134	0.00164217	-0.041568	0.00166362	0.996844	0.0793678	0.0415672	-0.0793682	0.995978	0.39926	-0.757401	19.1285	
0.999064	0.00177593	-0.0432131	0.00180008	0.996583	0.0825735	0.0432121	-0.082574	0.995648	0.431737	-0.819438	19.8914	
0.998992	0.0019149	-0.0448565	0.00194195	0.996312	0.0857808	0.0448553	-0.0857815	0.995304	0.465474	-0.883932	20.6541	
0.998916	0.00205905	-0.0464981	0.00208924	0.99603	0.0889899	0.0464968	-0.0889906	0.994947	0.50047	-0.950884	21.4165	
0.998838	0.0022084	-0.0481379	0.00224196	0.995738	0.0922004	0.0481363	-0.0922012	0.994576	0.536722	-1.0203	22.1787	
0.998758	0.00236292	-0.0497759	0.00240009	0.995435	0.0954125	0.0497741	-0.0954134	0.994193	0.574229	-1.09217	22.9406	
0.998674	0.00252261	-0.0514119	0.00256365	0.995121	0.0986259	0.0514099	-0.098627	0.993796	0.612991	-1.1665	23.7021	
0.998588	0.00268746	-0.0530461	0.00273263	0.994797	0.101841	0.0530438	-0.101842	0.993385	0.653005	-1.2433	24.4634	
0.9985	0.00285748	-0.0546783	0.00290703	0.994462	0.105057	0.0546757	-0.105058	0.992962	0.694271	-1.32256	25.2243	
0.998409	0.00303264	-0.0563085	0.00308686	0.994116	0.108274	0.0563056	-0.108275	0.992525	0.736786	-1.40428	25.9849	
0.998315	0.00321293	-0.0579367	0.00327212	0.99376	0.111492	0.0579334	-0.111494	0.992075	0.780548	-1.48847	26.7452	
0.998219	0.00339836	-0.0595628	0.0034628	0.993393	0.114712	0.0595591	-0.114713	0.991612	0.825558	-1.57512	27.5051	
0.99812	0.00358892	-0.0611868	0.0036589	0.993015	0.117932	0.0611826	-0.117934	0.991135	0.871811	-1.66425	28.2646	
0.998018	0.00378458	-0.0628086	0.00386042	0.992626	0.121153	0.062804	-0.121155	0.990645	0.919308	-1.75584	29.0238	
0.997914	0.00398535	-0.0644282	0.00406737	0.992227	0.124375	0.0644231	-0.124378	0.990141	0.968047	-1.8499	29.7826	
0.997808	0.00419121	-0.0660457	0.00427974	0.991817	0.127598	0.06604	-0.127601	0.989625	1.01802	-1.94643	30.541	
0.997699	0.00440215	-0.0676608	0.00449753	0.991396	0.130821	0.0676545	-0.130824	0.989094	1.06924	-2.04542	31.299	
0.997587	0.00461816	-0.0692737	0.00472073	0.990964	0.134045	0.0692668	-0.134048	0.988551	1.12169	-2.14689	32.0566	
0.997473	0.00483924	-0.0708842	0.00494935	0.990521	0.137269	0.0708766	-0.137273	0.987994	1.17538	-2.25083	32.8138	
0.997356	0.00506537	-0.0724923	0.00518338	0.990068	0.140494	0.072484	-0.140498	0.987424	1.2303	-2.35724	33.5706	
0.997237	0.00529654	-0.0740981	0.00542282	0.989604	0.143719	0.0740889	-0.143724	0.986841	1.28645	-2.46612	34.3269	
0.997115	0.00553273	-0.0757014	0.00566767	0.989128	0.146945	0.0756914	-0.14695	0.986244	1.34382	-2.57747	35.0827	
0.996991	0.00577394	-0.0773022	0.00591792	0.988642	0.15017	0.0772913	-0.150176	0.985633	1.40243	-2.69129	35.8381	
0.996864	0.00602016	-0.0789004	0.00617357	0.988146	0.153396	0.0788886	-0.153402	0.98501	1.46226	-2.80759	36.593	
0.996735	0.00627137	-0.0804962	0.00643461	0.987638	0.156622	0.0804833	-0.156628	0.984373	1.52331	-2.92635	37.3475	
0.996604	0.00652755	-0.0820893	0.00670105	0.987119	0.159847	0.0820753	-0.159855	0.983723	1.58558	-3.04759	38.1014	
0.99647	0.00678871	-0.0836798	0.00697287	0.986589	0.163073	0.0836647	-0.163081	0.983059	1.64908	-3.1713	38.8548	
0.996333	0.00705481	-0.0852677	0.00725007	0.986049	0.166298	0.0852513	-0.166307	0.982382	1.71379	-3.29749	39.6078	
0.996194	0.00732586	-0.0868528	0.00753265	0.985497	0.169524	0.0868351	-0.169533	0.981692	1.77971	-3.42614	40.3602	
0.996286	0.0071429	-0.0858064	0.00789133	0.984784	0.173603	0.0857408	-0.173635	0.98107	1.84582	-3.5576	41.112	
0.996377	0.00695582	-0.0847621	0.00824642	0.984052	0.177691	0.0846462	-0.177746	0.980429	1.91109	-3.69221	41.8635	
0.996466	0.00676463	-0.0837199	0.00859785	0.9833	0.181786	0.0835515	-0.181864	0.979768	1.97552	-3.82997	42.6144	
0.996555	0.00656932	-0.0826799	0.00894559	0.98253	0.18589	0.0824566	-0.185989	0.979086	2.03912	-3.97089	43.3648	
0.996641	0.0063699	-0.081642	0.00928959	0.98174	0.19	0.0813615	-0.19012	0.978384	2.10187	-4.11497	44.1146	
0.996727	0.00616637	-0.0806062	0.00962979	0.980931	0.194117	0.0802662	-0.194258	0.977661	2.16379	-4.26221	44.864	
0.996811	0.00595873	-0.0795726	0.00996615	0.980103	0.198241	0.0791706	-0.198402	0.976918	2.22487	-4.41264	45.6127	
0.996894	0.00574698	-0.0785412	0.0102986	0.979255	0.20237	0.0780749	-0.202551	0.976154	2.28511	-4.56623	46.3609	
0.996976	0.00553113	-0.0775119	0.0106272	0.978388	0.206505	0.0769789	-0.206705	0.97537	2.3445	-4.72301	47.1085	
0.997057	0.00531116	-0.0764847	0.0109517	0.977501	0.210646	0.0758827	-0.210863	0.974566	2.40306	-4.88297	47.8555	
0.997136	0.00508709	-0.0754597	0.0112723	0.976595	0.214791	0.0747862	-0.215026	0.973741	2.46078	-5.04612	48.6019	
0.997214	0.00485892	-0.0744367	0.0115888	0.975669	0.21894	0.0736895	-0.219193	0.972895	2.51766	-5.21246	49.3476	
0.997291	0.00462663	-0.0734159	0.0119012	0.974724	0.223094	0.0725924	-0.223363	0.972028	2.5737	-5.382	50.0926	
0.997366	0.00439024	-0.0723972	0.0122094	0.97376	0.227251	0.0714951	-0.227536	0.971141	2.62889	-5.55473	50.837	
0.997441	0.00414974	-0.0713805	0.0125135	0.972776	0.231411	0.0703975	-0.231712	0.970234	2.68325	-5.73066	51.5807	
0.997514	0.00390513	-0.0703659	0.0128134	0.971772	0.235574	0.0692995	-0.23589	0.969306	2.73677	-5.90979	52.3237	
0.997585	0.00365641	-0.0693533	0.013109	0.970749	0.23974	0.0682012	-0.24007	0.968357	2.78944	-6.09212	53.066	
0.997656	0.00340357	-0.0683428	0.0134003	0.969706	0.243908	0.0671026	-0.244252	0.967387	2.84127	-6.27766	53.8076	
0.997726	0.00314662	-0.0673342	0.0136873	0.968644	0.248077	0.0660035	-0.248434	0.966397	2.89226	-6.4664	54.5484	
0.997794	0.00288554	-0.0663277	0.0139699	0.967562	0.252248	0.064904	-0.252618	0.965387	2.94241	-6.65834	55.2884	
0.997861	0.00262034	-0.0653231	0.0142481	0.966461	0.256419	0.0638041	-0.256801	0.964356	2.99172	-6.85349	56.0276	
0.997927	0.00235101	-0.0643204	0.0145219	0.96534	0.260591	0.0627037	-0.260985	0.963304	3.04018	-7.05184	56.7661	
0.997991	0.00207755	-0.0633196	0.0147913	0.9642	0.264764	0.0616028	-0.265168	0.962232	3.0878	-7.2534	57.5037	
0.998055	0.00179995	-0.0623207	0.0150561	0.96304	0.268936	0.0605015	-0.269351	0.96114	3.13458	-7.45817	58.2405	
0.998117	0.00151821	-0.0613237	0.0153165	0.961862	0.273107	0.0593995	-0.273532	0.960027	3.18051	-7.66613	58.9765	
0.998178	0.00123232	-0.0603285	0.0155723	0.960664	0.277277	0.0582971	-0.277712	0.958894	3.22559	-7.87731	59.7116	
0.998238	0.000942269	-0.0593351	0.0158235	0.959446	0.281446	0.057194	-0.281889	0.957741	3.26984	-8.09168	60.4458	
0.998296	0.000648057	-0.0583434	0.0160701	0.95821	0.285614	0.0560903	-0.286065	0.956567	3.31323	-8.30925	61.1792	
0.998354	0.000349674	-0.0573535	0.0163121	0.956955	0.289779	0.054986	-0.290237	0.955374	3.35579	-8.53002	61.9116	
0.99841	4.71129e-05	-0.0563653	0.0165494	0.95568	0.293941	0.053881	-0.294407	0.95416	3.39749	-8.75399	62.6431	
0.998465	-0.000259635	-0.0553787	0.016782	0.954387	0.298101	0.0527753	-0.298573	0.952926	3.43835	-8.98115	63.3737	
0.998519	-0.00057058	-0.0543939	0.0170099	0.953074	0.302258	0.0516689	-0.302735	0.951673	3.47836	-9.2115	64.1033	
0.998572	-0.000885729	-0.0534106	0.0172332	0.951743	0.306411	0.0505618	-0.306894	0.9504	3.51752	-9.44504	64.8319	
0.998624	-0.00120509	-0.0524289	0.0174516	0.950394	0.31056	0.0494538	-0.311047	0.949107	3.55584	-9.68176	65.5596	
0.998674	-0.00152868	-0.0514487	0.0176653	0.949025	0.314704	0.0483451	-0.315196	0.947794	3.5933	-9.92166	66.2863	
0.998724	-0.00185651	-0.0504701	0.0178742	0.947639	0.318844	0.0472354	-0.319339	0.946463	3.62992	-10.1647	67.0119	
0.998772	-0.00218858	-0.0494929	0.0180783	0.946234	0.322979	0.046125	-0.323477	0.945111	3.66568	-10.411	67.7366	
0.998819	-0.00252491	-0.0485172	0.0182775	0.94481	0.327108	0.0450136	-0.327609	0.943741	3.70059	-10.6604	68.4601	
0.998865	-0.00286551	-0.0475429	0.0184719	0.943369	0.331232	0.0439013	-0.331734	0.942351	3.73466	-10.913	69.1827	
0.99891	-0.00321039	-0.0465699	0.0186614	0.941909	0.335349	0.042788	-0.335853	0.940942	3.76787	-11.1687	69.9041	
0.999511	-0.00923879	-0.0298604	0.018903	0.939488	0.34206	0.0248932	-0.342457	0.939204	3.79379	-11.4286	70.6244	
0.999795	-0.0153835	-0.0131847	0.0190168	0.93702	0.348757	0.00698927	-0.348936	0.937121	3.80601	-11.6935	71.3432	
0.99976	-0.0216422	0.00345081	0.0190028	0.934507	0.355438	-0.0109172	-0.355287	0.934694	3.8045	-11.9632	72.0603	
0.999407	-0.0280126	0.0200402	0.0188609	0.931948	0.3621	-0.0288198	-0.361507	0.931924	3.78928	-12.2378	72.7754	
0.998735	-0.0344924	0.0365772	0.0185914	0.929346	0.368741	-0.0467117	-0.367595	0.928812	3.76034	-12.5171	73.4882	
0.997746	-0.0410792	0.053056	0.0181941	0.926701	0.375359	-0.0645865	-0.373548	0.92536	3.71771	-12.8011	74.1985	
