1	0	0	0	1	0	0	0	1	0	0	0	
0.999993	6.04991e-06	-0.00369152	6.04991e-06	0.999995	0.00327772	0.00369152	-0.00327772	0.999988	0.00160339	-0.00142366	0.868683	
0.999973	2.4194e-05	-0.00738101	2.42085e-05	0.999978	0.00655756	0.00738101	-0.00655756	0.999951	0.00641268	-0.00569555	1.73735	
0.999939	5.44274e-05	-0.0110684	5.44852e-05	0.999952	0.00983943	0.0110684	-0.00983943	0.99989	0.0144261	-0.0128175	2.60597	
0.999891	9.67445e-05	-0.0147536	9.6889e-05	0.999914	0.0131233	0.0147536	-0.0131233	0.999805	0.0256417	-0.0227912	3.47452	
0.99983	0.00015114	-0.0184364	0.000151429	0.999865	0.016409	0.0184364	-0.016409	0.999695	0.0400576	-0.0356184	4.34299	
0.999755	0.000217607	-0.0221169	0.000218113	0.999806	0.0196965	0.0221169	-0.0196965	0.999561	0.0576717	-0.0513005	5.21136	
0.999667	0.00029614	-0.0257949	0.00029695	0.999736	0.0229857	0.0257949	-0.0229857	0.999403	0.0784819	-0.0698393	6.0796	
0.999566	0.000386733	-0.0294703	0.000387947	0.999655	0.0262765	0.0294703	-0.0262765	0.99922	0.102486	-0.091236	6.94769	
0.99945	0.000489377	-0.0331431	0.000491111	0.999563	0.0295689	0.0331431	-0.0295689	0.999013	0.129682	-0.115492	7.81561	
0.999322	0.000604066	-0.0368131	0.00060645	0.99946	0.0328627	0.0368131	-0.0328627	0.998782	0.160067	-0.142609	8.68334	
0.99918	0.000730793	-0.0404803	0.000733971	0.999346	0.0361579	0.0404803	-0.036158	0.998526	0.193639	-0.172588	9.55086	
0.999025	0.000869548	-0.0441446	0.00087368	0.999221	0.0394544	0.0441445	-0.0394545	0.998246	0.230395	-0.20543	10.4181	
0.998856	0.00102033	-0.0478058	0.00102558	0.999085	0.0427522	0.0478057	-0.0427523	0.997941	0.270333	-0.241136	11.2852	
0.998674	0.00118311	-0.0514639	0.00118969	0.998938	0.046051	0.0514638	-0.0460512	0.997613	0.31345	-0.279707	12.1519	
0.998479	0.00135791	-0.0551189	0.00136599	0.998781	0.0493509	0.0551187	-0.0493511	0.997259	0.359744	-0.321144	13.0184	
0.99827	0.00154469	-0.0587705	0.00155451	0.998612	0.0526518	0.0587703	-0.0526521	0.996882	0.409211	-0.365449	13.8845	
0.998049	0.00174346	-0.0624188	0.00175525	0.998432	0.0559535	0.0624184	-0.0559539	0.99648	0.461848	-0.412621	14.7503	
0.997814	0.00195421	-0.0660636	0.0019682	0.998241	0.0592561	0.0660632	-0.0592566	0.996054	0.517654	-0.462662	15.6158	
0.997565	0.00217692	-0.0697048	0.00219338	0.998039	0.0625594	0.0697043	-0.0625599	0.995604	0.576624	-0.515573	16.4809	
0.997304	0.00241159	-0.0733424	0.00243078	0.997826	0.0658633	0.0733418	-0.065864	0.99513	0.638755	-0.571353	17.3455	
0.997029	0.00265819	-0.0769763	0.00268042	0.997601	0.0691677	0.0769755	-0.0691686	0.994631	0.704044	-0.630003	18.2098	
0.996742	0.00291673	-0.0806063	0.00294229	0.997366	0.0724726	0.0806054	-0.0724736	0.994108	0.772489	-0.691525	19.0736	
0.996441	0.00318719	-0.0842325	0.00321639	0.99712	0.0757779	0.0842314	-0.0757791	0.993561	0.844085	-0.755918	19.9369	
0.996127	0.00346956	-0.0878546	0.00350274	0.996862	0.0790835	0.0878533	-0.0790849	0.992989	0.918829	-0.823182	20.7997	
0.9958	0.00376383	-0.0914727	0.00380133	0.996593	0.0823893	0.0914711	-0.082391	0.992393	0.996717	-0.893318	21.6621	
0.995461	0.00406998	-0.0950866	0.00411215	0.996313	0.0856952	0.0950848	-0.0856972	0.991774	1.07775	-0.966326	22.5239	
0.995108	0.004388	-0.0986962	0.00443523	0.996022	0.0890011	0.0986941	-0.0890035	0.99113	1.16191	-1.04221	23.3852	
0.994742	0.00471788	-0.102302	0.00477055	0.995719	0.092307	0.102299	-0.0923097	0.990461	1.24921	-1.12096	24.2458	
0.994364	0.00505961	-0.105902	0.00511811	0.995405	0.0956128	0.1059	-0.0956159	0.989769	1.33964	-1.20258	25.1059	
0.993972	0.00541317	-0.109499	0.00547793	0.99508	0.0989184	0.109496	-0.098922	0.989053	1.4332	-1.28708	25.9654	
0.993568	0.00577854	-0.113091	0.00584998	0.994744	0.102224	0.113087	-0.102228	0.988312	1.52988	-1.37445	26.8243	
0.993151	0.00615572	-0.116678	0.00623429	0.994397	0.105529	0.116673	-0.105533	0.987548	1.62967	-1.46469	27.6825	
0.992721	0.00654469	-0.12026	0.00663084	0.994038	0.108833	0.120255	-0.108838	0.986759	1.73258	-1.5578	28.54	
0.992278	0.00694543	-0.123837	0.00703963	0.993668	0.112137	0.123832	-0.112143	0.985946	1.8386	-1.65378	29.3969	
0.991823	0.00735793	-0.12741	0.00746067	0.993286	0.11544	0.127404	-0.115447	0.985109	1.94772	-1.75263	30.253	
0.991355	0.00778217	-0.130977	0.00789395	0.992894	0.118743	0.130971	-0.11875	0.984249	2.05994	-1.85435	31.1084	
0.990874	0.00821814	-0.13454	0.00833947	0.99249	0.122044	0.134532	-0.122052	0.983364	2.17526	-1.95895	31.963	
0.990381	0.00866582	-0.138097	0.00879722	0.992074	0.125345	0.138088	-0.125354	0.982455	2.29368	-2.06641	32.8168	
0.989875	0.0091252	-0.141649	0.00926721	0.991647	0.128645	0.141639	-0.128655	0.981522	2.41517	-2.17673	33.6699	
0.989357	0.00959625	-0.145195	0.00974944	0.991209	0.131944	0.145185	-0.131955	0.980566	2.53975	-2.28993	34.5221	
0.988826	0.010079	-0.148736	0.0102439	0.99076	0.135241	0.148725	-0.135254	0.979585	2.66741	-2.40599	35.3735	
0.988282	0.0105733	-0.152272	0.0107506	0.990299	0.138538	0.152259	-0.138551	0.978581	2.79814	-2.52491	36.224	
0.987726	0.0110793	-0.155801	0.0112695	0.989827	0.141833	0.155788	-0.141848	0.977553	2.93194	-2.6467	37.0736	
0.987158	0.0115969	-0.159326	0.0118006	0.989343	0.145126	0.159311	-0.145143	0.976501	3.0688	-2.77136	37.9224	
0.986577	0.0121261	-0.162844	0.0123439	0.988848	0.148418	0.162828	-0.148436	0.975425	3.20872	-2.89887	38.7702	
0.985984	0.0126668	-0.166357	0.0128994	0.988341	0.151709	0.166339	-0.151728	0.974325	3.35169	-3.02924	39.617	
0.985379	0.0132191	-0.169863	0.0134671	0.987823	0.154998	0.169844	-0.155019	0.973202	3.49771	-3.16248	40.4629	
0.984761	0.013783	-0.173364	0.0140471	0.987294	0.158285	0.173342	-0.158308	0.972055	3.64677	-3.29857	41.3078	
0.984132	0.0143583	-0.176858	0.0146392	0.986753	0.16157	0.176835	-0.161595	0.970884	3.79887	-3.43752	42.1517	
0.98349	0.0149452	-0.180346	0.0152435	0.9862	0.164854	0.180321	-0.164881	0.96969	3.954	-3.57932	42.9946	
0.982835	0.0155435	-0.183828	0.0158599	0.985636	0.168135	0.183801	-0.168164	0.968472	4.11215	-3.72398	43.8364	
0.982169	0.0161533	-0.187304	0.0164886	0.985061	0.171414	0.187275	-0.171446	0.96723	4.27333	-3.87149	44.6772	
0.981491	0.0167745	-0.190773	0.0171293	0.984474	0.174691	0.190741	-0.174726	0.965965	4.43752	-4.02184	45.5169	
0.9808	0.0174071	-0.194236	0.0177823	0.983876	0.177966	0.194202	-0.178003	0.964676	4.60472	-4.17505	46.3554	
0.980098	0.0180511	-0.197692	0.0184474	0.983266	0.181238	0.197655	-0.181278	0.963364	4.77492	-4.3311	47.1929	
0.979384	0.0187065	-0.201141	0.0191246	0.982645	0.184508	0.201102	-0.184551	0.962029	4.94811	-4.49	48.0292	
0.978657	0.0193732	-0.204583	0.019814	0.982012	0.187776	0.204541	-0.187822	0.960669	5.1243	-4.65174	48.8643	
0.977919	0.0200513	-0.208019	0.0205154	0.981368	0.191041	0.207974	-0.19109	0.959287	5.30348	-4.81631	49.6982	
0.977669	0.020284	-0.20917	0.0216698	0.980295	0.196348	0.209031	-0.196496	0.957964	5.4846	-4.98466	50.5309	
0.977416	0.0205241	-0.210324	0.022832	0.97919	0.201657	0.210086	-0.201905	0.956608	5.66664	-5.1577	51.3625	
0.977161	0.0207716	-0.21148	0.0240019	0.978053	0.206967	0.211138	-0.207316	0.955218	5.8496	-5.33545	52.1929	
0.976905	0.0210266	-0.212639	0.0251793	0.976885	0.212277	0.212188	-0.212728	0.953794	6.03347	-5.51789	53.0221	
0.976645	0.021289	-0.2138	0.0263643	0.975685	0.217586	0.213234	-0.218141	0.952337	6.21825	-5.70504	53.85	
0.976384	0.0215589	-0.214963	0.0275567	0.974453	0.222894	0.214277	-0.223554	0.950846	6.40393	-5.89688	54.6766	
0.976121	0.0218363	-0.216128	0.0287565	0.973189	0.228201	0.215316	-0.228967	0.949322	6.59052	-6.09343	55.502	
0.975856	0.022121	-0.217294	0.0299634	0.971894	0.233505	0.216352	-0.234378	0.947765	6.77802	-6.29469	56.326	
0.975588	0.0224132	-0.218461	0.0311775	0.970566	0.238807	0.217383	-0.239788	0.946174	6.96641	-6.50064	57.1486	
0.975319	0.0227129	-0.219629	0.0323987	0.969207	0.244105	0.21841	-0.245196	0.944551	7.15569	-6.71129	57.9698	
0.975048	0.0230199	-0.220798	0.0336267	0.967817	0.249399	0.219433	-0.2506	0.942894	7.34587	-6.92663	58.7896	
0.974775	0.0233342	-0.221967	0.0348615	0.966395	0.254688	0.22045	-0.256001	0.941204	7.53693	-7.14667	59.608	
0.9745	0.0236559	-0.223136	0.0361031	0.964941	0.259972	0.221463	-0.261398	0.939481	7.72887	-7.3714	60.4248	
0.974224	0.0239848	-0.224305	0.0373513	0.963456	0.265249	0.22247	-0.26679	0.937726	7.92169	-7.60082	61.2402	
0.973946	0.024321	-0.225474	0.0386059	0.96194	0.270521	0.223472	-0.272177	0.935938	8.11538	-7.83492	62.054	
0.973666	0.0246644	-0.226642	0.0398669	0.960392	0.275785	0.224467	-0.277558	0.934118	8.30994	-8.07369	62.8662	
0.973384	0.025015	-0.227809	0.0411341	0.958814	0.281042	0.225457	-0.282933	0.932265	8.50537	-8.31714	63.6769	
0.973101	0.0253726	-0.228975	0.0424075	0.957204	0.286291	0.22644	-0.2883	0.930381	8.70164	-8.56525	64.4859	
0.972817	0.0257373	-0.23014	0.0436868	0.955563	0.29153	0.227417	-0.29366	0.928464	8.89878	-8.81802	65.2933	
0.972531	0.0261089	-0.231303	0.0449721	0.953892	0.296761	0.228387	-0.299011	0.926516	9.09675	-9.07544	66.099	
0.972244	0.0264874	-0.232465	0.046263	0.952191	0.301982	0.229349	-0.304354	0.924536	9.29557	-9.33751	66.903	
0.971956	0.0268727	-0.233624	0.0475596	0.950459	0.307192	0.230305	-0.309688	0.922526	9.49521	-9.60422	67.7053	
0.971666	0.0272648	-0.23478	0.0488617	0.948696	0.312391	0.231252	-0.315011	0.920484	9.69569	-9.87555	68.5058	
0.971375	0.0276635	-0.235934	0.0501691	0.946904	0.317578	0.232192	-0.320324	0.918411	9.89698	-10.1515	69.3045	
0.974881	0.0225395	-0.221581	0.0535475	0.941967	0.331408	0.216192	-0.334949	0.917099	10.0917	-10.4361	70.1017	
0.978136	0.0171881	-0.207253	0.0566841	0.93681	0.345216	0.20009	-0.349416	0.915354	10.2726	-10.7334	70.8977	
0.981139	0.0116117	-0.192954	0.0595773	0.931437	0.358993	0.183893	-0.363718	0.913177	10.4393	-11.0432	71.6919	
0.983888	0.00581302	-0.178693	0.0622258	0.925849	0.372735	0.16761	-0.377848	0.91057	10.592	-11.3653	72.4841	
0.986381	-0.000205295	-0.164477	0.0646284	0.92005	0.386434	0.151247	-0.391801	0.907533	10.7305	-11.6996	73.2738	
0.988618	-0.00644036	-0.150311	0.0667838	0.914042	0.400084	0.134814	-0.405568	0.904068	10.8548	-12.0459	74.0607	
0.990597	-0.0128892	-0.136202	0.068691	0.907828	0.413678	0.118316	-0.419144	0.900177	10.9647	-12.4041	74.8444	
0.992318	-0.0195489	-0.122158	0.0703493	0.901411	0.427211	0.101763	-0.432523	0.895862	11.0603	-12.7741	75.6245	
0.99378	-0.0264162	-0.108185	0.0717577	0.894794	0.440676	0.085162	-0.445698	0.891124	11.1415	-13.1555	76.4007	
0.994982	-0.0334879	-0.0942886	0.0729157	0.88798	0.454065	0.0685207	-0.458662	0.885965	11.2083	-13.5483	77.1726	
0.995923	-0.0407606	-0.0804765	0.0738226	0.880972	0.467375	0.0518471	-0.47141	0.880389	11.2606	-13.9523	77.9398	
0.996603	-0.048231	-0.0667549	0.0744781	0.873773	0.480596	0.035149	-0.483936	0.874397	11.2983	-14.3673	78.7021	
0.997022	-0.0558955	-0.0531302	0.0748819	0.866388	0.493725	0.0184343	-0.496233	0.867994	11.3216	-14.793	79.4589	
0.99718	-0.0637504	-0.0396088	0.0750336	0.858819	0.506754	0.00171101	-0.508297	0.86118	11.3304	-15.2294	80.21	
0.997076	-0.0717922	-0.0261972	0.0749334	0.85107	0.519677	-0.0150131	-0.52012	0.853961	11.3246	-15.6761	80.955	
0.99671	-0.080017	-0.0129016	0.0745812	0.843145	0.532488	-0.0317302	-0.531699	0.846339	11.3043	-16.1329	81.6935	
0.996083	-0.0884208	0.000271684	0.0739772	0.835047	0.545182	-0.0484323	-0.543026	0.838318	11.2695	-16.5998	82.4252	
