1	0	0	0	1	0	0	0	1	0	0	0	
1	-1.67189e-06	0.000799056	-1.67189e-06	0.999991	0.00418464	-0.000799056	-0.00418464	0.999991	-0.000308928	-0.00161785	0.77323	
0.999999	-6.6737e-06	0.00159582	-6.68417e-06	0.999965	0.00837038	-0.00159582	-0.00837038	0.999964	-0.00123483	-0.00647183	1.54645	
0.999997	-1.49872e-05	0.00239028	-1.50291e-05	0.999921	0.0125572	-0.00239028	-0.0125572	0.999918	-0.00277592	-0.0145628	2.31963	
0.999995	-2.6594e-05	0.00318241	-2.66988e-05	0.99986	0.0167449	-0.00318241	-0.0167449	0.999855	-0.00493041	-0.0258914	3.09278	
0.999992	-4.14757e-05	0.00397219	-4.16853e-05	0.999781	0.0209334	-0.00397219	-0.0209334	0.999773	-0.0076965	-0.0404585	3.86587	
0.999989	-5.96137e-05	0.00475962	-5.99806e-05	0.999684	0.0251227	-0.00475962	-0.0251227	0.999673	-0.0110724	-0.0582646	4.63889	
0.999985	-8.09892e-05	0.00554467	-8.15764e-05	0.99957	0.0293127	-0.00554466	-0.0293127	0.999555	-0.0150562	-0.0793102	5.41182	
0.99998	-0.000105584	0.00632733	-0.000106464	0.999439	0.0335033	-0.00632732	-0.0335033	0.999419	-0.0196461	-0.103596	6.18466	
0.999975	-0.000133378	0.00710758	-0.000134636	0.999289	0.0376944	-0.00710756	-0.0376944	0.999264	-0.0248402	-0.131122	6.95738	
0.999969	-0.000164353	0.00788541	-0.000166084	0.999122	0.0418859	-0.00788537	-0.0418859	0.999091	-0.0306367	-0.161889	7.72998	
0.999962	-0.00019849	0.00866079	-0.000200798	0.998938	0.0460778	-0.00866074	-0.0460778	0.9989	-0.0370337	-0.195898	8.50244	
0.999955	-0.00023577	0.00943372	-0.00023877	0.998736	0.0502698	-0.00943364	-0.0502699	0.998691	-0.0440293	-0.233147	9.27474	
0.999948	-0.000276173	0.0102042	-0.000279992	0.998516	0.0544621	-0.0102041	-0.0544621	0.998464	-0.0516216	-0.273638	10.0469	
0.99994	-0.00031968	0.0109721	-0.000324454	0.998278	0.0586544	-0.010972	-0.0586544	0.998218	-0.0598086	-0.317371	10.8188	
0.999931	-0.000366271	0.0117376	-0.000372147	0.998023	0.0628467	-0.0117374	-0.0628467	0.997954	-0.0685885	-0.364345	11.5906	
0.999922	-0.000415928	0.0125005	-0.000423063	0.99775	0.0670388	-0.0125003	-0.0670389	0.997672	-0.0779592	-0.414561	12.3621	
0.999912	-0.000468629	0.0132609	-0.000477192	0.99746	0.0712308	-0.0132606	-0.0712309	0.997372	-0.0879188	-0.468019	13.1334	
0.999902	-0.000524356	0.0140188	-0.000534525	0.997152	0.0754225	-0.0140184	-0.0754226	0.997053	-0.0984653	-0.524717	13.9045	
0.999891	-0.000583088	0.0147741	-0.000595052	0.996826	0.0796139	-0.0147736	-0.079614	0.996716	-0.109597	-0.584657	14.6753	
0.999879	-0.000644805	0.0155268	-0.000658764	0.996482	0.0838048	-0.0155262	-0.0838049	0.996361	-0.121311	-0.647838	15.4459	
0.999867	-0.000709488	0.0162769	-0.000725652	0.996121	0.0879951	-0.0162762	-0.0879952	0.995988	-0.133607	-0.714258	16.2162	
0.999855	-0.000777117	0.0170245	-0.000795705	0.995742	0.0921848	-0.0170236	-0.092185	0.995596	-0.146481	-0.783919	16.9862	
0.999842	-0.00084767	0.0177694	-0.000868914	0.995345	0.0963739	-0.0177683	-0.096374	0.995187	-0.159932	-0.856819	17.7558	
0.999828	-0.000921129	0.0185116	-0.00094527	0.99493	0.100562	-0.0185104	-0.100562	0.994759	-0.173958	-0.932958	18.5252	
0.999814	-0.000997471	0.0192512	-0.00102476	0.994498	0.104749	-0.0192498	-0.10475	0.994312	-0.188557	-1.01234	19.2942	
0.9998	-0.00107668	0.0199882	-0.00110738	0.994048	0.108936	-0.0199865	-0.108936	0.993848	-0.203726	-1.09495	20.0628	
0.999785	-0.00115873	0.0207224	-0.00119311	0.99358	0.113121	-0.0207205	-0.113121	0.993365	-0.219464	-1.1808	20.8311	
0.999769	-0.0012436	0.021454	-0.00128195	0.993095	0.117305	-0.0214518	-0.117306	0.992864	-0.235769	-1.26989	21.599	
0.999753	-0.00133127	0.0221829	-0.00137389	0.992592	0.121488	-0.0221803	-0.121489	0.992345	-0.252637	-1.36221	22.3665	
0.999737	-0.00142173	0.0229091	-0.0014689	0.992071	0.12567	-0.0229061	-0.12567	0.991808	-0.270069	-1.45777	23.1337	
0.99972	-0.00151494	0.0236325	-0.001567	0.991532	0.12985	-0.0236291	-0.12985	0.991252	-0.28806	-1.55655	23.9003	
0.999702	-0.0016109	0.0243532	-0.00166816	0.990976	0.134029	-0.0243493	-0.134029	0.990678	-0.306609	-1.65857	24.6666	
0.999684	-0.00170957	0.0250711	-0.00177237	0.990402	0.138206	-0.0250667	-0.138206	0.990086	-0.325714	-1.76383	25.4324	
0.999666	-0.00181094	0.0257863	-0.00187962	0.98981	0.142381	-0.0257814	-0.142382	0.989476	-0.345373	-1.87231	26.1977	
0.999647	-0.00191499	0.0264987	-0.0019899	0.989201	0.146555	-0.0264931	-0.146556	0.988848	-0.365583	-1.98401	26.9626	
0.999628	-0.00202169	0.0272083	-0.00210321	0.988573	0.150727	-0.0272021	-0.150728	0.988201	-0.386343	-2.09895	27.7269	
0.999608	-0.00213102	0.027915	-0.00221952	0.987928	0.154897	-0.0279082	-0.154898	0.987536	-0.407649	-2.21711	28.4908	
0.999588	-0.00224296	0.028619	-0.00233883	0.987265	0.159065	-0.0286114	-0.159066	0.986853	-0.429501	-2.33849	29.2541	
0.999567	-0.0023575	0.0293202	-0.00246113	0.986585	0.16323	-0.0293117	-0.163232	0.986152	-0.451895	-2.4631	30.0169	
0.999546	-0.0024746	0.0300185	-0.00258641	0.985887	0.167394	-0.0300091	-0.167396	0.985433	-0.474829	-2.59092	30.7792	
0.999525	-0.00259426	0.030714	-0.00271465	0.985171	0.171555	-0.0307035	-0.171557	0.984696	-0.498301	-2.72197	31.5408	
0.999503	-0.00271643	0.0314066	-0.00284584	0.984437	0.175714	-0.0313951	-0.175716	0.98394	-0.52231	-2.85623	32.302	
0.999481	-0.00284111	0.0320963	-0.00297997	0.983686	0.179871	-0.0320837	-0.179873	0.983166	-0.546852	-2.99371	33.0625	
0.999458	-0.00296828	0.0327831	-0.00311703	0.982917	0.184025	-0.0327693	-0.184027	0.982375	-0.571925	-3.1344	33.8224	
0.999435	-0.0030979	0.0334671	-0.00325701	0.98213	0.188176	-0.033452	-0.188179	0.981565	-0.597527	-3.2783	34.5817	
0.999412	-0.00322996	0.0341481	-0.0033999	0.981325	0.192325	-0.0341316	-0.192328	0.980737	-0.623656	-3.42541	35.3403	
0.999388	-0.00336444	0.0348263	-0.00354568	0.980503	0.196471	-0.0348083	-0.196474	0.979891	-0.65031	-3.57573	36.0983	
0.999363	-0.00350131	0.0355015	-0.00369434	0.979663	0.200614	-0.0354819	-0.200618	0.979027	-0.677485	-3.72925	36.8557	
0.999339	-0.00364055	0.0361737	-0.00384587	0.978806	0.204754	-0.0361525	-0.204758	0.978145	-0.70518	-3.88597	37.6124	
0.999314	-0.00378215	0.0368431	-0.00400026	0.977931	0.208891	-0.03682	-0.208895	0.977245	-0.733392	-4.0459	38.3684	
0.999289	-0.00392607	0.0375095	-0.0041575	0.977038	0.213025	-0.0374845	-0.21303	0.976326	-0.76212	-4.20902	39.1236	
0.999263	-0.0040723	0.0381729	-0.00431757	0.976127	0.217156	-0.0381459	-0.217161	0.97539	-0.79136	-4.37534	39.8782	
0.999237	-0.00422081	0.0388333	-0.00448046	0.975199	0.221283	-0.0388042	-0.221288	0.974436	-0.82111	-4.54485	40.632	
0.999288	-0.00391887	0.0375227	-0.00471806	0.973801	0.227353	-0.0374306	-0.227369	0.973089	-0.850584	-4.71831	41.385	
0.999337	-0.0036097	0.0362179	-0.00494738	0.972363	0.233422	-0.0360595	-0.233446	0.971701	-0.878996	-4.89647	42.1369	
0.999385	-0.00329335	0.0349189	-0.00516839	0.970886	0.239488	-0.034691	-0.239521	0.970271	-0.90635	-5.07933	42.8877	
0.99943	-0.00296982	0.0336258	-0.00538108	0.969369	0.245552	-0.033325	-0.245593	0.9688	-0.932646	-5.26688	43.6374	
0.999473	-0.00263917	0.0323384	-0.00558545	0.967812	0.251613	-0.0319615	-0.251661	0.967288	-0.957887	-5.45913	44.3859	
0.999515	-0.00230141	0.0310566	-0.00578149	0.966216	0.25767	-0.0306004	-0.257724	0.965734	-0.982074	-5.65607	45.1332	
0.999555	-0.00195657	0.0297805	-0.00596919	0.96458	0.263723	-0.0292417	-0.263783	0.964139	-1.00521	-5.85769	45.8793	
0.999592	-0.00160467	0.02851	-0.00614855	0.962905	0.269772	-0.0278853	-0.269837	0.962502	-1.0273	-6.064	46.6242	
0.999628	-0.00124574	0.027245	-0.00631954	0.96119	0.275816	-0.0265312	-0.275885	0.960824	-1.04833	-6.27498	47.3678	
0.999662	-0.000879795	0.0259854	-0.00648218	0.959435	0.281854	-0.0251793	-0.281927	0.959105	-1.06833	-6.49064	48.1101	
0.999694	-0.000506861	0.0247313	-0.00663645	0.957642	0.287886	-0.0238296	-0.287962	0.957345	-1.08727	-6.71097	48.851	
0.999724	-0.000126954	0.0234825	-0.00678234	0.955808	0.293913	-0.0224821	-0.293991	0.955544	-1.10518	-6.93596	49.5906	
0.999753	0.00025991	0.0222391	-0.00691986	0.953936	0.299932	-0.0211367	-0.300012	0.953701	-1.12204	-7.16562	50.3287	
0.999779	0.000653715	0.0210009	-0.007049	0.952023	0.305944	-0.0197933	-0.306024	0.951818	-1.13787	-7.39992	51.0654	
0.999804	0.00105445	0.0197678	-0.00716975	0.950072	0.311948	-0.0184519	-0.312029	0.949893	-1.15265	-7.63887	51.8007	
0.999827	0.0014621	0.0185399	-0.00728212	0.948081	0.317944	-0.0171125	-0.318024	0.947928	-1.1664	-7.88246	52.5344	
0.999848	0.00187665	0.0173171	-0.00738609	0.946052	0.323932	-0.015775	-0.324011	0.945922	-1.17912	-8.13068	53.2666	
0.999868	0.00229811	0.0160993	-0.00748167	0.943983	0.32991	-0.0144393	-0.329987	0.943875	-1.1908	-8.38353	53.9972	
0.999885	0.00272645	0.0148864	-0.00756886	0.941875	0.335879	-0.0131053	-0.335953	0.941787	-1.20145	-8.64099	54.7262	
0.999901	0.00316168	0.0136784	-0.00764766	0.939728	0.341838	-0.0117732	-0.341909	0.939659	-1.21107	-8.90307	55.4536	
0.999916	0.0036038	0.0124752	-0.00771805	0.937542	0.347786	-0.0104426	-0.347853	0.937491	-1.21966	-9.16974	56.1794	
0.999928	0.00405279	0.0112767	-0.00778006	0.935318	0.353724	-0.00911377	-0.353786	0.935282	-1.22722	-9.44101	56.9034	
0.999939	0.00450867	0.010083	-0.00783366	0.933054	0.35965	-0.00778646	-0.359707	0.933033	-1.23375	-9.71686	57.6258	
0.999948	0.00497142	0.00889392	-0.00787887	0.930753	0.365564	-0.00646066	-0.365615	0.930744	-1.23926	-9.99728	58.3463	
0.999955	0.00544107	0.00770939	-0.00791569	0.928413	0.371466	-0.00513633	-0.371511	0.928414	-1.24374	-10.2823	59.0651	
0.999961	0.0059176	0.00652938	-0.00794411	0.926034	0.377356	-0.00381339	-0.377393	0.926045	-1.2472	-10.5718	59.7821	
0.999965	0.00640103	0.00535382	-0.00796414	0.923618	0.383232	-0.0024918	-0.383261	0.923637	-1.24964	-10.8659	60.4972	
0.999968	0.00689137	0.00418264	-0.00797578	0.921163	0.389095	-0.0011715	-0.389116	0.921188	-1.25106	-11.1645	61.2104	
0.999968	0.00738863	0.00301579	-0.00797904	0.918671	0.394944	0.000147574	-0.394956	0.9187	-1.25145	-11.4676	61.9218	
0.999967	0.00789281	0.00185321	-0.00797391	0.91614	0.400779	0.00146547	-0.40078	0.916173	-1.25083	-11.7753	62.6312	
0.999964	0.00840394	0.000694822	-0.0079604	0.913572	0.406599	0.00278226	-0.40659	0.913607	-1.24919	-12.0874	63.3386	
0.99996	0.00892202	-0.000459422	-0.00793851	0.910967	0.412403	0.00409799	-0.412383	0.911001	-1.24653	-12.4041	64.044	
0.999954	0.00944707	-0.00160959	-0.00790825	0.908324	0.418192	0.00541272	-0.41816	0.908357	-1.24285	-12.7252	64.7474	
0.999946	0.00997912	-0.00275573	-0.00786962	0.905644	0.423965	0.00672651	-0.423921	0.905674	-1.23816	-13.0507	65.4487	
0.999937	0.0105182	-0.00389791	-0.00782262	0.902927	0.429722	0.00803942	-0.429665	0.902953	-1.23245	-13.3807	66.148	
0.999926	0.0110643	-0.0050362	-0.00776726	0.900174	0.435462	0.00935152	-0.435391	0.900193	-1.22572	-13.7152	66.8451	
0.999913	0.0116174	-0.00617064	-0.00770354	0.897383	0.441184	0.0106628	-0.441099	0.897395	-1.21799	-14.054	67.5401	
0.999899	0.0121776	-0.0073013	-0.00763148	0.894557	0.446889	0.0119735	-0.446789	0.894559	-1.20924	-14.3973	68.2329	
0.999883	0.012745	-0.00842823	-0.00755107	0.891694	0.452576	0.0132835	-0.45246	0.891686	-1.19947	-14.745	68.9235	
0.999866	0.0133194	-0.00955149	-0.00746232	0.888795	0.458245	0.0145929	-0.458112	0.888775	-1.18869	-15.097	69.6119	
0.999594	0.0192986	-0.0209503	-0.00715833	0.882098	0.471011	0.0275701	-0.47067	0.881879	-1.17239	-15.4561	70.2964	
0.999156	0.0254383	-0.0322583	-0.00666728	0.875222	0.483675	0.0405371	-0.483052	0.874653	-1.14606	-15.8249	70.9756	
0.99855	0.0317363	-0.0434711	-0.00598936	0.868169	0.496233	0.0534889	-0.495254	0.8671	-1.10971	-16.2031	71.649	
0.997779	0.0381902	-0.0545846	-0.00512483	0.860941	0.50868	0.0664207	-0.50727	0.859224	-1.06335	-16.5907	72.3164	
0.99684	0.0447976	-0.0655946	-0.004074	0.853541	0.521011	0.0793277	-0.519097	0.851026	-1.007	-16.9875	72.9776	
0.995736	0.0515561	-0.076497	-0.00283727	0.845971	0.533221	0.092205	-0.53073	0.84251	-0.940676	-17.3934	73.6324	
