1	0	0	0	1	0	0	0	1	0	0	0	
0.999993	-7.7771e-07	0.00372289	-7.7771e-07	1	0.000417798	-0.00372289	-0.000417798	0.999993	-0.00143933	-0.000161528	0.773231	
0.999972	-3.10878e-06	0.00744906	-3.09913e-06	1	0.000833371	-0.00744906	-0.000833371	0.999972	-0.00575859	-0.00064525	1.54645	
0.999938	-6.98763e-06	0.0111784	-6.949e-06	0.999999	0.00124671	-0.0111784	-0.00124671	0.999937	-0.0129603	-0.00144944	2.31965	
0.999889	-1.24085e-05	0.0149109	-1.23119e-05	0.999999	0.00165779	-0.0149109	-0.00165779	0.999887	-0.0230468	-0.00257237	3.09281	
0.999826	-1.93657e-05	0.0186463	-1.91722e-05	0.999998	0.00206661	-0.0186463	-0.0020666	0.999824	-0.0360206	-0.00401228	3.86594	
0.999749	-2.78531e-05	0.0223847	-2.75143e-05	0.999997	0.00247314	-0.0223847	-0.00247314	0.999746	-0.0518838	-0.00576742	4.639	
0.999659	-3.78648e-05	0.0261259	-3.73223e-05	0.999996	0.00287739	-0.0261259	-0.00287738	0.999655	-0.0706388	-0.00783602	5.412	
0.999554	-4.93944e-05	0.0298698	-4.85802e-05	0.999995	0.00327932	-0.0298698	-0.00327931	0.999548	-0.0922876	-0.0102163	6.18493	
0.999435	-6.24358e-05	0.0336163	-6.12717e-05	0.999993	0.00367894	-0.0336163	-0.00367892	0.999428	-0.116832	-0.0129065	6.95777	
0.999302	-7.69826e-05	0.0373655	-7.53808e-05	0.999992	0.00407623	-0.0373655	-0.0040762	0.999293	-0.144275	-0.0159047	7.73051	
0.999154	-9.3028e-05	0.041117	-9.08908e-05	0.99999	0.00447117	-0.041117	-0.00447112	0.999144	-0.174618	-0.0192093	8.50313	
0.998993	-0.000110566	0.044871	-0.000107785	0.999988	0.00486375	-0.044871	-0.00486369	0.998981	-0.207862	-0.0228183	9.27564	
0.998817	-0.000129589	0.0486272	-0.000126048	0.999986	0.00525396	-0.0486272	-0.00525387	0.998803	-0.24401	-0.0267299	10.048	
0.998627	-0.00015009	0.0523856	-0.000145661	0.999984	0.00564179	-0.0523856	-0.00564167	0.998611	-0.283063	-0.0309423	10.8203	
0.998423	-0.000172063	0.0561461	-0.000166608	0.999982	0.00602723	-0.0561462	-0.00602707	0.998404	-0.325024	-0.0354536	11.5923	
0.998204	-0.000195501	0.0599087	-0.000188872	0.999979	0.00641026	-0.0599087	-0.00641006	0.998183	-0.369892	-0.040262	12.3642	
0.997971	-0.000220395	0.0636731	-0.000212436	0.999977	0.00679087	-0.0636731	-0.00679062	0.997948	-0.417671	-0.0453656	13.136	
0.997723	-0.00024674	0.0674394	-0.000237283	0.999974	0.00716905	-0.0674394	-0.00716873	0.997698	-0.468361	-0.0507625	13.9075	
0.997461	-0.000274527	0.0712074	-0.000263394	0.999972	0.0075448	-0.0712074	-0.0075444	0.997433	-0.521965	-0.0564509	14.6789	
0.997185	-0.00030375	0.074977	-0.000290753	0.999969	0.00791809	-0.0749771	-0.0079176	0.997154	-0.578482	-0.0624287	15.45	
0.996894	-0.000334399	0.0787482	-0.000319342	0.999966	0.00828892	-0.0787483	-0.00828832	0.99686	-0.637915	-0.0686942	16.2209	
0.996589	-0.000366469	0.0825209	-0.000349142	0.999962	0.00865728	-0.082521	-0.00865656	0.996552	-0.700264	-0.0752454	16.9916	
0.99627	-0.00039995	0.0862949	-0.000380137	0.999959	0.00902315	-0.086295	-0.00902229	0.996229	-0.765531	-0.0820803	17.7621	
0.995935	-0.000434835	0.0900703	-0.000412307	0.999956	0.00938653	-0.0900704	-0.00938552	0.995891	-0.833717	-0.0891971	18.5323	
0.995587	-0.000471116	0.0938468	-0.000445636	0.999952	0.00974741	-0.0938469	-0.00974621	0.995539	-0.904822	-0.0965937	19.3022	
0.995223	-0.000508785	0.0976244	-0.000480104	0.999949	0.0101058	-0.0976245	-0.0101044	0.995172	-0.978848	-0.104268	20.0718	
0.994845	-0.000547834	0.101403	-0.000515694	0.999945	0.0104616	-0.101403	-0.01046	0.99479	-1.0558	-0.112219	20.8412	
0.994453	-0.000588253	0.105183	-0.000552387	0.999941	0.0108149	-0.105183	-0.010813	0.994394	-1.13567	-0.120443	21.6102	
0.994046	-0.000630036	0.108963	-0.000590164	0.999937	0.0111657	-0.108963	-0.0111635	0.993983	-1.21846	-0.12894	22.379	
0.993624	-0.000673173	0.112744	-0.000629007	0.999934	0.0115139	-0.112744	-0.0115114	0.993557	-1.30417	-0.137706	23.1474	
0.993187	-0.000717656	0.116526	-0.000668897	0.999929	0.0118596	-0.116526	-0.0118567	0.993117	-1.39281	-0.146741	23.9155	
0.992736	-0.000763476	0.120308	-0.000709816	0.999925	0.0122027	-0.120309	-0.0121994	0.992662	-1.48438	-0.156041	24.6832	
0.992271	-0.000810624	0.124091	-0.000751744	0.999921	0.0125432	-0.124091	-0.0125395	0.992192	-1.57887	-0.165606	25.4506	
0.99179	-0.000859092	0.127874	-0.000794662	0.999917	0.0128811	-0.127875	-0.0128769	0.991707	-1.67628	-0.175432	26.2176	
0.991295	-0.00090887	0.131658	-0.000838551	0.999912	0.0132164	-0.131658	-0.0132118	0.991207	-1.77662	-0.185519	26.9842	
0.990785	-0.00095995	0.135441	-0.000883393	0.999908	0.0135491	-0.135442	-0.0135439	0.990693	-1.87989	-0.195863	27.7504	
0.99026	-0.00101232	0.139225	-0.000929168	0.999903	0.0138793	-0.139226	-0.0138734	0.990163	-1.98608	-0.206463	28.5163	
0.989721	-0.00106598	0.143009	-0.000975856	0.999899	0.0142068	-0.14301	-0.0142003	0.989619	-2.09519	-0.217317	29.2817	
0.989167	-0.00112091	0.146793	-0.00102344	0.999894	0.0145316	-0.146793	-0.0145244	0.989061	-2.20724	-0.228422	30.0467	
0.988598	-0.0011771	0.150576	-0.00107189	0.999889	0.0148539	-0.150577	-0.0148459	0.988487	-2.3222	-0.239777	30.8112	
0.988014	-0.00123455	0.154359	-0.00112121	0.999884	0.0151735	-0.15436	-0.0151647	0.987898	-2.4401	-0.25138	31.5753	
0.987415	-0.00129324	0.158142	-0.00117135	0.999879	0.0154904	-0.158143	-0.0154807	0.987295	-2.56092	-0.263228	32.339	
0.986802	-0.00135317	0.161925	-0.00122232	0.999874	0.0158048	-0.161926	-0.0157941	0.986676	-2.68466	-0.275319	33.1022	
0.986174	-0.00141432	0.165707	-0.00127408	0.999869	0.0161164	-0.165708	-0.0161047	0.986043	-2.81133	-0.287652	33.8648	
0.985531	-0.0014767	0.169488	-0.00132661	0.999864	0.0164254	-0.16949	-0.0164126	0.985395	-2.94092	-0.300223	34.627	
0.984873	-0.00154027	0.173269	-0.0013799	0.999859	0.0167317	-0.173271	-0.0167177	0.984732	-3.07344	-0.313032	35.3887	
0.984201	-0.00160505	0.177049	-0.00143393	0.999854	0.0170353	-0.177051	-0.0170201	0.984055	-3.20888	-0.326076	36.1499	
0.983513	-0.00167101	0.180828	-0.00148868	0.999849	0.0173363	-0.18083	-0.0173197	0.983362	-3.34724	-0.339352	36.9105	
0.982811	-0.00173814	0.184606	-0.00154412	0.999843	0.0176345	-0.184608	-0.0176165	0.982654	-3.48853	-0.352859	37.6706	
0.982094	-0.00180645	0.188383	-0.00160023	0.999838	0.0179301	-0.188385	-0.0179105	0.981932	-3.63273	-0.366594	38.4302	
0.981362	-0.00187591	0.192159	-0.001657	0.999833	0.018223	-0.192161	-0.0182017	0.981195	-3.77986	-0.380556	39.1891	
0.980615	-0.00194651	0.195934	-0.00171441	0.999827	0.0185131	-0.195936	-0.0184902	0.980442	-3.9299	-0.394742	39.9475	
0.979854	-0.00201825	0.199707	-0.00177243	0.999822	0.0188006	-0.19971	-0.0187758	0.979675	-4.08287	-0.409149	40.7053	
0.978959	-0.00209593	0.204048	-0.00126934	0.999865	0.0163603	-0.204054	-0.0162751	0.978824	-4.23897	-0.4227	41.4625	
0.978042	-0.0021627	0.208396	-0.000755356	0.999903	0.0139219	-0.208405	-0.0137736	0.977946	-4.39843	-0.434318	42.2191	
0.977104	-0.00221849	0.212751	-0.000230469	0.999934	0.0114854	-0.212762	-0.0112715	0.977039	-4.56126	-0.444001	42.9749	
0.976144	-0.00226325	0.217113	0.000305329	0.999959	0.0090511	-0.217124	-0.00876889	0.976105	-4.72746	-0.451749	43.73	
0.975162	-0.0022969	0.221481	0.000852045	0.999978	0.00661895	-0.221491	-0.00626584	0.975142	-4.89704	-0.457561	44.4844	
0.974158	-0.00231941	0.225855	0.00140968	0.99999	0.0041891	-0.225862	-0.00376246	0.974152	-5.06999	-0.461438	45.238	
0.973133	-0.0023307	0.230234	0.00197825	0.999996	0.00176164	-0.230237	-0.00125884	0.973134	-5.24633	-0.46338	45.9909	
0.972085	-0.00233073	0.234618	0.00255775	0.999997	-0.000663339	-0.234616	0.00124492	0.972087	-5.42605	-0.463385	46.7429	
0.971015	-0.00231945	0.239007	0.00314819	0.99999	-0.00308574	-0.238997	0.00374874	0.971013	-5.60916	-0.461454	47.4942	
0.969923	-0.00229682	0.2434	0.00374957	0.999978	-0.00550546	-0.243382	0.00625252	0.96991	-5.79565	-0.457588	48.2446	
0.96881	-0.00226278	0.247796	0.00436188	0.999959	-0.00792243	-0.247768	0.00875618	0.96878	-5.98554	-0.451785	48.9941	
0.967674	-0.00221731	0.252195	0.00498514	0.999934	-0.0103365	-0.252156	0.0112596	0.967621	-6.17882	-0.444047	49.7427	
0.966516	-0.00216035	0.256598	0.00561934	0.999903	-0.0127477	-0.256545	0.0137628	0.966434	-6.37549	-0.434373	50.4905	
0.965336	-0.00209188	0.261002	0.00626448	0.999866	-0.0151559	-0.260935	0.0162656	0.965219	-6.57556	-0.422763	51.2373	
0.964134	-0.00201187	0.265408	0.00692055	0.999822	-0.017561	-0.265326	0.0187679	0.963976	-6.77902	-0.409219	51.9831	
0.96291	-0.00192027	0.269816	0.00758756	0.999772	-0.0199629	-0.269716	0.0212697	0.962705	-6.98588	-0.393739	52.728	
0.961664	-0.00181708	0.274224	0.00826551	0.999716	-0.0223615	-0.274106	0.0237709	0.961406	-7.19613	-0.376326	53.4719	
0.960396	-0.00170225	0.278634	0.00895438	0.999653	-0.0247569	-0.278495	0.0262714	0.960078	-7.40977	-0.356979	54.2148	
0.959106	-0.00157577	0.283043	0.00965418	0.999585	-0.0271488	-0.282882	0.0287711	0.958723	-7.62681	-0.335698	54.9566	
0.957794	-0.00143762	0.287451	0.0103649	0.99951	-0.0295373	-0.287268	0.03127	0.95734	-7.84724	-0.312485	55.6974	
0.95646	-0.00128777	0.291859	0.0110865	0.999429	-0.0319222	-0.291652	0.033768	0.955928	-8.07106	-0.287341	56.4371	
0.955105	-0.00112623	0.296266	0.0118191	0.999342	-0.0343035	-0.296033	0.036265	0.954489	-8.29827	-0.260265	57.1757	
0.953727	-0.000952969	0.300671	0.0125625	0.999248	-0.0366811	-0.30041	0.0387609	0.953022	-8.52886	-0.231258	57.9132	
0.952328	-0.000767984	0.305074	0.0133168	0.999148	-0.039055	-0.304784	0.0412558	0.951527	-8.76284	-0.200322	58.6495	
0.950907	-0.000571266	0.309475	0.014082	0.999042	-0.041425	-0.309155	0.0437494	0.950005	-9.0002	-0.167458	59.3847	
0.949465	-0.000362812	0.313872	0.0148581	0.99893	-0.0437912	-0.313521	0.0462418	0.948455	-9.24094	-0.132666	60.1187	
0.948001	-0.000142619	0.318267	0.0156451	0.998812	-0.0461534	-0.317882	0.0487328	0.946877	-9.48505	-0.0959472	60.8514	
0.946516	8.93114e-05	0.322657	0.0164429	0.998687	-0.0485116	-0.322238	0.0512225	0.945272	-9.73253	-0.0573028	61.583	
0.945009	0.000332976	0.327043	0.0172515	0.998556	-0.0508658	-0.326588	0.0537107	0.943639	-9.98338	-0.0167338	62.3133	
0.943481	0.00058837	0.331425	0.018071	0.99842	-0.0532159	-0.330932	0.0561973	0.94198	-10.2376	0.0257585	63.0423	
0.941932	0.000855484	0.335801	0.0189012	0.998276	-0.0555617	-0.33527	0.0586824	0.940293	-10.4952	0.0701729	63.77	
0.940362	0.00113431	0.340173	0.0197423	0.998127	-0.0579033	-0.339601	0.0611659	0.938579	-10.7561	0.116508	64.4964	
0.938771	0.00142483	0.344538	0.0205942	0.997971	-0.0602406	-0.343925	0.0636477	0.936838	-11.0203	0.164763	65.2215	
0.93716	0.00172703	0.348897	0.0214568	0.99781	-0.0625736	-0.348241	0.0661277	0.93507	-11.2879	0.214937	65.9452	
0.935527	0.00204089	0.353249	0.0223302	0.997642	-0.0649021	-0.352549	0.0686058	0.933275	-11.5589	0.267027	66.6675	
0.933874	0.0023664	0.357595	0.0232144	0.997468	-0.0672262	-0.356848	0.0710821	0.931454	-11.8331	0.321033	67.3885	
0.9322	0.00270353	0.361932	0.0241092	0.997287	-0.0695457	-0.361139	0.0735565	0.929607	-12.1107	0.376953	68.108	
0.930507	0.00305225	0.366262	0.0250148	0.997101	-0.0718607	-0.36542	0.0760288	0.927733	-12.3916	0.434785	68.8261	
0.928793	0.00341254	0.370584	0.0259311	0.996908	-0.074171	-0.369691	0.0784991	0.925833	-12.6758	0.494528	69.5427	
0.927059	0.00378436	0.374897	0.026858	0.99671	-0.0764766	-0.373953	0.0809673	0.923907	-12.9633	0.55618	70.2578	
0.925073	0.00426067	0.379765	0.0338524	0.995032	-0.0936248	-0.378278	0.0994657	0.920333	-13.2542	0.625941	70.9708	
0.923065	0.00483456	0.384614	0.0409259	0.99301	-0.110703	-0.382461	0.117927	0.916415	-13.5483	0.709991	71.681	
0.921035	0.00550579	0.389441	0.0480759	0.990646	-0.127706	-0.386502	0.136344	0.912155	-13.8456	0.808299	72.388	
0.918984	0.00627413	0.394245	0.0552997	0.98794	-0.144626	-0.390398	0.15471	0.907554	-14.146	0.920829	73.0915	
0.916913	0.00713929	0.399024	0.0625946	0.984893	-0.161457	-0.394148	0.173019	0.902614	-14.4493	1.04754	73.7914	
0.914822	0.00810093	0.403775	0.0699579	0.981505	-0.178194	-0.397751	0.191263	0.897336	-14.7555	1.18838	74.4873	
