1	0	0	0	1	0	0	0	1	0	0	0	
0.999996	-5.62211e-06	-0.0027931	-5.62211e-06	0.999992	-0.00402569	0.0027931	0.00402569	0.999988	0.00150941	0.0021755	1.0808	
0.999984	-2.25229e-05	-0.00559046	-2.25224e-05	0.999968	-0.00805735	0.00559046	0.00805735	0.999952	0.00603992	0.00870524	2.16158	
0.999965	-5.07529e-05	-0.00839193	-5.0751e-05	0.999927	-0.0120948	0.00839193	0.0120948	0.999892	0.0135961	0.0195955	3.24231	
0.999937	-9.03615e-05	-0.0111974	-9.03567e-05	0.99987	-0.0161378	0.0111974	0.0161378	0.999807	0.0241822	0.0348526	4.32295	
0.999902	-0.000141396	-0.0140067	-0.000141387	0.999796	-0.0201861	0.0140067	0.0201861	0.999698	0.0378027	0.0544822	5.4035	
0.999859	-0.000203905	-0.0168197	-0.000203888	0.999706	-0.0242396	0.0168197	0.0242396	0.999565	0.0544614	0.0784901	6.48391	
0.999807	-0.000277931	-0.0196363	-0.000277904	0.999599	-0.0282981	0.0196363	0.0282981	0.999407	0.0741624	0.106882	7.56416	
0.999748	-0.00036352	-0.0224563	-0.00036348	0.999476	-0.0323614	0.0224563	0.0323614	0.999224	0.0969094	0.139663	8.64423	
0.99968	-0.000460714	-0.0252796	-0.000460656	0.999336	-0.0364293	0.0252796	0.0364293	0.999016	0.122706	0.176837	9.72409	
0.999605	-0.000569555	-0.0281061	-0.000569476	0.999179	-0.0405015	0.0281061	0.0405015	0.998784	0.151556	0.218411	10.8037	
0.999521	-0.000690083	-0.0309356	-0.000689977	0.999006	-0.0445779	0.0309356	0.0445779	0.998527	0.183462	0.264389	11.8831	
0.999429	-0.000822336	-0.0337679	-0.000822198	0.998815	-0.0486583	0.0337679	0.0486583	0.998245	0.218429	0.314774	12.9621	
0.999329	-0.000966352	-0.036603	-0.000966176	0.998608	-0.0527425	0.036603	0.0527425	0.997937	0.256457	0.369571	14.0409	
0.999221	-0.00112217	-0.0394408	-0.00112195	0.998383	-0.0568302	0.0394408	0.0568302	0.997605	0.297552	0.428785	15.1193	
0.999105	-0.00128982	-0.042281	-0.00128955	0.998142	-0.0609214	0.042281	0.0609214	0.997247	0.341715	0.492419	16.1973	
0.99898	-0.00146934	-0.0451235	-0.00146901	0.997883	-0.0650157	0.0451235	0.0650157	0.996863	0.388948	0.560476	17.2749	
0.998847	-0.00166076	-0.0479682	-0.00166036	0.997607	-0.069113	0.0479682	0.069113	0.996455	0.439256	0.63296	18.3521	
0.998706	-0.00186411	-0.050815	-0.00186364	0.997315	-0.0732132	0.050815	0.0732131	0.996021	0.492639	0.709873	19.4289	
0.998557	-0.00207942	-0.0536637	-0.00207886	0.997004	-0.0773159	0.0536637	0.0773158	0.995561	0.5491	0.79122	20.5051	
0.998399	-0.00230672	-0.0565142	-0.00230607	0.996677	-0.081421	0.0565142	0.0814209	0.995076	0.60864	0.877002	21.5809	
0.998233	-0.00254604	-0.0593663	-0.00254529	0.996332	-0.0855283	0.0593663	0.0855282	0.994566	0.671263	0.967222	22.6561	
0.998059	-0.00279741	-0.0622199	-0.00279654	0.995971	-0.0896376	0.06222	0.0896375	0.994029	0.736969	1.06188	23.7308	
0.997876	-0.00306084	-0.065075	-0.00305985	0.995591	-0.0937487	0.065075	0.0937486	0.993467	0.805759	1.16099	24.8048	
0.997684	-0.00333636	-0.0679312	-0.00333524	0.995194	-0.0978614	0.0679313	0.0978613	0.992879	0.877637	1.26453	25.8782	
0.997485	-0.003624	-0.0707886	-0.00362273	0.99478	-0.101975	0.0707886	0.101975	0.992265	0.952602	1.37253	26.951	
0.997277	-0.00392377	-0.0736469	-0.00392234	0.994349	-0.106091	0.073647	0.106091	0.991625	1.03066	1.48497	28.0231	
0.99706	-0.0042357	-0.076506	-0.0042341	0.9939	-0.110207	0.0765061	0.110207	0.99096	1.1118	1.60185	29.0945	
0.996835	-0.00455981	-0.0793658	-0.00455801	0.993433	-0.114324	0.0793659	0.114324	0.990268	1.19603	1.72319	30.1652	
0.996602	-0.0048961	-0.0822262	-0.0048941	0.992949	-0.118442	0.0822263	0.118442	0.989551	1.28336	1.84898	31.2351	
0.99636	-0.0052446	-0.085087	-0.00524239	0.992447	-0.12256	0.0850872	0.12256	0.988807	1.37378	1.97922	32.3042	
0.996109	-0.00560532	-0.0879481	-0.00560288	0.991928	-0.126679	0.0879483	0.126679	0.988037	1.46728	2.11391	33.3725	
0.99585	-0.00597828	-0.0908093	-0.00597559	0.991391	-0.130797	0.0908095	0.130797	0.987241	1.56389	2.25305	34.44	
0.995583	-0.00636349	-0.0936706	-0.00636054	0.990837	-0.134916	0.0936708	0.134915	0.98642	1.66358	2.39664	35.5065	
0.995307	-0.00676095	-0.0965317	-0.00675772	0.990265	-0.139034	0.0965319	0.139033	0.985572	1.76637	2.54469	36.5722	
0.995022	-0.00717069	-0.0993925	-0.00716716	0.989675	-0.143151	0.0993928	0.143151	0.984697	1.87225	2.69718	37.637	
0.994729	-0.0075927	-0.102253	-0.00758886	0.989068	-0.147268	0.102253	0.147267	0.983797	1.98122	2.85412	38.7007	
0.994428	-0.008027	-0.105113	-0.00802283	0.988443	-0.151383	0.105113	0.151383	0.98287	2.09328	3.01552	39.7635	
0.994118	-0.00847359	-0.107972	-0.00846907	0.9878	-0.155498	0.107973	0.155498	0.981918	2.20843	3.18136	40.8253	
0.993799	-0.00893247	-0.110831	-0.00892758	0.98714	-0.159611	0.110831	0.159611	0.980939	2.32667	3.35164	41.8861	
0.993472	-0.00940366	-0.113688	-0.00939838	0.986462	-0.163723	0.113689	0.163723	0.979934	2.44801	3.52637	42.9457	
0.993136	-0.00988715	-0.116545	-0.00988146	0.985766	-0.167833	0.116545	0.167833	0.978902	2.57242	3.70555	44.0043	
0.992792	-0.0103829	-0.1194	-0.0103768	0.985053	-0.171941	0.1194	0.171941	0.977844	2.69993	3.88916	45.0617	
0.992439	-0.010891	-0.122254	-0.0108845	0.984322	-0.176047	0.122254	0.176047	0.976761	2.83052	4.07722	46.118	
0.992078	-0.0114114	-0.125106	-0.0114044	0.983573	-0.180151	0.125107	0.180151	0.975651	2.9642	4.26971	47.1731	
0.991708	-0.0119442	-0.127957	-0.0119366	0.982806	-0.184252	0.127958	0.184252	0.974514	3.10096	4.46663	48.227	
0.991329	-0.0124892	-0.130806	-0.0124811	0.982022	-0.188351	0.130807	0.188351	0.973352	3.24079	4.66799	49.2796	
0.990942	-0.0130465	-0.133654	-0.0130379	0.981221	-0.192447	0.133654	0.192446	0.972163	3.38371	4.87377	50.331	
0.990547	-0.013616	-0.136499	-0.0136069	0.980401	-0.19654	0.1365	0.196539	0.970948	3.5297	5.08398	51.381	
0.990143	-0.0141979	-0.139342	-0.0141882	0.979565	-0.200629	0.139343	0.200628	0.969707	3.67877	5.29862	52.4298	
0.98973	-0.0147921	-0.142183	-0.0147817	0.97871	-0.204715	0.142184	0.204714	0.96844	3.83091	5.51767	53.4772	
0.989309	-0.0153985	-0.145021	-0.0153875	0.977838	-0.208798	0.145023	0.208797	0.967146	3.98612	5.74113	54.5232	
0.988879	-0.0160171	-0.147857	-0.0160055	0.976948	-0.212876	0.147859	0.212876	0.965827	4.14439	5.969	55.5678	
0.988441	-0.016648	-0.150691	-0.0166357	0.976041	-0.216951	0.150692	0.21695	0.964481	4.30573	6.20128	56.6109	
0.987994	-0.0172912	-0.153521	-0.0172781	0.975116	-0.221022	0.153523	0.221021	0.96311	4.47013	6.43796	57.6526	
0.987539	-0.0179465	-0.156349	-0.0179327	0.974173	-0.225088	0.15635	0.225087	0.961712	4.63759	6.67904	58.6928	
0.987075	-0.0186141	-0.159174	-0.0185995	0.973214	-0.229149	0.159175	0.229148	0.960289	4.8081	6.92451	59.7314	
0.986603	-0.0192938	-0.161995	-0.0192784	0.972236	-0.233206	0.161997	0.233205	0.958839	4.98166	7.17437	60.7685	
0.986122	-0.0199857	-0.164813	-0.0199695	0.971241	-0.237258	0.164815	0.237257	0.957364	5.15827	7.42861	61.8041	
0.985633	-0.0206897	-0.167628	-0.0206727	0.970229	-0.241305	0.16763	0.241304	0.955862	5.33793	7.68723	62.838	
0.985136	-0.0214059	-0.170439	-0.021388	0.969199	-0.245347	0.170441	0.245345	0.954335	5.52062	7.95022	63.8703	
0.98463	-0.0221342	-0.173246	-0.0221153	0.968152	-0.249383	0.173249	0.249381	0.952782	5.70635	8.21757	64.9009	
0.984115	-0.0228746	-0.17605	-0.0228548	0.967088	-0.253414	0.176053	0.253412	0.951203	5.89512	8.48928	65.9298	
0.983593	-0.023627	-0.17885	-0.0236062	0.966006	-0.257438	0.178853	0.257436	0.949599	6.08691	8.76535	66.957	
0.983062	-0.0243915	-0.181646	-0.0243697	0.964907	-0.261457	0.181648	0.261455	0.947969	6.28173	9.04576	67.9825	
0.982522	-0.025168	-0.184437	-0.0251452	0.963791	-0.26547	0.18444	0.265467	0.946313	6.47956	9.33051	69.0061	
0.981974	-0.0259565	-0.187224	-0.0259326	0.962658	-0.269476	0.187228	0.269473	0.944632	6.68041	9.6196	70.028	
0.981656	-0.0264356	-0.18882	-0.030994	0.955043	-0.294844	0.188126	0.295288	0.936704	6.88327	9.92481	71.0448	
0.981336	-0.0269584	-0.190402	-0.0360777	0.946734	-0.319989	0.188887	0.320886	0.928091	7.08702	10.2578	72.0526	
0.981015	-0.0275243	-0.191969	-0.0411801	0.937738	-0.344893	0.18951	0.346251	0.918802	7.29152	10.6184	73.0507	
0.980693	-0.0281331	-0.19352	-0.0462974	0.928062	-0.369538	0.189994	0.371363	0.908841	7.49662	11.0062	74.0384	
0.98037	-0.0287843	-0.195053	-0.051426	0.917712	-0.393905	0.19034	0.396203	0.898217	7.70216	11.421	75.015	
0.980047	-0.0294774	-0.196567	-0.0565619	0.906695	-0.417976	0.190547	0.420755	0.886937	7.90801	11.8625	75.9798	
0.979724	-0.0302118	-0.198062	-0.0617016	0.895021	-0.441735	0.190615	0.444999	0.87501	8.11401	12.3304	76.932	
0.9794	-0.0309872	-0.199536	-0.0668413	0.882698	-0.465163	0.190544	0.468918	0.862444	8.32	12.8243	77.871	
0.979077	-0.0318028	-0.200988	-0.0719771	0.869734	-0.488244	0.190334	0.492495	0.849248	8.52584	13.3439	78.7961	
0.978755	-0.0326581	-0.202417	-0.0771054	0.856139	-0.510961	0.189984	0.515713	0.835432	8.73138	13.8888	79.7065	
0.978433	-0.0335525	-0.203822	-0.0822225	0.841923	-0.533296	0.189496	0.538553	0.821006	8.93646	14.4585	80.6017	
0.978112	-0.0344853	-0.205203	-0.0873245	0.827096	-0.555235	0.18887	0.561001	0.805981	9.14094	15.0528	81.481	
0.977792	-0.0354559	-0.206557	-0.0924077	0.81167	-0.576761	0.188106	0.583039	0.790368	9.34468	15.6711	82.3437	
0.977474	-0.0364635	-0.207884	-0.0974685	0.795655	-0.597857	0.187204	0.604652	0.774177	9.54751	16.3129	83.1893	
0.977157	-0.0375073	-0.209184	-0.102503	0.779063	-0.61851	0.186166	0.625823	0.757422	9.74929	16.9779	84.017	
0.976842	-0.0385868	-0.210454	-0.107508	0.761906	-0.638703	0.184992	0.646537	0.740113	9.94988	17.6656	84.8263	
0.976529	-0.0397009	-0.211695	-0.112479	0.744197	-0.658422	0.183682	0.66678	0.722264	10.1491	18.3753	85.6166	
0.976219	-0.040849	-0.212905	-0.117413	0.725948	-0.677653	0.182239	0.686535	0.703888	10.3469	19.1067	86.3874	
0.975911	-0.0420302	-0.214083	-0.122307	0.707174	-0.696381	0.180663	0.705789	0.684998	10.543	19.8592	87.138	
0.975606	-0.0432436	-0.215229	-0.127156	0.687887	-0.714593	0.178955	0.724529	0.665608	10.7374	20.6322	87.8679	
0.975304	-0.0444884	-0.216341	-0.131957	0.668102	-0.732275	0.177116	0.742739	0.645732	10.9298	21.4251	88.5766	
0.975005	-0.0457636	-0.217419	-0.136707	0.647833	-0.749415	0.175147	0.760406	0.625384	11.1202	22.2375	89.2636	
0.974709	-0.0470683	-0.218463	-0.141403	0.627095	-0.766001	0.173051	0.777519	0.60458	11.3083	23.0686	89.9283	
0.974418	-0.0484016	-0.219471	-0.14604	0.605904	-0.782019	0.170829	0.794064	0.583335	11.4942	23.918	90.5703	
0.97413	-0.0497624	-0.220442	-0.150615	0.584274	-0.797458	0.168482	0.81003	0.561663	11.6776	24.7849	91.1891	
0.973846	-0.0511499	-0.221376	-0.155125	0.562221	-0.812308	0.166012	0.825404	0.539582	11.8583	25.6687	91.7842	
0.973567	-0.0525629	-0.222273	-0.159567	0.539762	-0.826556	0.163421	0.840175	0.517107	12.0364	26.5689	92.3553	
0.973292	-0.0540004	-0.223131	-0.163938	0.516913	-0.840194	0.16071	0.854333	0.494254	12.2115	27.4847	92.9019	
0.973021	-0.0554615	-0.22395	-0.168234	0.49369	-0.85321	0.157882	0.867868	0.471041	12.3837	28.4154	93.4236	
0.972756	-0.0569449	-0.224729	-0.172452	0.470111	-0.865596	0.154939	0.880768	0.447483	12.5528	29.3604	93.92	
0.972496	-0.0584497	-0.225468	-0.176589	0.446193	-0.877342	0.151883	0.893026	0.423599	12.7186	30.319	94.3907	
0.972241	-0.0599748	-0.226166	-0.180643	0.421953	-0.888439	0.148715	0.904632	0.399406	12.8811	31.2906	94.8355	
0.971991	-0.061519	-0.226823	-0.184609	0.397409	-0.89888	0.14544	0.915577	0.374921	13.04	32.2743	95.254	
