1	0	0	0	1	0	0	0	1	0	0	0	
0.999999	-2.99356e-06	-0.00162581	-2.99356e-06	0.999993	-0.00368253	0.00162581	0.00368253	0.999992	0.00069179	0.00156694	0.851008	
0.999995	-1.1984e-05	-0.00325292	-1.19839e-05	0.999973	-0.00736797	0.00325292	0.00736797	0.999968	0.00276772	0.00626899	1.702	
0.999988	-2.69855e-05	-0.0048813	-2.69851e-05	0.999939	-0.0110562	0.0048813	0.0110562	0.999927	0.00622888	0.0141086	2.55297	
0.999979	-4.80121e-05	-0.0065109	-4.80111e-05	0.999891	-0.0147471	0.0065109	0.0147471	0.99987	0.0110763	0.025088	3.40389	
0.999967	-7.50773e-05	-0.00814166	-7.50752e-05	0.99983	-0.0184406	0.00814166	0.0184406	0.999797	0.0173111	0.0392096	4.25476	
0.999952	-0.000108194	-0.00977354	-0.00010819	0.999755	-0.0221366	0.00977354	0.0221366	0.999707	0.0249341	0.0564754	5.10556	
0.999935	-0.000147376	-0.0114065	-0.00014737	0.999666	-0.0258349	0.0114065	0.0258349	0.999601	0.0339463	0.0768876	5.95628	
0.999915	-0.000192634	-0.0130405	-0.000192625	0.999564	-0.0295356	0.0130405	0.0295356	0.999479	0.0443487	0.100448	6.8069	
0.999892	-0.000243981	-0.0146755	-0.000243968	0.999447	-0.0332383	0.0146755	0.0332383	0.99934	0.056142	0.127159	7.65741	
0.999867	-0.000301429	-0.0163114	-0.000301411	0.999317	-0.0369432	0.0163114	0.0369432	0.999184	0.069327	0.157021	8.50779	
0.999839	-0.000364988	-0.0179482	-0.000364965	0.999173	-0.0406499	0.0179482	0.0406499	0.999012	0.0839047	0.190038	9.35803	
0.999808	-0.00043467	-0.0195858	-0.00043464	0.999016	-0.0443586	0.0195858	0.0443586	0.998824	0.0998756	0.226209	10.2081	
0.999775	-0.000510485	-0.0212242	-0.000510447	0.998844	-0.0480689	0.0212242	0.0480689	0.998619	0.11724	0.265538	11.058	
0.999738	-0.000592444	-0.0228634	-0.000592396	0.998658	-0.0517809	0.0228634	0.0517809	0.998397	0.136	0.308024	11.9078	
0.9997	-0.000680555	-0.0245033	-0.000680496	0.998459	-0.0554944	0.0245033	0.0554944	0.998158	0.156155	0.353671	12.7573	
0.999658	-0.000774829	-0.0261439	-0.000774757	0.998245	-0.0592094	0.0261439	0.0592094	0.997903	0.177706	0.402478	13.6067	
0.999614	-0.000875274	-0.027785	-0.000875188	0.998018	-0.0629256	0.027785	0.0629256	0.997631	0.200653	0.454447	14.4558	
0.999566	-0.0009819	-0.0294267	-0.000981797	0.997776	-0.0666431	0.0294267	0.0666431	0.997343	0.224997	0.509579	15.3047	
0.999517	-0.00109471	-0.031069	-0.00109459	0.997521	-0.0703617	0.031069	0.0703617	0.997038	0.250738	0.567875	16.1533	
0.999464	-0.00121372	-0.0327117	-0.00121358	0.997251	-0.0740812	0.0327117	0.0740812	0.996716	0.277877	0.629337	17.0016	
0.999409	-0.00133894	-0.0343548	-0.00133877	0.996968	-0.0778017	0.0343548	0.0778017	0.996377	0.306414	0.693964	17.8497	
0.999351	-0.00147036	-0.0359983	-0.00147017	0.99667	-0.0815229	0.0359983	0.0815229	0.996021	0.33635	0.761757	18.6975	
0.99929	-0.001608	-0.0376421	-0.00160779	0.996359	-0.0852448	0.0376421	0.0852448	0.995649	0.367684	0.832718	19.5449	
0.999226	-0.00175187	-0.0392862	-0.00175163	0.996033	-0.0889673	0.0392862	0.0889673	0.995259	0.400417	0.906846	20.3921	
0.99916	-0.00190197	-0.0409306	-0.00190169	0.995693	-0.0926903	0.0409306	0.0926903	0.994853	0.43455	0.984142	21.2389	
0.999091	-0.0020583	-0.0425751	-0.00205799	0.995339	-0.0964137	0.0425751	0.0964137	0.99443	0.470082	1.06461	22.0853	
0.999019	-0.00222087	-0.0442198	-0.00222052	0.994971	-0.100137	0.0442198	0.100137	0.993991	0.507014	1.14824	22.9314	
0.998945	-0.00238969	-0.0458646	-0.0023893	0.994589	-0.103861	0.0458646	0.103861	0.993534	0.545345	1.23504	23.7771	
0.998867	-0.00256476	-0.0475094	-0.00256433	0.994193	-0.107585	0.0475094	0.107585	0.99306	0.585077	1.32501	24.6224	
0.998787	-0.00274608	-0.0491542	-0.00274561	0.993782	-0.111309	0.0491543	0.111309	0.99257	0.626207	1.41815	25.4673	
0.998705	-0.00293367	-0.050799	-0.00293314	0.993357	-0.115032	0.0507991	0.115032	0.992062	0.668738	1.51446	26.3118	
0.998619	-0.00312751	-0.0524437	-0.00312693	0.992919	-0.118756	0.0524438	0.118755	0.991538	0.712669	1.61394	27.1558	
0.998531	-0.00332762	-0.0540883	-0.00332699	0.992466	-0.122478	0.0540883	0.122478	0.990996	0.757999	1.71659	27.9994	
0.998439	-0.003534	-0.0557327	-0.00353331	0.991998	-0.126201	0.0557327	0.126201	0.990438	0.804728	1.8224	28.8425	
0.998346	-0.00374665	-0.0573769	-0.00374589	0.991517	-0.129923	0.0573769	0.129923	0.989863	0.852857	1.93139	29.6852	
0.998249	-0.00396558	-0.0590208	-0.00396475	0.991021	-0.133644	0.0590208	0.133644	0.98927	0.902385	2.04353	30.5273	
0.998149	-0.00419077	-0.0606643	-0.00418988	0.990512	-0.137365	0.0606644	0.137365	0.988661	0.953312	2.15885	31.3689	
0.998047	-0.00442225	-0.0623076	-0.00442127	0.989988	-0.141084	0.0623076	0.141084	0.988035	1.00564	2.27733	32.21	
0.997942	-0.00465999	-0.0639504	-0.00465894	0.98945	-0.144803	0.0639504	0.144803	0.987392	1.05936	2.39898	33.0506	
0.997834	-0.00490402	-0.0655927	-0.00490289	0.988897	-0.14852	0.0655928	0.14852	0.986732	1.11448	2.52379	33.8906	
0.997724	-0.00515432	-0.0672346	-0.0051531	0.988331	-0.152236	0.0672346	0.152236	0.986055	1.171	2.65176	34.73	
0.997611	-0.00541091	-0.0688759	-0.00540959	0.98775	-0.155951	0.068876	0.155951	0.98536	1.22892	2.7829	35.5688	
0.997494	-0.00567376	-0.0705166	-0.00567235	0.987155	-0.159665	0.0705167	0.159665	0.984649	1.28823	2.91719	36.4071	
0.997376	-0.0059429	-0.0721566	-0.00594139	0.986546	-0.163377	0.0721568	0.163377	0.983921	1.34894	3.05465	37.2447	
0.997254	-0.00621831	-0.073796	-0.00621669	0.985922	-0.167087	0.0737962	0.167087	0.983176	1.41104	3.19526	38.0817	
0.99713	-0.00649999	-0.0754347	-0.00649826	0.985285	-0.170796	0.0754348	0.170796	0.982415	1.47454	3.33904	38.9181	
0.997002	-0.00678795	-0.0770726	-0.0067861	0.984633	-0.174503	0.0770727	0.174503	0.981636	1.53943	3.48596	39.7538	
0.996872	-0.00708217	-0.0787096	-0.00708021	0.983967	-0.178208	0.0787098	0.178208	0.98084	1.60572	3.63604	40.5889	
0.99674	-0.00738266	-0.0803458	-0.00738057	0.983287	-0.181911	0.080346	0.181911	0.980027	1.6734	3.78928	41.4232	
0.996604	-0.00768942	-0.0819811	-0.0076872	0.982593	-0.185612	0.0819813	0.185612	0.979197	1.74247	3.94566	42.2569	
0.996466	-0.00800244	-0.0836154	-0.00800008	0.981885	-0.189311	0.0836156	0.18931	0.978351	1.81293	4.10519	43.0898	
0.996325	-0.00832171	-0.0852487	-0.00831921	0.981162	-0.193007	0.085249	0.193007	0.977487	1.88478	4.26787	43.9221	
0.996181	-0.00864724	-0.086881	-0.00864459	0.980425	-0.196701	0.0868813	0.196701	0.976607	1.95803	4.43369	44.7535	
0.996035	-0.00897902	-0.0885122	-0.00897622	0.979675	-0.200392	0.0885125	0.200392	0.975709	2.03266	4.60266	45.5843	
0.995885	-0.00931704	-0.0901423	-0.00931408	0.97891	-0.204081	0.0901426	0.204081	0.974795	2.10868	4.77476	46.4142	
0.995733	-0.0096613	-0.0917711	-0.00965817	0.978131	-0.207767	0.0917715	0.207766	0.973864	2.18608	4.95001	47.2434	
0.995578	-0.0100118	-0.0933988	-0.0100085	0.977338	-0.21145	0.0933991	0.21145	0.972916	2.26487	5.12838	48.0717	
0.995574	-0.0100211	-0.0934414	-0.0101125	0.977102	-0.212533	0.0934315	0.212537	0.972676	2.34437	5.30879	48.8996	
0.99557	-0.0100303	-0.0934833	-0.0102166	0.976864	-0.213616	0.0934631	0.213625	0.972435	2.4239	5.49013	49.7273	
0.995566	-0.0100394	-0.0935246	-0.0103209	0.976625	-0.214701	0.093494	0.214715	0.972192	2.50345	5.67239	50.5547	
0.995562	-0.0100484	-0.0935654	-0.0104254	0.976385	-0.215787	0.0935241	0.215805	0.971947	2.58302	5.85558	51.3819	
0.995559	-0.0100574	-0.0936057	-0.01053	0.976143	-0.216874	0.0935537	0.216896	0.971701	2.66263	6.03969	52.209	
0.995555	-0.0100663	-0.0936454	-0.0106347	0.975899	-0.217962	0.0935826	0.217989	0.971454	2.74225	6.22474	53.0358	
0.995551	-0.0100751	-0.0936848	-0.0107396	0.975654	-0.21905	0.0936109	0.219082	0.971206	2.82191	6.41071	53.8624	
0.995547	-0.0100839	-0.0937237	-0.0108446	0.975408	-0.220139	0.0936388	0.220176	0.970955	2.90158	6.59762	54.6888	
0.995543	-0.0100927	-0.0937624	-0.0109498	0.97516	-0.221229	0.0936661	0.22127	0.970704	2.98128	6.78546	55.515	
0.99554	-0.0101015	-0.0938007	-0.0110551	0.974911	-0.22232	0.0936931	0.222366	0.970451	3.061	6.97423	56.341	
0.995536	-0.0101102	-0.0938388	-0.0111605	0.97466	-0.223412	0.0937197	0.223462	0.970197	3.14075	7.16393	57.1667	
0.995532	-0.010119	-0.0938767	-0.011266	0.974408	-0.224504	0.093746	0.224558	0.969941	3.22052	7.35456	57.9923	
0.995529	-0.0101277	-0.0939144	-0.0113716	0.974155	-0.225596	0.093772	0.225656	0.969684	3.3003	7.54613	58.8176	
0.995525	-0.0101365	-0.0939521	-0.0114774	0.973899	-0.226689	0.0937977	0.226753	0.969425	3.38012	7.73863	59.6427	
0.995521	-0.0101453	-0.0939897	-0.0115832	0.973643	-0.227783	0.0938233	0.227852	0.969165	3.45995	7.93207	60.4676	
0.995518	-0.0101542	-0.0940272	-0.0116892	0.973385	-0.228877	0.0938487	0.228951	0.968904	3.53981	8.12644	61.2922	
0.995514	-0.0101631	-0.0940648	-0.0117952	0.973126	-0.229972	0.0938741	0.23005	0.968641	3.61968	8.32175	62.1167	
0.995511	-0.010172	-0.0941025	-0.0119014	0.972865	-0.231067	0.0938994	0.23115	0.968376	3.69958	8.51799	62.9409	
0.995507	-0.0101811	-0.0941403	-0.0120076	0.972603	-0.232162	0.0939247	0.23225	0.968111	3.7795	8.71517	63.7648	
0.995503	-0.0101902	-0.0941782	-0.012114	0.972339	-0.233258	0.0939501	0.23335	0.967844	3.85944	8.91329	64.5886	
0.995499	-0.0101994	-0.0942164	-0.0122204	0.972074	-0.234354	0.0939756	0.234451	0.967575	3.93941	9.11234	65.4121	
0.995496	-0.0102088	-0.0942548	-0.0123269	0.971808	-0.23545	0.0940012	0.235552	0.967305	4.01939	9.31233	66.2354	
0.995492	-0.0102182	-0.0942935	-0.0124335	0.971541	-0.236547	0.0940271	0.236653	0.967034	4.0994	9.51325	67.0585	
0.995488	-0.0102278	-0.0943326	-0.0125401	0.971272	-0.237643	0.0940531	0.237754	0.966761	4.17943	9.71511	67.8813	
0.995484	-0.0102375	-0.0943721	-0.0126468	0.971001	-0.23874	0.0940795	0.238855	0.966487	4.25948	9.91791	68.704	
0.99548	-0.0102474	-0.094412	-0.0127536	0.970729	-0.239837	0.0941062	0.239957	0.966212	4.33955	10.1217	69.5263	
0.995477	-0.0102575	-0.0944524	-0.0128605	0.970456	-0.240934	0.0941333	0.241058	0.965935	4.41965	10.3263	70.3485	
0.996467	-0.00766342	-0.083637	-0.0112545	0.974663	-0.223393	0.0832298	0.223545	0.971133	4.49512	10.524	71.1727	
0.997335	-0.00526548	-0.0727659	-0.00984623	0.978552	-0.205763	0.0722887	0.205931	0.975893	4.5613	10.7068	72.0012	
0.998081	-0.00306475	-0.0618442	-0.00863645	0.982121	-0.188051	0.0613149	0.188224	0.98021	4.61815	10.8745	72.8336	
0.998704	-0.00106224	-0.0508768	-0.00762566	0.985369	-0.170264	0.0503133	0.170431	0.984084	4.66565	11.0271	73.6694	
0.999205	0.000741158	-0.0398686	-0.00681431	0.988294	-0.152411	0.0392889	0.152561	0.987513	4.70378	11.1646	74.5084	
0.999582	0.00234462	-0.0288245	-0.00620277	0.990894	-0.1345	0.0282467	0.134623	0.990494	4.73252	11.2868	75.3501	
0.999835	0.00374743	-0.0177497	-0.00579133	0.993169	-0.116539	0.0171918	0.116623	0.993027	4.75185	11.3937	76.1941	
0.999966	0.00494894	-0.00664917	-0.00558016	0.995118	-0.0985367	0.00612905	0.0985704	0.995111	4.76177	11.4852	77.0401	
0.999972	0.00594861	0.00447216	-0.00556936	0.996739	-0.0805004	-0.00493645	0.0804733	0.996745	4.76228	11.5614	77.8877	
0.999855	0.00674599	0.0156092	-0.00575893	0.998032	-0.0624386	-0.0159997	0.0623397	0.997927	4.75337	11.6222	78.7365	
0.999615	0.00734072	0.0267569	-0.0061488	0.998997	-0.0443595	-0.0270557	0.0441779	0.998657	4.73505	11.6675	79.586	
0.999251	0.00773253	0.0379103	-0.00673878	0.999632	-0.0262713	-0.0380995	0.0259962	0.998936	4.70733	11.6974	80.4361	
0.998764	0.00792125	0.0490643	-0.00752861	0.999938	-0.00818213	-0.049126	0.00780263	0.998762	4.67021	11.7118	81.2861	
0.998154	0.00790678	0.0602137	-0.00851793	0.999915	0.00989981	-0.0601303	-0.0103944	0.998136	4.62372	11.7107	82.1359	
0.997421	0.00768913	0.0713537	-0.00970629	0.999562	0.0279663	-0.0711074	-0.0285868	0.997059	4.56787	11.6941	82.9848	
