1	0	0	0	1	0	0	0	1	0	0	0	
0.999993	3.2617e-06	-0.00368481	3.2617e-06	0.999998	0.00177034	0.00368481	-0.00177034	0.999992	0.00134645	-0.000646892	0.730806	
0.999973	1.30492e-05	-0.00736884	1.30591e-05	0.999994	0.003543	0.00736884	-0.003543	0.999967	0.0053855	-0.00258841	1.4616	
0.999939	2.93682e-05	-0.011052	2.94079e-05	0.999986	0.00531794	0.011052	-0.00531794	0.999925	0.0121166	-0.00582624	2.19237	
0.999891	5.22247e-05	-0.0147343	5.23238e-05	0.999975	0.00709513	0.0147343	-0.00709513	0.999866	0.021539	-0.010362	2.9231	
0.99983	8.16241e-05	-0.0184155	8.18223e-05	0.999961	0.00887453	0.0184155	-0.00887453	0.999791	0.0336521	-0.0161974	3.65379	
0.999756	0.000117572	-0.0220958	0.000117919	0.999943	0.0106561	0.0220958	-0.0106561	0.999699	0.0484551	-0.023334	4.38441	
0.999668	0.000160073	-0.0257749	0.000160628	0.999923	0.0124399	0.0257749	-0.0124399	0.99959	0.0659472	-0.0317734	5.11496	
0.999566	0.000209133	-0.0294528	0.000209966	0.999899	0.0142257	0.0294528	-0.0142257	0.999465	0.0861277	-0.0415171	5.84542	
0.999451	0.000264757	-0.0331295	0.000265947	0.999872	0.0160137	0.0331294	-0.0160137	0.999323	0.108996	-0.0525667	6.57579	
0.999322	0.00032695	-0.0368048	0.000328586	0.999841	0.0178037	0.0368048	-0.0178037	0.999164	0.13455	-0.0649238	7.30604	
0.99918	0.000395715	-0.0404788	0.000397897	0.999808	0.0195957	0.0404787	-0.0195957	0.998988	0.16279	-0.0785897	8.03618	
0.999025	0.000471059	-0.0441513	0.000473895	0.999771	0.0213897	0.0441513	-0.0213898	0.998796	0.193714	-0.093566	8.76618	
0.998856	0.000552984	-0.0478223	0.000556594	0.999731	0.0231857	0.0478222	-0.0231858	0.998587	0.227321	-0.109854	9.49603	
0.998673	0.000641496	-0.0514917	0.000646008	0.999688	0.0249836	0.0514916	-0.0249837	0.998361	0.263611	-0.127455	10.2257	
0.998477	0.000736598	-0.0551595	0.000742151	0.999641	0.0267834	0.0551594	-0.0267835	0.998118	0.302582	-0.146371	10.9552	
0.998268	0.000838295	-0.0588255	0.000845038	0.999591	0.028585	0.0588254	-0.0285852	0.997859	0.344232	-0.166603	11.6846	
0.998045	0.00094659	-0.0624898	0.000954681	0.999538	0.0303885	0.0624896	-0.0303887	0.997583	0.388561	-0.188153	12.4137	
0.997809	0.00106149	-0.0661522	0.00107109	0.999481	0.0321937	0.066152	-0.032194	0.99729	0.435568	-0.211021	13.1427	
0.997559	0.00118299	-0.0698127	0.00119429	0.999421	0.0340007	0.0698125	-0.0340011	0.996981	0.48525	-0.235209	13.8714	
0.997296	0.0013111	-0.0734712	0.00132429	0.999358	0.0358094	0.073471	-0.0358099	0.996654	0.537606	-0.260718	14.5999	
0.99702	0.00144582	-0.0771277	0.00146109	0.999291	0.0376199	0.0771274	-0.0376204	0.996311	0.592635	-0.28755	15.3281	
0.996731	0.00158716	-0.080782	0.00160472	0.999221	0.0394319	0.0807817	-0.0394326	0.995951	0.650336	-0.315705	16.0561	
0.996428	0.00173511	-0.0844342	0.00175518	0.999147	0.0412456	0.0844338	-0.0412465	0.995575	0.710707	-0.345186	16.7838	
0.996111	0.00188969	-0.0880842	0.00191249	0.999071	0.0430609	0.0880837	-0.0430619	0.995182	0.773745	-0.375992	17.5112	
0.995782	0.00205088	-0.0917318	0.00207666	0.99899	0.0448777	0.0917312	-0.0448789	0.994772	0.839451	-0.408126	18.2384	
0.995439	0.00221871	-0.0953771	0.0022477	0.998907	0.0466961	0.0953764	-0.0466974	0.994345	0.90782	-0.441589	18.9652	
0.995083	0.00239316	-0.0990199	0.00242563	0.998819	0.0485159	0.0990191	-0.0485175	0.993902	0.978854	-0.476381	19.6917	
0.994713	0.00257424	-0.10266	0.00261046	0.998729	0.0503371	0.102659	-0.050339	0.993442	1.05255	-0.512503	20.4179	
0.99433	0.00276195	-0.106298	0.00280219	0.998635	0.0521598	0.106297	-0.052162	0.992965	1.1289	-0.549958	21.1437	
0.993935	0.0029563	-0.109933	0.00300085	0.998537	0.0539839	0.109932	-0.0539864	0.992472	1.20791	-0.588745	21.8692	
0.993525	0.00315728	-0.113566	0.00320643	0.998436	0.0558093	0.113564	-0.0558121	0.991962	1.28958	-0.628866	22.5943	
0.993103	0.0033649	-0.117195	0.00341896	0.998332	0.057636	0.117194	-0.0576392	0.991435	1.3739	-0.670321	23.3191	
0.992668	0.00357916	-0.120822	0.00363844	0.998224	0.059464	0.12082	-0.0594676	0.990892	1.46087	-0.713113	24.0434	
0.992219	0.00380005	-0.124446	0.00386489	0.998112	0.0612932	0.124444	-0.0612973	0.990331	1.55049	-0.757241	24.7674	
0.991757	0.00402759	-0.128067	0.00409831	0.997997	0.0631237	0.128065	-0.0631282	0.989755	1.64276	-0.802706	25.4909	
0.991282	0.00426177	-0.131685	0.00433873	0.997879	0.0649553	0.131682	-0.0649604	0.989161	1.73767	-0.849511	26.214	
0.990794	0.00450259	-0.1353	0.00458613	0.997757	0.066788	0.135297	-0.0667937	0.988551	1.83523	-0.897654	26.9367	
0.990293	0.00475005	-0.138912	0.00484055	0.997631	0.0686218	0.138908	-0.0686281	0.987924	1.93542	-0.947138	27.6589	
0.989779	0.00500416	-0.14252	0.00510198	0.997502	0.0704567	0.142517	-0.0704637	0.987281	2.03826	-0.997963	28.3807	
0.989252	0.00526491	-0.146125	0.00537044	0.997369	0.0722926	0.146121	-0.0723004	0.986621	2.14373	-1.05013	29.1019	
0.988712	0.00553231	-0.149727	0.00564594	0.997233	0.0741295	0.149723	-0.0741381	0.985945	2.25183	-1.10364	29.8227	
0.988159	0.00580635	-0.153326	0.00592848	0.997093	0.0759674	0.153321	-0.0759768	0.985251	2.36256	-1.15849	30.543	
0.987592	0.00608704	-0.156921	0.00621808	0.996949	0.0778061	0.156916	-0.0778165	0.984542	2.47593	-1.21469	31.2628	
0.987013	0.00637437	-0.160512	0.00651475	0.996802	0.0796458	0.160507	-0.0796572	0.983815	2.59191	-1.27223	31.982	
0.986421	0.00666834	-0.1641	0.00681849	0.996651	0.0814863	0.164094	-0.0814987	0.983072	2.71052	-1.33112	32.7007	
0.985816	0.00696896	-0.167684	0.00712932	0.996497	0.0833276	0.167678	-0.0833412	0.982313	2.83175	-1.39135	33.4189	
0.985198	0.00727622	-0.171265	0.00744724	0.996339	0.0851697	0.171258	-0.0851845	0.981537	2.9556	-1.45293	34.1365	
0.984567	0.00759012	-0.174842	0.00777226	0.996177	0.0870125	0.174834	-0.0870286	0.980744	3.08207	-1.51586	34.8535	
0.983924	0.00791066	-0.178415	0.00810439	0.996012	0.088856	0.178406	-0.0888735	0.979935	3.21114	-1.58013	35.57	
0.983267	0.00823784	-0.181984	0.00844365	0.995842	0.0907002	0.181974	-0.0907191	0.97911	3.34283	-1.64576	36.2858	
0.982598	0.00857166	-0.185549	0.00879002	0.99567	0.092545	0.185538	-0.0925655	0.978267	3.47712	-1.71273	37.001	
0.981822	0.00896366	-0.189591	0.0096393	0.99524	0.0969722	0.189558	-0.097037	0.977063	3.61418	-1.78201	37.7155	
0.981029	0.00937492	-0.193636	0.0105069	0.994791	0.101394	0.193578	-0.101505	0.97582	3.75418	-1.85456	38.4291	
0.980217	0.00980547	-0.197684	0.0113928	0.994321	0.105811	0.197599	-0.10597	0.974538	3.89712	-1.93037	39.1418	
0.979387	0.0102553	-0.201733	0.0122969	0.993831	0.110223	0.201619	-0.110431	0.973219	4.04299	-2.00945	39.8535	
0.978539	0.0107246	-0.205783	0.0132194	0.99332	0.114628	0.205638	-0.114889	0.971861	4.19181	-2.09178	40.5642	
0.977673	0.0112132	-0.209835	0.0141601	0.99279	0.119028	0.209657	-0.119342	0.970465	4.34356	-2.17737	41.274	
0.976788	0.0117212	-0.213887	0.0151191	0.992239	0.123422	0.213674	-0.123791	0.96903	4.49824	-2.26621	41.9827	
0.975885	0.0122486	-0.21794	0.0160964	0.991668	0.127809	0.21769	-0.128235	0.967557	4.65587	-2.3583	42.6903	
0.974964	0.0127954	-0.221993	0.0170919	0.991077	0.13219	0.221703	-0.132675	0.966046	4.81642	-2.45364	43.3969	
0.974025	0.0133617	-0.226045	0.0181057	0.990466	0.136564	0.225715	-0.13711	0.964497	4.97991	-2.55222	44.1023	
0.973068	0.0139475	-0.230097	0.0191377	0.989834	0.140932	0.229724	-0.14154	0.962909	5.14633	-2.65404	44.8066	
0.972092	0.0145527	-0.234148	0.0201879	0.989183	0.145292	0.233729	-0.145964	0.961283	5.31568	-2.7591	45.5097	
0.971098	0.0151774	-0.238197	0.0212563	0.988511	0.149645	0.237732	-0.150383	0.959619	5.48795	-2.86738	46.2116	
0.970086	0.0158216	-0.242244	0.0223428	0.98782	0.15399	0.24173	-0.154796	0.957917	5.66315	-2.9789	46.9123	
0.969056	0.0164852	-0.24629	0.0234475	0.987108	0.158328	0.245725	-0.159204	0.956176	5.84127	-3.09364	47.6117	
0.968008	0.0171683	-0.250333	0.0245703	0.986376	0.162658	0.249715	-0.163605	0.954398	6.02231	-3.21159	48.3098	
0.966941	0.0178709	-0.254373	0.0257112	0.985625	0.16698	0.2537	-0.168	0.952582	6.20626	-3.33276	49.0067	
0.965856	0.0185929	-0.25841	0.0268702	0.984854	0.171294	0.257681	-0.172389	0.950727	6.39312	-3.45714	49.7021	
0.964754	0.0193343	-0.262443	0.0280473	0.984062	0.175599	0.261656	-0.176771	0.948835	6.58289	-3.58473	50.3962	
0.963633	0.0200951	-0.266473	0.0292423	0.983251	0.179896	0.265625	-0.181146	0.946905	6.77556	-3.71551	51.089	
0.962494	0.0208753	-0.270499	0.0304554	0.98242	0.184183	0.269588	-0.185514	0.944938	6.97113	-3.84949	51.7802	
0.961337	0.0216748	-0.27452	0.0316864	0.981569	0.188462	0.273545	-0.189874	0.942932	7.16959	-3.98666	52.4701	
0.960162	0.0224937	-0.278536	0.0329353	0.980699	0.192732	0.277495	-0.194228	0.940889	7.37095	-4.12701	53.1584	
0.95897	0.0233319	-0.282547	0.0342021	0.979808	0.196992	0.281438	-0.198573	0.938808	7.57518	-4.27054	53.8453	
0.957759	0.0241893	-0.286552	0.0354868	0.978898	0.201243	0.285374	-0.202911	0.93669	7.7823	-4.41725	54.5306	
0.956531	0.025066	-0.290552	0.0367893	0.977969	0.205484	0.289301	-0.207241	0.934535	7.99229	-4.56712	55.2144	
0.955285	0.0259619	-0.294545	0.0381096	0.977019	0.209716	0.293221	-0.211563	0.932342	8.20514	-4.72015	55.8965	
0.954021	0.0268769	-0.298532	0.0394477	0.976051	0.213937	0.297133	-0.215877	0.930113	8.42086	-4.87634	56.5771	
0.95274	0.027811	-0.302512	0.0408034	0.975062	0.218148	0.301035	-0.220182	0.927846	8.63944	-5.03568	57.256	
0.951441	0.0287641	-0.306485	0.0421769	0.974054	0.222349	0.304929	-0.224478	0.925542	8.86086	-5.19816	57.9332	
0.950124	0.0297363	-0.310451	0.0435679	0.973027	0.226539	0.308813	-0.228766	0.923201	9.08512	-5.36378	58.6088	
0.94879	0.0307274	-0.314408	0.0449765	0.971981	0.230718	0.312688	-0.233044	0.920824	9.31222	-5.53253	59.2826	
0.947439	0.0317374	-0.318358	0.0464027	0.970914	0.234887	0.316553	-0.237314	0.91841	9.54215	-5.7044	59.9546	
0.946071	0.0327662	-0.322299	0.0478463	0.969829	0.239044	0.320407	-0.241574	0.915959	9.7749	-5.87939	60.6249	
0.944685	0.0338138	-0.326231	0.0493074	0.968724	0.243191	0.324251	-0.245824	0.913472	10.0105	-6.05748	61.2934	
0.943283	0.0348801	-0.330154	0.0507859	0.967601	0.247326	0.328084	-0.250065	0.910949	10.2488	-6.23868	61.9601	
0.941863	0.0359651	-0.334067	0.0522817	0.966457	0.251449	0.331905	-0.254296	0.90839	10.49	-6.42298	62.6249	
0.940426	0.0370686	-0.337971	0.0537948	0.965295	0.255561	0.335715	-0.258517	0.905795	10.7339	-6.61036	63.2878	
0.938973	0.0381905	-0.341865	0.0553251	0.964114	0.259661	0.339513	-0.262728	0.903164	10.9807	-6.80083	63.9488	
0.937503	0.0393309	-0.345748	0.0568727	0.962913	0.263748	0.343299	-0.266928	0.900497	11.2302	-6.99437	64.6079	
0.936016	0.0404897	-0.349621	0.0584373	0.961694	0.267824	0.347073	-0.271118	0.897795	11.4824	-7.19097	65.265	
0.934513	0.0416666	-0.353483	0.060019	0.960456	0.271887	0.350833	-0.275298	0.895057	11.7375	-7.39064	65.9201	
0.932993	0.0428618	-0.357333	0.0616178	0.959198	0.275938	0.354581	-0.279466	0.892284	11.9952	-7.59335	66.5732	
0.931457	0.044075	-0.361172	0.0632335	0.957922	0.279976	0.358315	-0.283624	0.889476	12.2557	-7.79911	67.2242	
0.929905	0.0453062	-0.364999	0.064866	0.956627	0.284002	0.362035	-0.28777	0.886633	12.5189	-8.0079	67.8732	
0.928337	0.0465553	-0.368814	0.0665155	0.955313	0.288014	0.365742	-0.291906	0.883756	12.7849	-8.21972	68.5202	
0.926752	0.0478222	-0.372617	0.0681816	0.953981	0.292013	0.369434	-0.29603	0.880843	13.0535	-8.43455	69.1649	
0.925014	0.0492481	-0.376727	0.0747329	0.948607	0.307506	0.37251	-0.312602	0.873794	13.3246	-8.65695	69.8061	
