1	0	0	0	1	0	0	0	1	0	0	0	
0.999997	4.77846e-06	-0.00227451	4.77846e-06	0.999991	0.00420172	0.00227451	-0.00420172	0.999989	0.00105225	-0.00194383	0.925249	
0.99999	1.91262e-05	-0.00455054	1.91247e-05	0.999965	0.00840561	0.00455054	-0.00840561	0.999954	0.0042097	-0.00777632	1.85048	
0.999977	4.30608e-05	-0.006828	4.30551e-05	0.99992	0.0126115	0.006828	-0.0126115	0.999897	0.00947372	-0.0174994	2.77566	
0.999959	7.65995e-05	-0.00910682	7.65854e-05	0.999859	0.0168194	0.00910682	-0.0168194	0.999817	0.0168456	-0.0311149	3.70078	
0.999935	0.000119759	-0.0113869	0.000119731	0.999779	0.0210289	0.0113869	-0.0210289	0.999714	0.0263266	-0.0486246	4.62582	
0.999907	0.000172555	-0.0136683	0.000172506	0.999681	0.0252402	0.0136683	-0.0252402	0.999588	0.0379178	-0.0700299	5.55075	
0.999873	0.000235003	-0.0159508	0.000234924	0.999566	0.0294529	0.0159508	-0.0294529	0.999439	0.0516204	-0.0953324	6.47556	
0.999834	0.000307119	-0.0182343	0.000307	0.999433	0.033667	0.0182343	-0.033667	0.999267	0.0674353	-0.124533	7.40021	
0.999789	0.000388917	-0.0205189	0.000388747	0.999282	0.0378823	0.0205189	-0.0378823	0.999072	0.0853636	-0.157634	8.3247	
0.99974	0.00048041	-0.0228044	0.000480176	0.999113	0.0420987	0.0228044	-0.0420987	0.998853	0.105406	-0.194635	9.24899	
0.999685	0.000581612	-0.0250907	0.0005813	0.998927	0.0463161	0.0250908	-0.0463161	0.998612	0.127564	-0.235538	10.1731	
0.999625	0.000692536	-0.0273779	0.000692131	0.998722	0.0505343	0.0273779	-0.0505343	0.998347	0.151837	-0.280344	11.0969	
0.99956	0.000813195	-0.0296658	0.000812678	0.9985	0.0547532	0.0296658	-0.0547532	0.998059	0.178227	-0.329053	12.0205	
0.999489	0.000943599	-0.0319543	0.000942954	0.998259	0.0589727	0.0319543	-0.0589727	0.997748	0.206734	-0.381666	12.9438	
0.999413	0.00108376	-0.0342433	0.00108297	0.998001	0.0631926	0.0342434	-0.0631926	0.997414	0.237359	-0.438183	13.8668	
0.999332	0.00123369	-0.0365329	0.00123273	0.997724	0.0674128	0.0365329	-0.0674128	0.997056	0.270102	-0.498604	14.7895	
0.999245	0.0013934	-0.0388229	0.00139224	0.99743	0.0716331	0.038823	-0.0716331	0.996675	0.304964	-0.562931	15.7119	
0.999153	0.0015629	-0.0411133	0.00156152	0.997118	0.0758535	0.0411133	-0.0758535	0.996271	0.341944	-0.631162	16.6339	
0.999056	0.00174219	-0.0434039	0.00174057	0.996787	0.0800738	0.043404	-0.0800738	0.995844	0.381044	-0.703298	17.5555	
0.998954	0.00193129	-0.0456948	0.0019294	0.996439	0.0842939	0.0456948	-0.0842939	0.995393	0.422264	-0.779339	18.4767	
0.998846	0.0021302	-0.0479857	0.00212801	0.996073	0.0885136	0.0479858	-0.0885135	0.994918	0.465603	-0.859284	19.3975	
0.998733	0.00233894	-0.0502768	0.00233642	0.995688	0.0927328	0.0502769	-0.0927327	0.994421	0.511062	-0.943134	20.3178	
0.998614	0.0025575	-0.0525678	0.00255462	0.995286	0.0969514	0.052568	-0.0969513	0.9939	0.558641	-1.03089	21.2376	
0.99849	0.0027859	-0.0548588	0.00278263	0.994865	0.101169	0.054859	-0.101169	0.993356	0.60834	-1.12254	22.157	
0.998361	0.00302414	-0.0571496	0.00302044	0.994427	0.105386	0.0571498	-0.105386	0.992788	0.660158	-1.2181	23.0758	
0.998227	0.00327223	-0.0594402	0.00326806	0.99397	0.109602	0.0594404	-0.109602	0.992197	0.714096	-1.31756	23.9941	
0.998087	0.00353017	-0.0617305	0.0035255	0.993496	0.113817	0.0617308	-0.113816	0.991582	0.770153	-1.42092	24.9119	
0.997941	0.00379796	-0.0640205	0.00379276	0.993003	0.11803	0.0640208	-0.11803	0.990944	0.828329	-1.52818	25.8291	
0.997791	0.00407562	-0.06631	0.00406984	0.992492	0.122242	0.0663103	-0.122242	0.990283	0.888624	-1.63933	26.7456	
0.997635	0.00436314	-0.0685989	0.00435674	0.991963	0.126452	0.0685994	-0.126452	0.989598	0.951037	-1.75439	27.6616	
0.997473	0.00466053	-0.0708874	0.00465346	0.991416	0.130661	0.0708878	-0.130661	0.98889	1.01557	-1.87333	28.5769	
0.997307	0.00496779	-0.0731751	0.00496001	0.990851	0.134868	0.0731756	-0.134868	0.988158	1.08221	-1.99617	29.4915	
0.997135	0.00528492	-0.0754621	0.00527639	0.990268	0.139073	0.0754627	-0.139073	0.987403	1.15098	-2.12291	30.4055	
0.996957	0.00561193	-0.0777484	0.00560259	0.989667	0.143276	0.0777491	-0.143276	0.986624	1.22186	-2.25353	31.3187	
0.996774	0.00594881	-0.0800338	0.00593862	0.989048	0.147477	0.0800345	-0.147476	0.985822	1.29485	-2.38804	32.2312	
0.996586	0.00629556	-0.0823182	0.00628448	0.98841	0.151675	0.082319	-0.151675	0.984997	1.36996	-2.52643	33.143	
0.996393	0.00665219	-0.0846016	0.00664015	0.987755	0.155871	0.0846026	-0.15587	0.984148	1.44719	-2.66871	34.0539	
0.996194	0.00701869	-0.086884	0.00700565	0.987082	0.160064	0.086885	-0.160064	0.983275	1.52652	-2.81487	34.9641	
0.995989	0.00739507	-0.0891651	0.00738097	0.98639	0.164255	0.0891663	-0.164254	0.98238	1.60797	-2.96491	35.8735	
0.99578	0.00778132	-0.0914451	0.00776611	0.985681	0.168442	0.0914464	-0.168442	0.981461	1.69152	-3.11883	36.782	
0.995565	0.00817745	-0.0937238	0.00816106	0.984953	0.172627	0.0937252	-0.172626	0.980518	1.77719	-3.27661	37.6897	
0.995344	0.00858343	-0.0960011	0.00856582	0.984208	0.176809	0.0960027	-0.176808	0.979552	1.86496	-3.43827	38.5965	
0.995118	0.00899929	-0.098277	0.00898039	0.983444	0.180987	0.0982787	-0.180986	0.978563	1.95484	-3.6038	39.5023	
0.994887	0.00942501	-0.100551	0.00940475	0.982663	0.185162	0.100553	-0.185161	0.97755	2.04683	-3.77319	40.4073	
0.994651	0.00986058	-0.102824	0.00983891	0.981864	0.189333	0.102826	-0.189332	0.976514	2.14092	-3.94644	41.3113	
0.994409	0.010306	-0.105095	0.0102829	0.981046	0.193501	0.105098	-0.1935	0.975455	2.23711	-4.12354	42.2143	
0.994161	0.0107613	-0.107365	0.0107366	0.980211	0.197665	0.107367	-0.197664	0.974372	2.3354	-4.30451	43.1164	
0.993909	0.0112264	-0.109632	0.0112001	0.979358	0.201825	0.109635	-0.201824	0.973266	2.43579	-4.48932	44.0174	
0.993651	0.0117014	-0.111898	0.0116734	0.978486	0.205981	0.111901	-0.20598	0.972137	2.53828	-4.67798	44.9174	
0.993387	0.0121862	-0.114162	0.0121564	0.977597	0.210133	0.114165	-0.210132	0.970985	2.64286	-4.87049	45.8163	
0.993119	0.0126808	-0.116424	0.0126492	0.97669	0.214281	0.116427	-0.214279	0.969809	2.74954	-5.06683	46.7142	
0.992845	0.0131852	-0.118684	0.0131518	0.975765	0.218424	0.118687	-0.218422	0.96861	2.85831	-5.26701	47.611	
0.992565	0.0136995	-0.120941	0.0136641	0.974823	0.222563	0.120945	-0.222561	0.967388	2.96917	-5.47102	48.5066	
0.99228	0.0142235	-0.123197	0.0141861	0.973862	0.226697	0.123201	-0.226695	0.966142	3.08212	-5.67886	49.4011	
0.99199	0.0147573	-0.12545	0.0147178	0.972884	0.230826	0.125454	-0.230824	0.964874	3.19715	-5.89052	50.2945	
0.991695	0.015301	-0.1277	0.0152592	0.971888	0.234951	0.127705	-0.234948	0.963582	3.31427	-6.106	51.1866	
0.991394	0.0158544	-0.129949	0.0158104	0.970874	0.23907	0.129954	-0.239067	0.962268	3.43347	-6.32529	52.0776	
0.991088	0.0164175	-0.132195	0.0163712	0.969842	0.243184	0.1322	-0.243181	0.96093	3.55475	-6.54839	52.9673	
0.990776	0.0169905	-0.134438	0.0169417	0.968793	0.247293	0.134444	-0.24729	0.959569	3.67811	-6.7753	53.8558	
0.99046	0.0175731	-0.136679	0.0175218	0.967726	0.251397	0.136685	-0.251393	0.958185	3.80354	-7.006	54.743	
0.990137	0.0181655	-0.138917	0.0181116	0.966641	0.255495	0.138924	-0.255491	0.956778	3.93105	-7.2405	55.6289	
0.989465	0.0193857	-0.143468	0.0183788	0.966156	0.257303	0.143601	-0.25723	0.955621	4.06175	-7.4777	56.5136	
0.98877	0.0206155	-0.148019	0.0186557	0.965666	0.259115	0.148278	-0.258967	0.954437	4.19678	-7.7165	57.3973	
0.988051	0.0218548	-0.152568	0.0189422	0.965172	0.26093	0.152957	-0.260702	0.953225	4.33614	-7.95692	58.2798	
0.98731	0.0231034	-0.157115	0.0192383	0.964673	0.262746	0.157635	-0.262434	0.951987	4.47983	-8.19893	59.1612	
0.986546	0.0243613	-0.16166	0.0195441	0.96417	0.264564	0.162313	-0.264164	0.950722	4.62785	-8.44255	60.0414	
0.985759	0.0256283	-0.166202	0.0198594	0.963662	0.266384	0.16699	-0.265891	0.949429	4.78019	-8.68777	60.9205	
0.984949	0.0269043	-0.170741	0.0201844	0.96315	0.268205	0.171665	-0.267614	0.948111	4.93686	-8.93458	61.7984	
0.984116	0.0281892	-0.175275	0.020519	0.962634	0.270027	0.176337	-0.269334	0.946765	5.09786	-9.18299	62.675	
0.98326	0.0294827	-0.179804	0.0208631	0.962114	0.271849	0.181007	-0.271049	0.945393	5.26317	-9.43299	63.5503	
0.982382	0.0307849	-0.184329	0.0212167	0.961589	0.273671	0.185673	-0.27276	0.943995	5.43281	-9.68457	64.4244	
0.981482	0.0320955	-0.188847	0.0215798	0.961061	0.275493	0.190336	-0.274466	0.942571	5.60676	-9.93773	65.2972	
0.980559	0.0334145	-0.193359	0.0219524	0.960529	0.277314	0.194993	-0.276167	0.941121	5.78503	-10.1925	66.1687	
0.979614	0.0347416	-0.197864	0.0223343	0.959992	0.279134	0.199646	-0.277863	0.939646	5.9676	-10.4488	67.0387	
0.978646	0.0360767	-0.202362	0.0227256	0.959452	0.280953	0.204292	-0.279553	0.938144	6.15447	-10.7067	67.9075	
0.977657	0.0374196	-0.206851	0.0231262	0.958909	0.28277	0.208933	-0.281236	0.936618	6.34564	-10.9661	68.7748	
0.976645	0.0387703	-0.211332	0.0235359	0.958362	0.284586	0.213566	-0.282913	0.935067	6.5411	-11.2271	69.6407	
0.972937	0.0433635	-0.226963	0.0199864	0.962759	0.269621	0.230203	-0.266861	0.935838	6.74641	-11.4814	70.5062	
0.968953	0.0476872	-0.242603	0.0161718	0.966898	0.254649	0.246716	-0.250666	0.936108	6.96705	-11.7209	71.3723	
0.964694	0.0517393	-0.258243	0.0120941	0.970778	0.239676	0.263097	-0.234337	0.935877	7.20291	-11.9452	72.2384	
0.960162	0.0555174	-0.273874	0.00775548	0.974395	0.22471	0.279337	-0.217882	0.935146	7.45387	-12.1545	73.104	
0.95536	0.0590197	-0.28949	0.00315825	0.977748	0.209761	0.295428	-0.201311	0.933914	7.71978	-12.3484	73.9687	
0.95029	0.0622441	-0.305081	-0.00169513	0.980835	0.194835	0.311361	-0.184633	0.932183	8.00051	-12.527	74.832	
0.944956	0.065189	-0.320638	-0.00680205	0.983654	0.179941	0.327127	-0.167855	0.929953	8.29591	-12.69	75.6936	
0.93936	0.0678529	-0.336154	-0.0121598	0.986204	0.165086	0.342718	-0.150988	0.927225	8.60581	-12.8376	76.5528	
0.933504	0.0702342	-0.351621	-0.0177655	0.988484	0.150279	0.358126	-0.134039	0.924002	8.93005	-12.9694	77.4092	
0.927393	0.0723317	-0.367029	-0.0236161	0.990492	0.135528	0.373342	-0.11702	0.920284	9.26846	-13.0856	78.2625	
0.921029	0.0741443	-0.382371	-0.0297085	0.992227	0.12084	0.388359	-0.0999371	0.916073	9.62086	-13.1859	79.1121	
0.914416	0.075671	-0.397639	-0.0360395	0.993689	0.106223	0.403168	-0.0828012	0.911373	9.98706	-13.2705	79.9575	
0.907558	0.0769111	-0.412824	-0.0426057	0.994876	0.0916852	0.417761	-0.0656209	0.906184	10.3669	-13.3392	80.7984	
0.900457	0.0778637	-0.427919	-0.0494035	0.995788	0.0772344	0.43213	-0.0484056	0.900511	10.7601	-13.3919	81.6343	
0.893118	0.0785285	-0.442914	-0.0564293	0.996425	0.0628782	0.446268	-0.0311643	0.894356	11.1664	-13.4287	82.4647	
0.885545	0.0789051	-0.457803	-0.0636794	0.996785	0.0486243	0.460168	-0.0139064	0.887723	11.5858	-13.4496	83.2891	
0.877742	0.0789932	-0.472577	-0.0711499	0.996869	0.0344804	0.473821	0.00335895	0.880615	12.0179	-13.4545	84.1073	
0.869713	0.0787928	-0.487228	-0.0788368	0.996678	0.0204538	0.487221	0.0206225	0.873035	12.4625	-13.4434	84.9186	
0.861462	0.0783041	-0.501749	-0.0867359	0.99621	0.00655233	0.50036	0.037875	0.864989	12.9194	-13.4163	85.7227	
0.852994	0.0775273	-0.516131	-0.0948431	0.995466	-0.00721676	0.513231	0.0551073	0.856479	13.3884	-13.3733	86.5191	
0.844313	0.0764627	-0.530367	-0.103154	0.994447	-0.0208461	0.525828	0.0723101	0.847512	13.8691	-13.3143	87.3075	
0.835424	0.0751111	-0.54445	-0.111664	0.993153	-0.0343283	0.538144	0.0894742	0.83809	14.3613	-13.2395	88.0873	
