1	0	0	0	1	0	0	0	1	0	0	0	
1	2.38656e-07	-0.000470591	2.38656e-07	0.999999	0.00101428	0.000470591	-0.00101428	0.999999	0.000239336	-0.000515848	1.01717	
1	9.58349e-07	-0.000942952	9.58611e-07	0.999998	0.00203293	0.000942952	-0.00203293	0.999997	0.000958244	-0.00206562	2.03434	
0.999999	2.16467e-06	-0.00141706	2.16573e-06	0.999995	0.00305591	0.00141706	-0.00305591	0.999994	0.00215851	-0.00465373	3.05151	
0.999998	3.86315e-06	-0.00189288	3.8658e-06	0.999992	0.00408315	0.00189288	-0.00408315	0.99999	0.0038419	-0.00828455	4.06867	
0.999997	6.0592e-06	-0.00237039	6.06452e-06	0.999987	0.00511461	0.00237039	-0.00511461	0.999984	0.00601014	-0.0129624	5.08583	
0.999996	8.7582e-06	-0.00284957	8.76754e-06	0.999981	0.00615023	0.00284957	-0.00615023	0.999977	0.00866494	-0.0186915	6.10298	
0.999994	1.19654e-05	-0.00333039	1.19804e-05	0.999974	0.00718997	0.00333039	-0.00718997	0.999969	0.011808	-0.0254762	7.12013	
0.999993	1.5686e-05	-0.00381282	1.57086e-05	0.999966	0.00823377	0.00381282	-0.00823377	0.999959	0.0154409	-0.0333205	8.13726	
0.999991	1.9925e-05	-0.00429684	1.99575e-05	0.999957	0.00928158	0.00429684	-0.00928158	0.999948	0.0195654	-0.0422285	9.15439	
0.999989	2.46876e-05	-0.00478242	2.47324e-05	0.999947	0.0103333	0.00478242	-0.0103333	0.999935	0.024183	-0.0522044	10.1715	
0.999986	2.99786e-05	-0.00526953	3.00385e-05	0.999935	0.011389	0.00526953	-0.011389	0.999921	0.0292952	-0.0632521	11.1886	
0.999983	3.58028e-05	-0.00575815	3.5881e-05	0.999923	0.0124485	0.00575815	-0.0124485	0.999906	0.0349038	-0.0753755	12.2057	
0.99998	4.2165e-05	-0.00624825	4.22649e-05	0.999909	0.0135118	0.00624824	-0.0135118	0.999889	0.04101	-0.0885786	13.2227	
0.999977	4.90699e-05	-0.0067398	4.91952e-05	0.999894	0.0145789	0.0067398	-0.0145789	0.999871	0.0476156	-0.102865	14.2398	
0.999974	5.6522e-05	-0.00723278	5.66767e-05	0.999878	0.0156496	0.00723278	-0.0156496	0.999851	0.0547218	-0.118239	15.2568	
0.99997	6.45257e-05	-0.00772716	6.47143e-05	0.99986	0.016724	0.00772716	-0.016724	0.99983	0.0623302	-0.134704	16.2738	
0.999966	7.30854e-05	-0.00822291	7.33126e-05	0.999842	0.017802	0.00822291	-0.017802	0.999808	0.0704422	-0.152263	17.2908	
0.999962	8.22055e-05	-0.00872001	8.24761e-05	0.999822	0.0188834	0.00872001	-0.0188834	0.999784	0.0790592	-0.170921	18.3078	
0.999958	9.189e-05	-0.00921844	9.22095e-05	0.999801	0.0199684	0.00921843	-0.0199684	0.999758	0.0881824	-0.19068	19.3247	
0.999953	0.000102143	-0.00971815	0.000102517	0.999778	0.0210567	0.00971815	-0.0210567	0.999731	0.0978133	-0.211545	20.3416	
0.999948	0.000112969	-0.0102191	0.000113403	0.999755	0.0221485	0.0102191	-0.0221485	0.999702	0.107953	-0.233519	21.3585	
0.999943	0.000124371	-0.0107214	0.000124872	0.99973	0.0232435	0.0107213	-0.0232435	0.999672	0.118603	-0.256604	22.3754	
0.999937	0.000136353	-0.0112248	0.000136928	0.999704	0.0243418	0.0112248	-0.0243418	0.999641	0.129765	-0.280806	23.3922	
0.999931	0.000148919	-0.0117294	0.000149574	0.999676	0.0254433	0.0117294	-0.0254433	0.999607	0.141439	-0.306126	24.409	
0.999925	0.000162072	-0.0122352	0.000162815	0.999648	0.0265479	0.0122352	-0.0265479	0.999573	0.153627	-0.332568	25.4257	
0.999919	0.000175816	-0.0127421	0.000176655	0.999617	0.0276556	0.0127421	-0.0276556	0.999536	0.16633	-0.360135	26.4425	
0.999912	0.000190155	-0.0132501	0.000191097	0.999586	0.0287663	0.0132501	-0.0287663	0.999498	0.179549	-0.38883	27.4591	
0.999905	0.000205091	-0.0137592	0.000206145	0.999553	0.02988	0.0137592	-0.02988	0.999459	0.193286	-0.418657	28.4758	
0.999898	0.000220627	-0.0142693	0.000221802	0.999519	0.0309966	0.0142693	-0.0309966	0.999418	0.207541	-0.449618	29.4924	
0.999891	0.000236767	-0.0147805	0.000238072	0.999484	0.0321161	0.0147805	-0.0321161	0.999375	0.222315	-0.481716	30.5089	
0.999883	0.000253514	-0.0152927	0.000254958	0.999447	0.0332383	0.0152926	-0.0332384	0.99933	0.23761	-0.514954	31.5255	
0.999875	0.00027087	-0.0158058	0.000272464	0.999409	0.0343634	0.0158058	-0.0343634	0.999284	0.253426	-0.549336	32.5419	
0.999867	0.000288839	-0.0163199	0.000290591	0.99937	0.0354911	0.0163198	-0.0354911	0.999237	0.269764	-0.584863	33.5583	
0.999858	0.000307422	-0.0168348	0.000309344	0.999329	0.0366214	0.0168348	-0.0366214	0.999187	0.286626	-0.621538	34.5747	
0.999849	0.000326622	-0.0173507	0.000328725	0.999287	0.0377543	0.0173507	-0.0377543	0.999136	0.304013	-0.659364	35.591	
0.99984	0.000346441	-0.0178674	0.000348736	0.999243	0.0388898	0.0178674	-0.0388898	0.999084	0.321924	-0.698345	36.6073	
0.999831	0.000366883	-0.018385	0.000369381	0.999199	0.0400276	0.0183849	-0.0400277	0.999029	0.340361	-0.738481	37.6235	
0.999821	0.000387949	-0.0189034	0.000390662	0.999152	0.0411679	0.0189033	-0.041168	0.998973	0.359326	-0.779776	38.6397	
0.999811	0.00040964	-0.0194225	0.000412582	0.999104	0.0423106	0.0194224	-0.0423106	0.998916	0.378818	-0.822232	39.6558	
0.999801	0.00043196	-0.0199424	0.000435142	0.999055	0.0434555	0.0199423	-0.0434555	0.998856	0.398838	-0.865851	40.6718	
0.999791	0.000454909	-0.020463	0.000458345	0.999005	0.0446027	0.0204629	-0.0446027	0.998795	0.419388	-0.910636	41.6878	
0.99978	0.00047849	-0.0209843	0.000482192	0.998953	0.045752	0.0209842	-0.045752	0.998732	0.440467	-0.95659	42.7037	
0.999769	0.000502703	-0.0215063	0.000506687	0.998899	0.0469034	0.0215062	-0.0469035	0.998668	0.462077	-1.00371	43.7196	
0.999757	0.000527551	-0.0220289	0.00053183	0.998844	0.0480569	0.0220288	-0.048057	0.998602	0.484218	-1.05201	44.7353	
0.999746	0.000553035	-0.0225522	0.000557623	0.998788	0.0492124	0.0225521	-0.0492125	0.998534	0.506892	-1.10148	45.751	
0.999734	0.000579156	-0.023076	0.000584069	0.99873	0.0503699	0.0230759	-0.0503699	0.998464	0.530097	-1.15212	46.7667	
0.999721	0.000605915	-0.0236004	0.000611167	0.998671	0.0515292	0.0236002	-0.0515292	0.998393	0.553836	-1.20395	47.7823	
0.999709	0.000633313	-0.0241253	0.000638921	0.998611	0.0526903	0.0241251	-0.0526904	0.998319	0.578109	-1.25695	48.7978	
0.999696	0.000661351	-0.0246507	0.00066733	0.998549	0.0538532	0.0246505	-0.0538533	0.998245	0.602915	-1.31114	49.8132	
0.999683	0.00069003	-0.0251766	0.000696397	0.998485	0.0550178	0.0251764	-0.0550179	0.998168	0.628256	-1.36651	50.8285	
0.999669	0.00071935	-0.0257029	0.000726122	0.99842	0.0561841	0.0257027	-0.0561842	0.99809	0.654133	-1.42307	51.8438	
0.999656	0.000749312	-0.0262297	0.000756505	0.998354	0.0573519	0.0262295	-0.057352	0.998009	0.680545	-1.48081	52.859	
0.999642	0.000779916	-0.0267569	0.000787548	0.998286	0.0585213	0.0267566	-0.0585214	0.997928	0.707493	-1.53974	53.8741	
0.999627	0.000811163	-0.0272844	0.000819252	0.998216	0.0596921	0.0272841	-0.0596922	0.997844	0.734977	-1.59986	54.8891	
0.999613	0.000843052	-0.0278123	0.000851616	0.998146	0.0608644	0.027812	-0.0608645	0.997758	0.762998	-1.66118	55.9041	
0.999598	0.000875584	-0.0283404	0.000884642	0.998073	0.062038	0.0283402	-0.0620381	0.997671	0.791557	-1.72368	56.9189	
0.999583	0.000908758	-0.0288689	0.000918329	0.998	0.0632129	0.0288686	-0.063213	0.997582	0.820652	-1.78738	57.9337	
0.999567	0.000942575	-0.0293976	0.000952678	0.997924	0.064389	0.0293973	-0.0643891	0.997492	0.850285	-1.85228	58.9483	
0.999552	0.000977034	-0.0299266	0.000987688	0.997848	0.0655663	0.0299262	-0.0655665	0.997399	0.880457	-1.91837	59.9629	
0.999536	0.00101213	-0.0304558	0.00102336	0.99777	0.0667447	0.0304554	-0.0667449	0.997305	0.911166	-1.98567	60.9774	
0.999519	0.00104788	-0.0309851	0.00105969	0.99769	0.0679242	0.0309847	-0.0679244	0.997209	0.942413	-2.05416	61.9918	
0.999503	0.00108426	-0.0315146	0.00109669	0.997609	0.0691047	0.0315142	-0.0691049	0.997112	0.974199	-2.12385	63.006	
0.999486	0.00112128	-0.0320442	0.00113434	0.997526	0.0702861	0.0320438	-0.0702863	0.997012	1.00652	-2.19474	64.0202	
0.999469	0.00115894	-0.0325739	0.00117266	0.997442	0.0714684	0.0325734	-0.0714686	0.996911	1.03939	-2.26683	65.0343	
0.999473	0.00114999	-0.0324533	0.00133095	0.997082	0.0763214	0.0324464	-0.0763243	0.996555	1.07246	-2.342	66.0482	
0.999477	0.00114049	-0.032333	0.00148864	0.996699	0.0811733	0.0323189	-0.081179	0.996175	1.10539	-2.4221	67.0616	
0.99948	0.00113041	-0.032213	0.00164572	0.996292	0.0860238	0.0321907	-0.0860321	0.995772	1.1382	-2.50715	68.0747	
0.999484	0.00111975	-0.032093	0.00180219	0.995861	0.0908725	0.0320619	-0.0908835	0.995345	1.17088	-2.59712	69.0874	
0.999488	0.00110848	-0.0319728	0.00195802	0.995406	0.0957191	0.0319321	-0.0957327	0.994895	1.20343	-2.69203	70.0996	
0.999492	0.0010966	-0.0318524	0.00211322	0.994928	0.100563	0.0318012	-0.100579	0.994421	1.23584	-2.79187	71.1113	
0.999623	0.000595829	-0.0274523	0.00285334	0.992098	0.125431	0.0273102	-0.125462	0.991722	1.26591	-2.90684	72.1215	
0.999734	-1.50142e-05	-0.0230656	0.00348078	0.988646	0.150224	0.0228015	-0.150264	0.988383	1.29139	-3.04708	73.1286	
0.999825	-0.000735534	-0.0186951	0.00399513	0.984574	0.174925	0.0182781	-0.174969	0.984404	1.31229	-3.2125	74.132	
0.999896	-0.00156526	-0.0143437	0.00439606	0.979884	0.199518	0.0137428	-0.199561	0.979789	1.32857	-3.40299	75.131	
0.999947	-0.00250367	-0.0100141	0.00468331	0.974581	0.223988	0.00919872	-0.224023	0.97454	1.34024	-3.61843	76.125	
0.999977	-0.00355014	-0.00570911	0.00485669	0.968666	0.248319	0.00464865	-0.248341	0.968662	1.34729	-3.85868	77.1133	
0.999988	-0.00470401	-0.00143159	0.00491609	0.962145	0.272494	9.55786e-05	-0.272498	0.962156	1.3497	-4.12359	78.0954	
0.999978	-0.00596451	0.00281573	0.00486148	0.955021	0.296499	-0.00445756	-0.296479	0.955029	1.34748	-4.41298	79.0705	
0.999948	-0.00733085	0.00703011	0.00469288	0.947299	0.320318	-0.00900781	-0.320268	0.947284	1.34063	-4.72666	80.038	
0.999898	-0.00880213	0.0112088	0.00441041	0.938983	0.343935	-0.0135522	-0.34385	0.938927	1.32916	-5.06444	80.9974	
0.999828	-0.0103774	0.0153491	0.00401425	0.93008	0.367335	-0.0180879	-0.36721	0.929962	1.31306	-5.4261	81.9479	
0.999738	-0.0120557	0.0194484	0.00350465	0.920595	0.390503	-0.0226119	-0.390332	0.920396	1.29236	-5.81139	82.889	
0.999628	-0.0138358	0.023504	0.00288195	0.910534	0.413424	-0.0271212	-0.413202	0.910235	1.26707	-6.22008	83.8201	
0.999498	-0.0157167	0.0275132	0.00214655	0.899904	0.436083	-0.031613	-0.435805	0.899486	1.2372	-6.6519	84.7406	
0.999348	-0.0176971	0.0314735	0.00129892	0.888711	0.458466	-0.0360844	-0.458126	0.888155	1.20276	-7.10656	85.6498	
0.999178	-0.0197758	0.0353824	0.00033961	0.876963	0.480558	-0.0405324	-0.480151	0.876249	1.1638	-7.58378	86.5472	
0.998989	-0.0219513	0.0392372	-0.000730756	0.864667	0.502344	-0.0449543	-0.501865	0.863777	1.12032	-8.08325	87.4322	
0.99878	-0.0242224	0.0430356	-0.00191149	0.851832	0.523812	-0.049347	-0.523255	0.850746	1.07235	-8.60464	88.3042	
0.998552	-0.0265874	0.046775	-0.00320182	0.838465	0.544946	-0.0537079	-0.544306	0.837166	1.01994	-9.14761	89.1627	
0.998304	-0.029045	0.050453	-0.00460093	0.824576	0.565733	-0.058034	-0.565006	0.823044	0.963104	-9.71182	90.0071	
0.998037	-0.0315934	0.0540672	-0.00610789	0.810172	0.58616	-0.0623226	-0.58534	0.808389	0.901889	-10.2969	90.8369	
0.997752	-0.0342312	0.0576154	-0.00772175	0.795265	0.606213	-0.0665709	-0.605295	0.793212	0.836332	-10.9025	91.6515	
0.997448	-0.0369565	0.0610952	-0.00944145	0.779862	0.62588	-0.0707762	-0.624859	0.777523	0.766476	-11.5281	92.4504	
0.997125	-0.0397675	0.0645044	-0.0112659	0.763975	0.645148	-0.0749356	-0.64402	0.76133	0.692365	-12.1735	93.2331	
0.996784	-0.0426626	0.0678407	-0.0131939	0.747613	0.664004	-0.0790467	-0.662763	0.744645	0.614047	-12.8382	93.999	
0.996424	-0.0456397	0.071102	-0.0152242	0.730787	0.682436	-0.0831066	-0.681079	0.727479	0.531574	-13.5217	94.7478	
0.996047	-0.048697	0.0742863	-0.0173555	0.713507	0.700433	-0.0871128	-0.698953	0.709842	0.444998	-14.2236	95.4788	
0.995653	-0.0518325	0.0773913	-0.0195864	0.695786	0.717982	-0.0910626	-0.716376	0.691746	0.354376	-14.9434	96.1917	
0.99524	-0.0550442	0.0804152	-0.0219155	0.677635	0.735072	-0.0949536	-0.733336	0.673203	0.259765	-15.6808	96.8859	
