1	0	0	0	1	0	0	0	1	0	0	0	
1	-2.36871e-07	0.000664611	-2.36871e-07	1	0.000712811	-0.000664611	-0.000712811	1	-0.000298068	-0.000319685	0.89697	
0.999999	-9.49286e-07	0.00133042	-9.49474e-07	0.999999	0.00142719	-0.00133042	-0.00142719	0.999998	-0.00119281	-0.00127944	1.79394	
0.999998	-2.13994e-06	0.0019974	-2.1407e-06	0.999998	0.0021431	-0.0019974	-0.0021431	0.999996	-0.00268528	-0.00288066	2.69091	
0.999996	-3.81147e-06	0.00266552	-3.81336e-06	0.999996	0.00286053	-0.00266552	-0.00286053	0.999992	-0.00477653	-0.00512472	3.58787	
0.999994	-5.96643e-06	0.00333476	-5.9702e-06	0.999994	0.00357944	-0.00333476	-0.00357944	0.999988	-0.00746757	-0.00801295	4.48483	
0.999992	-8.60732e-06	0.00400509	-8.61392e-06	0.999991	0.0042998	-0.00400509	-0.0042998	0.999983	-0.0107594	-0.0115467	5.38179	
0.999989	-1.17365e-05	0.00467648	-1.17471e-05	0.999987	0.00502159	-0.00467648	-0.00502159	0.999976	-0.0146529	-0.0157272	6.27874	
0.999986	-1.53564e-05	0.00534891	-1.53724e-05	0.999983	0.00574478	-0.00534891	-0.00574478	0.999969	-0.0191492	-0.0205557	7.17568	
0.999982	-1.94693e-05	0.00602235	-1.94921e-05	0.999979	0.00646935	-0.00602235	-0.00646935	0.999961	-0.024249	-0.0260336	8.07262	
0.999978	-2.40773e-05	0.00669676	-2.41087e-05	0.999974	0.00719525	-0.00669676	-0.00719525	0.999952	-0.0299533	-0.0321619	8.96955	
0.999973	-2.91827e-05	0.00737214	-2.92246e-05	0.999969	0.00792247	-0.00737214	-0.00792247	0.999941	-0.036263	-0.038942	9.86648	
0.999968	-3.47874e-05	0.00804844	-3.48419e-05	0.999963	0.00865098	-0.00804844	-0.00865098	0.99993	-0.0431789	-0.046375	10.7634	
0.999962	-4.08934e-05	0.00872564	-4.0963e-05	0.999956	0.00938074	-0.00872564	-0.00938074	0.999918	-0.0507018	-0.0544619	11.6603	
0.999956	-4.75027e-05	0.00940372	-4.75898e-05	0.999949	0.0101117	-0.00940372	-0.0101117	0.999905	-0.0588326	-0.063204	12.5572	
0.999949	-5.4617e-05	0.0100826	-5.47244e-05	0.999941	0.0108439	-0.0100826	-0.0108439	0.99989	-0.0675719	-0.0726023	13.4541	
0.999942	-6.22383e-05	0.0107624	-6.23689e-05	0.999933	0.0115773	-0.0107624	-0.0115773	0.999875	-0.0769206	-0.0826579	14.3509	
0.999935	-7.0368e-05	0.0114429	-7.0525e-05	0.999924	0.0123118	-0.0114429	-0.0123118	0.999859	-0.0868793	-0.0933718	15.2478	
0.999926	-7.9008e-05	0.0121242	-7.91947e-05	0.999915	0.0130474	-0.0121242	-0.0130474	0.999841	-0.0974489	-0.104745	16.1446	
0.999918	-8.81596e-05	0.0128063	-8.83796e-05	0.999905	0.0137842	-0.0128063	-0.0137842	0.999823	-0.10863	-0.116779	17.0414	
0.999909	-9.78244e-05	0.013489	-9.80814e-05	0.999895	0.0145219	-0.013489	-0.0145219	0.999804	-0.120423	-0.129473	17.9382	
0.9999	-0.000108004	0.0141724	-0.000108302	0.999884	0.0152607	-0.0141724	-0.0152608	0.999783	-0.132829	-0.142831	18.835	
0.99989	-0.000118699	0.0148565	-0.000119042	0.999872	0.0160006	-0.0148565	-0.0160006	0.999762	-0.145848	-0.156851	19.7318	
0.999879	-0.000129911	0.0155412	-0.000130304	0.99986	0.0167413	-0.0155412	-0.0167413	0.999739	-0.159481	-0.171535	20.6285	
0.999868	-0.000141642	0.0162266	-0.000142089	0.999847	0.0174831	-0.0162266	-0.0174831	0.999715	-0.173728	-0.186884	21.5252	
0.999857	-0.000153892	0.0169125	-0.000154398	0.999834	0.0182257	-0.0169125	-0.0182257	0.999691	-0.18859	-0.202899	22.422	
0.999845	-0.000166662	0.0175989	-0.000167232	0.99982	0.0189692	-0.0175989	-0.0189692	0.999665	-0.204068	-0.21958	23.3186	
0.999833	-0.000179953	0.0182859	-0.000180592	0.999806	0.0197136	-0.0182859	-0.0197136	0.999638	-0.220162	-0.236929	24.2153	
0.99982	-0.000193767	0.0189733	-0.000194481	0.999791	0.0204588	-0.0189733	-0.0204588	0.999611	-0.236872	-0.254946	25.1119	
0.999807	-0.000208103	0.0196612	-0.000208897	0.999775	0.0212048	-0.0196612	-0.0212049	0.999582	-0.254199	-0.273631	26.0085	
0.999793	-0.000222963	0.0203496	-0.000223844	0.999759	0.0219516	-0.0203496	-0.0219516	0.999552	-0.272143	-0.292986	26.9051	
0.999779	-0.000238347	0.0210384	-0.00023932	0.999742	0.0226991	-0.0210383	-0.0226992	0.999521	-0.290705	-0.313012	27.8017	
0.999764	-0.000254256	0.0217275	-0.000255327	0.999725	0.0234474	-0.0217275	-0.0234474	0.999489	-0.309885	-0.333708	28.6982	
0.999749	-0.00027069	0.022417	-0.000271866	0.999707	0.0241963	-0.022417	-0.0241963	0.999456	-0.329683	-0.355075	29.5947	
0.999733	-0.00028765	0.0231069	-0.000288938	0.999689	0.0249459	-0.0231068	-0.0249459	0.999422	-0.3501	-0.377115	30.4912	
0.999717	-0.000305135	0.023797	-0.000306542	0.99967	0.0256961	-0.023797	-0.0256961	0.999387	-0.371136	-0.399827	31.3876	
0.9997	-0.000323147	0.0244874	-0.000324679	0.99965	0.0264469	-0.0244874	-0.0264469	0.99935	-0.39279	-0.423212	32.284	
0.999683	-0.000341684	0.0251781	-0.000343349	0.99963	0.0271982	-0.025178	-0.0271982	0.999313	-0.415065	-0.447271	33.1804	
0.999665	-0.000360748	0.0258689	-0.000362554	0.999609	0.0279501	-0.0258689	-0.0279501	0.999275	-0.437958	-0.472004	34.0767	
0.999647	-0.000380338	0.02656	-0.000382292	0.999588	0.0287025	-0.02656	-0.0287025	0.999235	-0.461472	-0.497412	34.973	
0.999629	-0.000400455	0.0272513	-0.000402565	0.999566	0.0294554	-0.0272512	-0.0294554	0.999195	-0.485605	-0.523495	35.8693	
0.999609	-0.000421097	0.0279426	-0.000423371	0.999544	0.0302087	-0.0279426	-0.0302087	0.999153	-0.510359	-0.550254	36.7655	
0.99959	-0.000442265	0.0286341	-0.000444712	0.99952	0.0309624	-0.0286341	-0.0309625	0.99911	-0.535733	-0.577688	37.6617	
0.99957	-0.000463958	0.0293257	-0.000466587	0.999497	0.0317166	-0.0293257	-0.0317166	0.999067	-0.561727	-0.605799	38.5578	
0.999549	-0.000486176	0.0300173	-0.000488995	0.999473	0.0324711	-0.0300173	-0.0324711	0.999022	-0.588341	-0.634586	39.454	
0.999528	-0.000508919	0.030709	-0.000511937	0.999448	0.0332259	-0.0307089	-0.0332259	0.998976	-0.615576	-0.66405	40.35	
0.999507	-0.000532186	0.0314006	-0.000535411	0.999422	0.033981	-0.0314006	-0.0339811	0.998929	-0.643431	-0.694191	41.2461	
0.999485	-0.000555975	0.0320923	-0.000559419	0.999396	0.0347364	-0.0320922	-0.0347365	0.998881	-0.671907	-0.72501	42.142	
0.999462	-0.000580288	0.0327839	-0.000583958	0.99937	0.035492	-0.0327838	-0.0354921	0.998832	-0.701003	-0.756506	43.038	
0.999439	-0.000605121	0.0334754	-0.000609029	0.999343	0.0362479	-0.0334753	-0.036248	0.998782	-0.730719	-0.788681	43.9339	
0.999416	-0.000630476	0.0341668	-0.00063463	0.999315	0.0370039	-0.0341667	-0.037004	0.998731	-0.761055	-0.821533	44.8297	
0.999392	-0.00065635	0.034858	-0.000660762	0.999287	0.0377601	-0.0348579	-0.0377602	0.998679	-0.792012	-0.855064	45.7255	
0.999368	-0.000682743	0.0355491	-0.000687422	0.999258	0.0385164	-0.035549	-0.0385165	0.998625	-0.823588	-0.889273	46.6213	
0.999343	-0.000709654	0.03624	-0.000714611	0.999228	0.0392728	-0.0362399	-0.0392729	0.998571	-0.855785	-0.92416	47.517	
0.999318	-0.000737081	0.0369307	-0.000742327	0.999198	0.0400293	-0.0369306	-0.0400294	0.998516	-0.8886	-0.959726	48.4127	
0.999292	-0.000765023	0.0376212	-0.000770569	0.999168	0.0407858	-0.0376211	-0.0407859	0.998459	-0.922036	-0.99597	49.3083	
0.999266	-0.000793479	0.0383114	-0.000799335	0.999136	0.0415423	-0.0383113	-0.0415424	0.998402	-0.95609	-1.03289	50.2039	
0.999239	-0.000822447	0.0390013	-0.000828626	0.999105	0.0422987	-0.0390011	-0.0422989	0.998343	-0.990764	-1.07049	51.0994	
0.999212	-0.000851925	0.0396909	-0.000858438	0.999072	0.0430552	-0.0396907	-0.0430553	0.998284	-1.02606	-1.10877	51.9948	
0.999184	-0.000881913	0.0403801	-0.000888771	0.999039	0.0438115	-0.0403799	-0.0438117	0.998223	-1.06197	-1.14773	52.8902	
0.999043	-0.0010271	0.0437332	-0.000839186	0.99909	0.0426347	-0.0437372	-0.0426306	0.998133	-1.09969	-1.1865	53.7856	
0.99889	-0.00116836	0.0470867	-0.000785705	0.99914	0.0414594	-0.0470947	-0.0414504	0.99803	-1.14043	-1.22421	54.6808	
0.998726	-0.00130567	0.0504405	-0.000728333	0.999188	0.0402855	-0.0504521	-0.0402709	0.997914	-1.18418	-1.26086	55.576	
0.998551	-0.00143904	0.0537943	-0.000667071	0.999235	0.0391128	-0.0538094	-0.039092	0.997786	-1.23094	-1.29645	56.471	
0.998364	-0.00156847	0.0571481	-0.000601922	0.99928	0.0379414	-0.0571664	-0.0379137	0.997645	-1.28071	-1.33099	57.3659	
0.998167	-0.00169395	0.0605017	-0.000532886	0.999324	0.0367711	-0.060523	-0.0367359	0.997491	-1.33349	-1.36447	58.2607	
0.997958	-0.00181547	0.0638549	-0.000459964	0.999366	0.0356017	-0.0638791	-0.0355584	0.997324	-1.38928	-1.39689	59.1554	
0.997737	-0.00193304	0.0672077	-0.000383152	0.999407	0.0344333	-0.0672344	-0.0343811	0.997145	-1.44808	-1.42826	60.0499	
0.997505	-0.00204666	0.0705599	-0.00030245	0.999446	0.0332657	-0.0705889	-0.033204	0.996953	-1.5099	-1.45857	60.9442	
0.997262	-0.00215631	0.0739113	-0.000217854	0.999485	0.0320987	-0.0739424	-0.032027	0.996748	-1.57472	-1.48783	61.8383	
0.997008	-0.002262	0.0772619	-0.000129359	0.999521	0.0309324	-0.0772949	-0.0308498	0.996531	-1.64254	-1.51602	62.7323	
0.996743	-0.00236373	0.0806114	-3.69611e-05	0.999557	0.0297665	-0.080646	-0.0296726	0.996301	-1.71338	-1.54317	63.626	
0.996466	-0.00246149	0.0839598	5.93474e-05	0.999591	0.0286011	-0.0839958	-0.028495	0.996059	-1.78722	-1.56926	64.5196	
0.996178	-0.00255527	0.0873068	0.000159573	0.999624	0.0274359	-0.0873441	-0.0273172	0.995804	-1.86406	-1.59429	65.4129	
0.995879	-0.00264508	0.0906525	0.000263725	0.999655	0.026271	-0.0906907	-0.0261388	0.995536	-1.94391	-1.61826	66.306	
0.995569	-0.00273092	0.0939965	0.000371812	0.999685	0.0251061	-0.0940355	-0.0249599	0.995256	-2.02675	-1.64118	67.1988	
0.995247	-0.00281277	0.0973389	0.000483844	0.999713	0.0239413	-0.0973783	-0.0237804	0.994963	-2.1126	-1.66304	68.0914	
0.994915	-0.00289064	0.100679	0.000599832	0.99974	0.0227764	-0.100719	-0.0226001	0.994658	-2.20144	-1.68384	68.9837	
0.994571	-0.00296453	0.104018	0.000719789	0.999766	0.0216112	-0.104058	-0.021419	0.994341	-2.29328	-1.70358	69.8758	
0.994216	-0.00303443	0.107354	0.000843729	0.999791	0.0204458	-0.107394	-0.0202369	0.994011	-2.38812	-1.72226	70.7675	
0.99385	-0.00310033	0.110689	0.000971664	0.999814	0.0192799	-0.110728	-0.0190538	0.993668	-2.48594	-1.73988	71.659	
0.991668	-0.00332798	0.128779	0.00253666	0.999977	0.0063083	-0.128797	-0.00592907	0.991653	-2.59337	-1.75109	72.5494	
0.989156	-0.00331641	0.146829	0.00433736	0.999969	-0.00663373	-0.146802	0.00719865	0.98914	-2.71698	-1.75052	73.4378	
0.986318	-0.00306563	0.164828	0.00637286	0.999789	-0.0195397	-0.164733	0.0203227	0.986129	-2.8567	-1.73818	74.3237	
0.983153	-0.00257577	0.182767	0.00864212	0.999438	-0.032403	-0.182581	0.0334366	0.982622	-3.01247	-1.71406	75.2067	
0.979664	-0.00184706	0.200638	0.011144	0.998915	-0.0452173	-0.200337	0.0465337	0.978621	-3.18421	-1.6782	76.0863	
0.975852	-0.000879883	0.218432	0.0138773	0.998222	-0.0579761	-0.217993	0.0596074	0.974128	-3.37183	-1.63059	76.9621	
0.971719	0.000325282	0.23614	0.0168406	0.997357	-0.070673	-0.235539	0.0726511	0.969146	-3.57524	-1.57127	77.8337	
0.967268	0.00176783	0.253752	0.0200323	0.996323	-0.0833016	-0.252966	0.0856582	0.963676	-3.79434	-1.50027	78.7006	
0.9625	0.00344703	0.27126	0.023451	0.995119	-0.0958556	-0.270267	0.0986223	0.957721	-4.02901	-1.41762	79.5623	
0.957418	0.00536204	0.288655	0.0270949	0.993746	-0.108329	-0.287431	0.111537	0.951285	-4.27914	-1.32336	80.4185	
0.952025	0.0075119	0.305929	0.0309621	0.992204	-0.120714	-0.304451	0.124395	0.94437	-4.5446	-1.21755	81.2687	
0.946323	0.00989552	0.323072	0.0350507	0.990495	-0.133007	-0.321318	0.137191	0.936981	-4.82526	-1.10023	82.1125	
0.940315	0.0125117	0.340077	0.0393587	0.988619	-0.145199	-0.338023	0.149918	0.929121	-5.12098	-0.971456	82.9495	
0.934004	0.0153592	0.356933	0.0438839	0.986578	-0.157286	-0.354558	0.16257	0.920793	-5.4316	-0.831304	83.7792	
0.927393	0.0184364	0.373634	0.0486239	0.984371	-0.169261	-0.370915	0.175139	0.912002	-5.75698	-0.679841	84.6012	
0.920486	0.021742	0.39017	0.0535765	0.982001	-0.181118	-0.387086	0.187621	0.902753	-6.09695	-0.517141	85.4151	
0.913286	0.0252741	0.406534	0.0587392	0.979468	-0.192852	-0.403061	0.200008	0.89305	-6.45133	-0.343288	86.2205	
0.905797	0.0290311	0.422717	0.0641092	0.976774	-0.204455	-0.418835	0.212295	0.882898	-6.81996	-0.158369	87.017	
0.898022	0.0330111	0.438711	0.0696841	0.973921	-0.215923	-0.434397	0.224475	0.872302	-7.20263	0.0375243	87.8043	
