1	0	0	0	1	0	0	0	1	0	0	0	
0.999999	2.33422e-06	-0.0013971	2.33422e-06	0.999994	0.00334152	0.0013971	-0.00334152	0.999993	0.000557428	-0.00133323	0.797978	
0.999996	9.33809e-06	-0.00279385	9.34493e-06	0.999978	0.00668711	0.00279385	-0.00668711	0.999974	0.00222957	-0.00533456	1.59595	
0.999991	2.10149e-05	-0.00419021	2.10423e-05	0.99995	0.0100367	0.00419021	-0.0100367	0.999941	0.00501615	-0.0120072	2.39389	
0.999984	3.73675e-05	-0.00558616	3.7436e-05	0.99991	0.0133902	0.00558615	-0.0133902	0.999895	0.00891683	-0.0213543	3.19181	
0.999976	5.83984e-05	-0.00698163	5.85356e-05	0.99986	0.0167474	0.00698163	-0.0167474	0.999835	0.0139312	-0.0333789	3.98968	
0.999965	8.41099e-05	-0.0083766	8.43502e-05	0.999798	0.0201084	0.00837659	-0.0201084	0.999763	0.020059	-0.048084	4.7875	
0.999952	0.000114504	-0.00977102	0.000114889	0.999724	0.0234731	0.00977101	-0.0234731	0.999677	0.0272998	-0.0654726	5.58526	
0.999938	0.000149582	-0.0111649	0.00015016	0.99964	0.0268412	0.0111648	-0.0268412	0.999577	0.035653	-0.0855475	6.38294	
0.999921	0.000189345	-0.0125581	0.000190171	0.999543	0.0302129	0.012558	-0.0302129	0.999465	0.0451182	-0.108312	7.18054	
0.999903	0.000233794	-0.0139506	0.000234931	0.999436	0.0335878	0.0139506	-0.0335879	0.999338	0.0556948	-0.133767	7.97804	
0.999882	0.00028293	-0.0153424	0.000284447	0.999316	0.0369661	0.0153424	-0.0369661	0.999199	0.0673825	-0.161918	8.77544	
0.99986	0.000336752	-0.0167335	0.000338727	0.999186	0.0403476	0.0167335	-0.0403476	0.999046	0.0801804	-0.192765	9.57272	
0.999836	0.000395261	-0.0181238	0.000397776	0.999043	0.0437321	0.0181238	-0.0437322	0.998879	0.0940881	-0.226312	10.3699	
0.999809	0.000458456	-0.0195133	0.000461603	0.998889	0.0471197	0.0195132	-0.0471197	0.998699	0.109105	-0.262561	11.1669	
0.999781	0.000526337	-0.0209019	0.000530212	0.998723	0.0505102	0.0209018	-0.0505103	0.998505	0.12523	-0.301515	11.9638	
0.999751	0.000598901	-0.0222897	0.000603611	0.998546	0.0539036	0.0222895	-0.0539036	0.998297	0.142463	-0.343175	12.7605	
0.999719	0.000676149	-0.0236764	0.000681805	0.998357	0.0572997	0.0236763	-0.0572997	0.998076	0.160803	-0.387544	13.557	
0.999686	0.000758077	-0.0250622	0.000764799	0.998156	0.0606984	0.025062	-0.0606985	0.997841	0.180249	-0.434624	14.3533	
0.99965	0.000844684	-0.026447	0.000852598	0.997943	0.0640997	0.0264468	-0.0640998	0.997593	0.200801	-0.484417	15.1495	
0.999612	0.000935967	-0.0278307	0.000945208	0.997719	0.0675035	0.0278304	-0.0675036	0.997331	0.222457	-0.536926	15.9455	
0.999573	0.00103192	-0.0292134	0.00104263	0.997482	0.0709097	0.029213	-0.0709099	0.997055	0.245216	-0.592152	16.7412	
0.999531	0.00113255	-0.0305949	0.00114487	0.997234	0.0743182	0.0305944	-0.0743184	0.996765	0.269079	-0.650096	17.5367	
0.999488	0.00123785	-0.0319752	0.00125194	0.996974	0.0777289	0.0319747	-0.0777292	0.996462	0.294044	-0.710762	18.332	
0.999443	0.0013478	-0.0333543	0.00136383	0.996702	0.0811418	0.0333537	-0.081142	0.996144	0.320109	-0.77415	19.127	
0.999396	0.00146242	-0.0347322	0.00148055	0.996418	0.0845567	0.0347314	-0.084557	0.995813	0.347274	-0.840262	19.9218	
0.999347	0.00158169	-0.0361088	0.0016021	0.996122	0.0879735	0.0361079	-0.0879739	0.995468	0.375538	-0.9091	20.7163	
0.999296	0.00170562	-0.0374841	0.00172849	0.995813	0.0913922	0.037483	-0.0913926	0.995109	0.4049	-0.980666	21.5105	
0.999243	0.00183419	-0.038858	0.00185972	0.995493	0.0948127	0.0388568	-0.0948132	0.994736	0.435359	-1.05496	22.3044	
0.999188	0.0019674	-0.0402305	0.00199578	0.995161	0.0982348	0.0402291	-0.0982354	0.99435	0.466914	-1.13198	23.0981	
0.999132	0.00210524	-0.0416016	0.00213669	0.994817	0.101659	0.0416	-0.101659	0.993949	0.499563	-1.21174	23.8914	
0.999074	0.00224771	-0.0429713	0.00228244	0.994461	0.105084	0.0429694	-0.105085	0.993535	0.533305	-1.29423	24.6844	
0.999014	0.00239481	-0.0443394	0.00243303	0.994092	0.10851	0.0443373	-0.108511	0.993106	0.56814	-1.37945	25.477	
0.998952	0.00254652	-0.045706	0.00258846	0.993712	0.111938	0.0457036	-0.111939	0.992663	0.604065	-1.46741	26.2693	
0.998888	0.00270284	-0.047071	0.00274874	0.993319	0.115368	0.0470683	-0.115369	0.992207	0.64108	-1.5581	27.0613	
0.998822	0.00286377	-0.0484344	0.00291387	0.992914	0.118798	0.0484314	-0.118799	0.991736	0.679184	-1.65153	27.8528	
0.998755	0.00302929	-0.0497962	0.00308384	0.992497	0.12223	0.0497928	-0.122231	0.991252	0.718374	-1.7477	28.644	
0.998686	0.00319939	-0.0511562	0.00325866	0.992068	0.125662	0.0511525	-0.125663	0.990753	0.758651	-1.84661	29.4348	
0.998614	0.00337408	-0.0525146	0.00343832	0.991626	0.129095	0.0525104	-0.129097	0.990241	0.800011	-1.94826	30.2252	
0.998542	0.00355334	-0.0538712	0.00362282	0.991172	0.132529	0.0538665	-0.132531	0.989714	0.842454	-2.05264	31.0152	
0.998467	0.00373716	-0.055226	0.00381217	0.990706	0.135964	0.0552209	-0.135966	0.989173	0.885979	-2.15977	31.8048	
0.99839	0.00392554	-0.056579	0.00400635	0.990228	0.1394	0.0565733	-0.139402	0.988619	0.930584	-2.26964	32.5939	
0.998312	0.00411846	-0.0579301	0.00420538	0.989738	0.142836	0.0579239	-0.142838	0.98805	0.976267	-2.38225	33.3826	
0.998232	0.00431592	-0.0592793	0.00440924	0.989235	0.146272	0.0592725	-0.146275	0.987467	1.02303	-2.49761	34.1708	
0.99815	0.0045179	-0.0606266	0.00461794	0.988719	0.149709	0.0606191	-0.149712	0.98687	1.07086	-2.6157	34.9585	
0.998067	0.0047244	-0.061972	0.00483146	0.988192	0.153146	0.0619637	-0.153149	0.986259	1.11977	-2.73654	35.7458	
0.997981	0.00493541	-0.0633153	0.00504982	0.987652	0.156583	0.0633063	-0.156586	0.985633	1.16975	-2.86012	36.5325	
0.997894	0.00515092	-0.0646567	0.005273	0.9871	0.16002	0.0646468	-0.160024	0.984994	1.22081	-2.98645	37.3188	
0.997805	0.0053709	-0.0659959	0.00550101	0.986535	0.163457	0.0659852	-0.163462	0.984341	1.27293	-3.11551	38.1045	
0.997715	0.00559537	-0.0673331	0.00573383	0.985958	0.166895	0.0673214	-0.166899	0.983673	1.32612	-3.24732	38.8898	
0.997623	0.00582429	-0.0686681	0.00597147	0.985369	0.170332	0.0686555	-0.170337	0.982991	1.38037	-3.38188	39.6744	
0.997529	0.00605767	-0.070001	0.00621391	0.984767	0.173768	0.0699873	-0.173774	0.982296	1.43569	-3.51918	40.4586	
0.997433	0.00629549	-0.0713317	0.00646116	0.984153	0.177205	0.0713168	-0.177211	0.981586	1.49206	-3.65921	41.2421	
0.997335	0.00653773	-0.0726601	0.00671322	0.983526	0.180641	0.0726441	-0.180647	0.980862	1.5495	-3.802	42.0251	
0.997236	0.00678439	-0.0739863	0.00697007	0.982887	0.184076	0.073969	-0.184083	0.980124	1.608	-3.94752	42.8076	
0.997135	0.00703546	-0.0753102	0.0072317	0.982236	0.187511	0.0752916	-0.187518	0.979371	1.66755	-4.09579	43.5894	
0.997241	0.00676592	-0.0739193	0.00756517	0.981387	0.191889	0.0738418	-0.191919	0.978629	1.72706	-4.24718	44.3706	
0.997345	0.00649049	-0.0725313	0.00789295	0.980517	0.196274	0.0723921	-0.196326	0.977863	1.7854	-4.40208	45.1512	
0.997447	0.00620918	-0.0711463	0.00821499	0.979625	0.200667	0.0709426	-0.200739	0.977073	1.84259	-4.56051	45.9312	
0.997546	0.00592199	-0.0697642	0.00853123	0.978711	0.205065	0.0694934	-0.205157	0.976259	1.89863	-4.72246	46.7106	
0.997643	0.00562892	-0.0683851	0.00884162	0.977775	0.20947	0.0680443	-0.209581	0.975421	1.9535	-4.88793	47.4893	
0.997738	0.00532998	-0.0670089	0.00914611	0.976817	0.21388	0.0665954	-0.214009	0.974559	2.00722	-5.05694	48.2673	
0.997831	0.00502516	-0.0656357	0.00944466	0.975837	0.218295	0.0651467	-0.218441	0.973673	2.05979	-5.22948	49.0446	
0.997922	0.00471448	-0.0642654	0.00973721	0.974835	0.222714	0.0636982	-0.222877	0.972763	2.11119	-5.40557	49.8212	
0.99801	0.00439793	-0.0628981	0.0100237	0.973811	0.227138	0.0622498	-0.227316	0.971829	2.16145	-5.58519	50.5971	
0.998097	0.00407552	-0.0615337	0.0103041	0.972765	0.231565	0.0608016	-0.231758	0.970871	2.21054	-5.76836	51.3722	
0.998181	0.00374725	-0.0601723	0.0105784	0.971697	0.235995	0.0593535	-0.236202	0.969889	2.25848	-5.95507	52.1466	
0.998263	0.00341312	-0.0588138	0.0108465	0.970606	0.240428	0.0579056	-0.240649	0.968883	2.30527	-6.14533	52.9201	
0.998343	0.00307312	-0.0574582	0.0111085	0.969494	0.244864	0.0564578	-0.245096	0.967853	2.3509	-6.33913	53.6929	
0.998421	0.00272727	-0.0561055	0.0113641	0.968359	0.249301	0.0550102	-0.249545	0.966799	2.39537	-6.53649	54.4648	
0.998497	0.00237556	-0.0547556	0.0116135	0.967203	0.25374	0.0535626	-0.253994	0.965721	2.43869	-6.7374	55.2358	
0.998571	0.00201799	-0.0534087	0.0118566	0.966024	0.25818	0.0521151	-0.258444	0.96462	2.48086	-6.94186	56.006	
0.998642	0.00165456	-0.0520646	0.0120933	0.964824	0.26262	0.0506677	-0.262893	0.963494	2.52187	-7.14987	56.7753	
0.998712	0.00128527	-0.0507233	0.0123236	0.963601	0.26706	0.0492203	-0.267341	0.962344	2.56172	-7.36142	57.5437	
0.998779	0.000910122	-0.0493848	0.0125475	0.962357	0.2715	0.0477729	-0.271789	0.961171	2.60042	-7.57653	58.3112	
0.998845	0.00052911	-0.0480492	0.0127649	0.96109	0.27594	0.0463256	-0.276234	0.959973	2.63796	-7.79519	59.0777	
0.998908	0.000142232	-0.0467163	0.0129758	0.959802	0.280378	0.0448782	-0.280678	0.958752	2.67435	-8.01739	59.8433	
0.998969	-0.000250513	-0.0453861	0.0131803	0.958492	0.284814	0.0434309	-0.285119	0.957508	2.70959	-8.24314	60.6078	
0.999029	-0.000649129	-0.0440587	0.0133782	0.957161	0.289248	0.0419834	-0.289557	0.95624	2.74367	-8.47243	61.3714	
0.999086	-0.00105362	-0.0427339	0.0135696	0.955807	0.29368	0.040536	-0.293991	0.954948	2.77659	-8.70526	62.1339	
0.999141	-0.00146399	-0.0414118	0.0137543	0.954433	0.298109	0.0390884	-0.298422	0.953633	2.80836	-8.94163	62.8955	
0.999194	-0.00188024	-0.0400924	0.0139325	0.953037	0.302534	0.0376407	-0.302849	0.952295	2.83898	-9.18153	63.6559	
0.999245	-0.00230237	-0.0387756	0.014104	0.951619	0.306956	0.0361928	-0.307271	0.950933	2.86843	-9.42496	64.4153	
0.999294	-0.0027304	-0.0374613	0.0142689	0.95018	0.311374	0.0347448	-0.311688	0.949549	2.89674	-9.67192	65.1735	
0.999341	-0.00316433	-0.0361496	0.0144271	0.948721	0.315787	0.0332967	-0.3161	0.948141	2.92389	-9.9224	65.9307	
0.999386	-0.00360416	-0.0348405	0.0145787	0.94724	0.320194	0.0318483	-0.320506	0.946711	2.94988	-10.1764	66.6867	
0.999429	-0.00404989	-0.0335338	0.0147235	0.945738	0.324597	0.0303996	-0.324905	0.945258	2.97471	-10.4339	67.4416	
0.99947	-0.00450155	-0.0322297	0.0148617	0.944215	0.328993	0.0289508	-0.329298	0.943782	2.99839	-10.6949	68.1953	
0.999509	-0.00495912	-0.030928	0.0149931	0.942672	0.333384	0.0275016	-0.333684	0.942284	3.02092	-10.9595	68.9478	
0.999546	-0.00542263	-0.0296286	0.0151177	0.941108	0.337767	0.0260522	-0.338062	0.940763	3.04229	-11.2275	69.6992	
0.999581	-0.00589208	-0.0283317	0.0152356	0.939524	0.342143	0.0246024	-0.342432	0.939221	3.0625	-11.499	70.4493	
0.999864	-0.012275	-0.0110213	0.0153518	0.936901	0.349257	0.00603874	-0.349379	0.936962	3.07472	-11.775	71.1979	
0.999804	-0.0187848	0.006244	0.0153272	0.934226	0.356352	-0.0125273	-0.356187	0.934331	3.07213	-12.0565	71.9445	
0.999402	-0.025419	0.0234573	0.0151618	0.9315	0.363426	-0.0310884	-0.362853	0.931328	3.05473	-12.3434	72.6889	
0.998657	-0.0321748	0.0406118	0.0148558	0.928723	0.370475	-0.0496371	-0.369374	0.927954	3.02252	-12.6356	73.4308	
0.99757	-0.0390496	0.0577006	0.0144091	0.925898	0.377498	-0.0681661	-0.375749	0.924211	2.97552	-12.9329	74.1698	
0.996141	-0.0460407	0.074717	0.0138221	0.923025	0.384491	-0.0866679	-0.381974	0.9201	2.91374	-13.2352	74.9057	
0.994372	-0.0531452	0.0916541	0.0130948	0.920106	0.391451	-0.105135	-0.388047	0.915623	2.83721	-13.5425	75.6381	
0.992262	-0.0603604	0.108505	0.0122277	0.917141	0.398376	-0.123561	-0.393966	0.910782	2.74596	-13.8545	76.3669	
0.989812	-0.0676833	0.125264	0.0112211	0.914132	0.405262	-0.141937	-0.399728	0.905578	2.64002	-14.1712	77.0916	
