1	0	0	0	1	0	0	0	1	0	0	0	
0.999988	5.00673e-06	0.00480613	5.00673e-06	0.999998	-0.00208346	-0.00480613	0.00208346	0.999986	-0.00222345	0.000963867	0.925248	
0.999954	2.00269e-05	0.00961232	2.00254e-05	0.999991	-0.00416665	-0.00961232	0.00416665	0.999945	-0.00889382	0.00385534	1.85047	
0.999896	4.50597e-05	0.0144184	4.50539e-05	0.99998	-0.0062495	-0.0144184	0.0062495	0.999877	-0.0200111	0.00867413	2.77564	
0.999815	8.01042e-05	0.0192243	8.00897e-05	0.999965	-0.00833196	-0.0192243	0.00833196	0.99978	-0.0355752	0.0154199	3.70074	
0.999711	0.000125159	0.0240299	0.00012513	0.999946	-0.010414	-0.0240299	0.010414	0.999657	-0.0555858	0.0240923	4.62573	
0.999584	0.000180223	0.028835	0.000180172	0.999922	-0.0124955	-0.028835	0.0124955	0.999506	-0.0800425	0.0346908	5.5506	
0.999434	0.000245294	0.0336394	0.000245213	0.999894	-0.0145764	-0.0336394	0.0145764	0.999328	-0.108945	0.047215	6.47532	
0.999261	0.000320369	0.0384431	0.000320248	0.999861	-0.0166567	-0.0384431	0.0166567	0.999122	-0.142292	0.0616643	7.39985	
0.999064	0.000405448	0.043246	0.000405274	0.999824	-0.0187363	-0.043246	0.0187363	0.998889	-0.180084	0.0780381	8.32419	
0.998845	0.000500525	0.0480478	0.000500287	0.999783	-0.0208152	-0.0480478	0.0208152	0.998628	-0.222319	0.0963357	9.24829	
0.998602	0.0006056	0.0528485	0.000605282	0.999738	-0.0228933	-0.0528485	0.0228933	0.99834	-0.268996	0.116556	10.1721	
0.998337	0.000720668	0.0576479	0.000720254	0.999688	-0.0249705	-0.0576479	0.0249705	0.998025	-0.320115	0.1387	11.0957	
0.998048	0.000845725	0.0624458	0.000845199	0.999634	-0.0270469	-0.0624458	0.0270469	0.997682	-0.375673	0.162764	12.019	
0.997736	0.000980768	0.0672423	0.000980111	0.999575	-0.0291222	-0.0672423	0.0291222	0.997312	-0.435671	0.18875	12.9419	
0.997401	0.00112579	0.072037	0.00112498	0.999513	-0.0311965	-0.072037	0.0311965	0.996914	-0.500105	0.216655	13.8645	
0.997043	0.0012808	0.0768299	0.00127981	0.999446	-0.0332698	-0.07683	0.0332697	0.996489	-0.568975	0.246479	14.7867	
0.996662	0.00144577	0.0816209	0.00144459	0.999374	-0.0353419	-0.0816209	0.0353418	0.996037	-0.642279	0.27822	15.7085	
0.996258	0.00162071	0.0864098	0.00161931	0.999299	-0.0374128	-0.0864098	0.0374127	0.995557	-0.720014	0.311878	16.6299	
0.995831	0.00180562	0.0911965	0.00180397	0.999219	-0.0394824	-0.0911965	0.0394823	0.99505	-0.80218	0.347452	17.5508	
0.995381	0.00200048	0.0959808	0.00199856	0.999134	-0.0415507	-0.0959809	0.0415506	0.994516	-0.888773	0.38494	18.4712	
0.994908	0.00220529	0.100763	0.00220307	0.999046	-0.0436177	-0.100763	0.0436176	0.993954	-0.979792	0.424341	19.3911	
0.994412	0.00242005	0.105542	0.00241749	0.998953	-0.0456832	-0.105542	0.0456831	0.993365	-1.07523	0.465654	20.3105	
0.993893	0.00264474	0.110318	0.00264182	0.998856	-0.0477472	-0.110318	0.0477471	0.992749	-1.1751	0.508877	21.2293	
0.993351	0.00287936	0.115092	0.00287604	0.998755	-0.0498097	-0.115092	0.0498095	0.992105	-1.27938	0.55401	22.1476	
0.992786	0.00312391	0.119863	0.00312016	0.998649	-0.0518706	-0.119863	0.0518704	0.991435	-1.38807	0.60105	23.0652	
0.992198	0.00337838	0.12463	0.00337416	0.998539	-0.0539298	-0.12463	0.0539296	0.990737	-1.50118	0.649996	23.9822	
0.991587	0.00364275	0.129394	0.00363803	0.998425	-0.0559873	-0.129394	0.055987	0.990011	-1.6187	0.700846	24.8986	
0.990953	0.00391703	0.134155	0.00391176	0.998306	-0.0580431	-0.134155	0.0580427	0.989259	-1.74063	0.753599	25.8143	
0.990296	0.0042012	0.138912	0.00419534	0.998184	-0.060097	-0.138912	0.0600966	0.98848	-1.86696	0.808254	26.7292	
0.989616	0.00449525	0.143666	0.00448877	0.998057	-0.062149	-0.143666	0.0621485	0.987673	-1.99768	0.864808	27.6434	
0.988913	0.00479918	0.148415	0.00479203	0.997926	-0.0641991	-0.148416	0.0641986	0.986839	-2.13281	0.923259	28.5569	
0.988188	0.00511297	0.153161	0.00510511	0.99779	-0.0662472	-0.153161	0.0662466	0.985978	-2.27233	0.983607	29.4696	
0.98744	0.00543663	0.157903	0.00542801	0.997651	-0.0682932	-0.157903	0.0682925	0.98509	-2.41623	1.04585	30.3814	
0.986669	0.00577013	0.16264	0.0057607	0.997507	-0.0703371	-0.162641	0.0703364	0.984175	-2.56453	1.10998	31.2925	
0.985875	0.00611347	0.167373	0.00610319	0.997359	-0.0723789	-0.167374	0.072378	0.983233	-2.7172	1.17601	32.2027	
0.985058	0.00646663	0.172102	0.00645545	0.997206	-0.0744184	-0.172102	0.0744174	0.982264	-2.87425	1.24392	33.112	
0.984218	0.00682961	0.176826	0.00681748	0.99705	-0.0764556	-0.176827	0.0764546	0.981268	-3.03567	1.31371	34.0203	
0.983356	0.0072024	0.181545	0.00718926	0.996889	-0.0784906	-0.181546	0.0784893	0.980245	-3.20147	1.3854	34.9278	
0.982471	0.00758499	0.18626	0.00757078	0.996724	-0.0805231	-0.18626	0.0805217	0.979195	-3.37162	1.45896	35.8343	
0.981564	0.00797736	0.190969	0.00796203	0.996555	-0.0825531	-0.19097	0.0825517	0.978118	-3.54614	1.5344	36.7398	
0.980633	0.0083795	0.195674	0.008363	0.996382	-0.0845807	-0.195674	0.0845791	0.977015	-3.72501	1.61172	37.6443	
0.97968	0.0087914	0.200373	0.00877367	0.996204	-0.0866057	-0.200373	0.0866039	0.975884	-3.90824	1.69091	38.5477	
0.978705	0.00921305	0.205066	0.00919403	0.996022	-0.0886281	-0.205067	0.0886261	0.974727	-4.0958	1.77198	39.4502	
0.977707	0.00964443	0.209755	0.00962406	0.995837	-0.0906478	-0.209756	0.0906456	0.973543	-4.28771	1.85492	40.3515	
0.976686	0.0100855	0.214437	0.0100638	0.995647	-0.0926648	-0.214438	0.0926624	0.972332	-4.48396	1.93972	41.2517	
0.975642	0.0105364	0.219114	0.0105131	0.995452	-0.094679	-0.219115	0.0946764	0.971095	-4.68453	2.02639	42.1508	
0.974577	0.0109969	0.223785	0.0109721	0.995254	-0.0966903	-0.223786	0.0966875	0.969831	-4.88943	2.11492	43.0487	
0.973488	0.0114671	0.228449	0.0114407	0.995052	-0.0986988	-0.228451	0.0986957	0.96854	-5.09864	2.20531	43.9454	
0.972377	0.0119469	0.233108	0.0119189	0.994845	-0.100704	-0.233109	0.100701	0.967222	-5.31218	2.29755	44.841	
0.971244	0.0124365	0.23776	0.0124066	0.994634	-0.102707	-0.237762	0.102703	0.965879	-5.53001	2.39165	45.7353	
0.970089	0.0129356	0.242406	0.012904	0.994419	-0.104706	-0.242408	0.104702	0.964508	-5.75215	2.48761	46.6283	
0.968911	0.0134444	0.247045	0.0134109	0.994201	-0.106703	-0.247047	0.106698	0.963111	-5.97859	2.58541	47.5201	
0.96771	0.0139628	0.251678	0.0139273	0.993977	-0.108696	-0.25168	0.108691	0.961688	-6.20931	2.68505	48.4106	
0.966488	0.0144908	0.256304	0.0144533	0.99375	-0.110686	-0.256306	0.110681	0.960238	-6.44432	2.78654	49.2997	
0.965243	0.0150284	0.260923	0.0149888	0.993519	-0.112672	-0.260925	0.112667	0.958762	-6.68361	2.88986	50.1875	
0.963976	0.0155755	0.265534	0.0155337	0.993284	-0.114656	-0.265537	0.11465	0.957259	-6.92716	2.99503	51.0739	
0.962686	0.0161322	0.270139	0.0160882	0.993044	-0.116636	-0.270142	0.11663	0.955731	-7.17498	3.10202	51.9589	
0.961375	0.0166984	0.274736	0.016652	0.992801	-0.118612	-0.274739	0.118606	0.954176	-7.42706	3.21085	52.8425	
0.960041	0.0172742	0.279326	0.0172254	0.992554	-0.120585	-0.279329	0.120578	0.952594	-7.68338	3.3215	53.7246	
0.958685	0.0178594	0.283908	0.0178081	0.992302	-0.122555	-0.283911	0.122547	0.950987	-7.94396	3.43398	54.6052	
0.957307	0.0184541	0.288483	0.0184002	0.992046	-0.124521	-0.288486	0.124513	0.949354	-8.20876	3.54828	55.4844	
0.954932	0.0194767	0.296185	0.0192334	0.991688	-0.127222	-0.296201	0.127185	0.94662	-8.47926	3.66472	56.3615	
0.952494	0.0205209	0.303865	0.0200889	0.991321	-0.129917	-0.303894	0.12985	0.943815	-8.75688	3.78363	57.2361	
0.949994	0.0215867	0.311522	0.0209665	0.990947	-0.132605	-0.311564	0.132505	0.940941	-9.04161	3.905	58.108	
0.947431	0.0226739	0.319154	0.0218663	0.990565	-0.135285	-0.319211	0.135152	0.937997	-9.33342	4.02883	58.9773	
0.944807	0.0237827	0.326763	0.0227881	0.990176	-0.137957	-0.326834	0.13779	0.934983	-9.6323	4.1551	59.8438	
0.942121	0.0249128	0.334346	0.0237318	0.989779	-0.140622	-0.334432	0.140418	0.9319	-9.93822	4.28381	60.7075	
0.939373	0.0260641	0.341904	0.0246975	0.989374	-0.143278	-0.342005	0.143036	0.928748	-10.2512	4.41494	61.5682	
0.936564	0.0272367	0.349436	0.025685	0.988962	-0.145926	-0.349553	0.145644	0.925527	-10.5711	4.54849	62.4261	
0.933694	0.0284304	0.356941	0.0266941	0.988542	-0.148565	-0.357075	0.148242	0.922237	-10.898	4.68445	63.2809	
0.930763	0.0296452	0.364419	0.0277249	0.988115	-0.151195	-0.36457	0.15083	0.918879	-11.2319	4.82281	64.1327	
0.927771	0.0308809	0.371869	0.0287773	0.987681	-0.153815	-0.372038	0.153407	0.915453	-11.5726	4.96356	64.9813	
0.924719	0.0321374	0.379292	0.029851	0.987238	-0.156426	-0.379478	0.155972	0.911959	-11.9203	5.10669	65.8267	
0.921606	0.0334148	0.386685	0.0309461	0.986789	-0.159027	-0.38689	0.158527	0.908397	-12.2748	5.25219	66.6688	
0.918434	0.0347128	0.394049	0.0320624	0.986332	-0.161618	-0.394273	0.16107	0.904768	-12.6362	5.40004	67.5077	
0.915201	0.0360314	0.401383	0.0331998	0.985868	-0.164199	-0.401627	0.163601	0.901072	-13.0044	5.55024	68.3431	
0.911909	0.0373705	0.408687	0.0343582	0.985397	-0.166769	-0.408951	0.16612	0.897309	-13.3794	5.70278	69.1751	
0.902481	0.0411576	0.428759	0.0366113	0.984492	-0.171566	-0.429171	0.170532	0.886979	-13.7672	5.85853	70.0006	
0.8926	0.045043	0.448594	0.0389724	0.983564	-0.176305	-0.449162	0.174853	0.876174	-14.1736	6.01832	70.8163	
0.882272	0.0490246	0.46818	0.0414403	0.982612	-0.180986	-0.468912	0.17908	0.8649	-14.5983	6.18207	71.6218	
0.871503	0.0531002	0.487507	0.0440138	0.981638	-0.185604	-0.488411	0.183212	0.853164	-15.0412	6.34968	72.4167	
0.860298	0.0572676	0.506565	0.0466914	0.980643	-0.190158	-0.507649	0.187245	0.840971	-15.502	6.52107	73.2004	
0.848663	0.0615246	0.525344	0.0494717	0.979625	-0.194646	-0.526615	0.191178	0.828328	-15.9805	6.69615	73.9727	
0.836604	0.065869	0.543833	0.0523532	0.978587	-0.199064	-0.5453	0.195009	0.815242	-16.4764	6.87482	74.7331	
0.824129	0.0702984	0.562023	0.0553344	0.977529	-0.203411	-0.563693	0.198736	0.80172	-16.9895	7.05698	75.4812	
0.811243	0.0748105	0.579904	0.0584137	0.97645	-0.207683	-0.581784	0.202356	0.787769	-17.5195	7.24255	76.2166	
0.797953	0.0794028	0.597466	0.0615894	0.975353	-0.21188	-0.599564	0.205868	0.773396	-18.066	7.43141	76.9389	
0.784267	0.0840729	0.6147	0.0648598	0.974237	-0.215999	-0.617023	0.20927	0.75861	-18.6289	7.62347	77.6476	
0.770192	0.0888182	0.631597	0.0682232	0.973103	-0.220036	-0.634152	0.21256	0.743417	-19.2077	7.81863	78.3425	
0.755736	0.0936363	0.648148	0.0716778	0.971952	-0.223991	-0.650942	0.215736	0.727827	-19.8023	8.01678	79.0232	
0.740905	0.0985246	0.664343	0.0752217	0.970784	-0.227861	-0.667384	0.218797	0.711848	-20.4122	8.21782	79.6893	
0.725709	0.10348	0.680175	0.078853	0.969599	-0.231645	-0.683468	0.22174	0.695487	-21.0371	8.42163	80.3404	
0.710155	0.108501	0.695635	0.0825699	0.9684	-0.235339	-0.699187	0.224565	0.678755	-21.6768	8.62811	80.9762	
0.694251	0.113584	0.710713	0.0863702	0.967185	-0.238942	-0.714531	0.22727	0.661659	-22.3309	8.83715	81.5963	
0.678007	0.118726	0.725404	0.090252	0.965956	-0.242452	-0.729494	0.229854	0.64421	-22.999	9.04864	82.2005	
0.66143	0.123925	0.739698	0.0942132	0.964714	-0.245868	-0.744066	0.232314	0.626415	-23.6807	9.26246	82.7883	
0.64453	0.129179	0.753587	0.0982517	0.963459	-0.249187	-0.75824	0.23465	0.608286	-24.3757	9.4785	83.3595	
0.627316	0.134483	0.767065	0.102365	0.962191	-0.252408	-0.772008	0.23686	0.589831	-25.0837	9.69664	83.9138	
0.609796	0.139835	0.780125	0.106552	0.960912	-0.255529	-0.785363	0.238944	0.571061	-25.8042	9.91677	84.4509	
