1	0	0	0	1	0	0	0	1	0	0	0	
1	-3.70836e-08	6.65521e-05	-3.70836e-08	0.999999	0.00111442	-6.65521e-05	-0.00111442	0.999999	-2.58478e-05	-0.000432823	0.776768	
1	-1.49228e-07	0.000133574	-1.48921e-07	0.999998	0.00223209	-0.000133574	-0.00223209	0.999997	-0.000103574	-0.00173255	1.55353	
1	-3.377e-07	0.000201065	-3.36466e-07	0.999994	0.00335296	-0.000201065	-0.00335296	0.999994	-0.000233542	-0.00390169	2.3303	
1	-6.03766e-07	0.000269026	-6.00671e-07	0.99999	0.00447701	-0.000269026	-0.00447701	0.99999	-0.000416118	-0.00694273	3.10706	
1	-9.48692e-07	0.000337454	-9.42485e-07	0.999984	0.0056042	-0.000337454	-0.0056042	0.999984	-0.000651665	-0.0108581	3.88382	
1	-1.37375e-06	0.000406351	-1.36286e-06	0.999977	0.0067345	-0.000406351	-0.0067345	0.999977	-0.000940547	-0.0156503	4.66057	
1	-1.8802e-06	0.000475715	-1.86272e-06	0.999969	0.00786788	-0.000475715	-0.00786788	0.999969	-0.00128313	-0.0213216	5.43732	
1	-2.46933e-06	0.000545546	-2.44304e-06	0.999959	0.0090043	-0.000545547	-0.0090043	0.999959	-0.00167977	-0.0278745	6.21406	
1	-3.14239e-06	0.000615844	-3.10472e-06	0.999949	0.0101437	-0.000615844	-0.0101437	0.999948	-0.00213083	-0.0353113	6.99079	
1	-3.90065e-06	0.000686607	-3.84873e-06	0.999936	0.0112861	-0.000686607	-0.0112861	0.999936	-0.00263669	-0.0436343	7.76751	
1	-4.74539e-06	0.000757835	-4.67597e-06	0.999923	0.0124315	-0.000757836	-0.0124315	0.999922	-0.00319768	-0.0528458	8.54423	
1	-5.67788e-06	0.000829528	-5.58739e-06	0.999908	0.0135797	-0.000829529	-0.0135797	0.999907	-0.00381419	-0.0629481	9.32093	
1	-6.69937e-06	0.000901684	-6.5839e-06	0.999891	0.0147308	-0.000901685	-0.0147308	0.999891	-0.00448657	-0.0739434	10.0976	
1	-7.81114e-06	0.000974304	-7.66642e-06	0.999874	0.0158848	-0.000974305	-0.0158848	0.999873	-0.00521517	-0.085834	10.8743	
0.999999	-9.01446e-06	0.00104739	-8.83588e-06	0.999855	0.0170415	-0.00104739	-0.0170415	0.999854	-0.00600036	-0.0986221	11.651	
0.999999	-1.03106e-05	0.00112093	-1.00932e-05	0.999834	0.018201	-0.00112093	-0.018201	0.999834	-0.0068425	-0.11231	12.4276	
0.999999	-1.17008e-05	0.00119493	-1.14392e-05	0.999813	0.0193633	-0.00119493	-0.0193633	0.999812	-0.00774195	-0.126899	13.2042	
0.999999	-1.31863e-05	0.0012694	-1.28749e-05	0.999789	0.0205282	-0.0012694	-0.0205282	0.999788	-0.00869906	-0.142392	13.9808	
0.999999	-1.47684e-05	0.00134432	-1.44012e-05	0.999765	0.0216958	-0.00134432	-0.0216958	0.999764	-0.00971418	-0.158791	14.7574	
0.999999	-1.64484e-05	0.0014197	-1.60189e-05	0.999739	0.0228661	-0.0014197	-0.0228661	0.999738	-0.0107877	-0.176099	15.534	
0.999999	-1.82274e-05	0.00149554	-1.77289e-05	0.999711	0.0240389	-0.00149554	-0.0240389	0.99971	-0.0119199	-0.194316	16.3106	
0.999999	-2.01069e-05	0.00157183	-1.95321e-05	0.999682	0.0252143	-0.00157184	-0.0252143	0.999681	-0.0131112	-0.213445	17.0871	
0.999999	-2.20879e-05	0.00164858	-2.14294e-05	0.999652	0.0263922	-0.00164859	-0.0263922	0.99965	-0.014362	-0.233488	17.8636	
0.999999	-2.41717e-05	0.00172578	-2.34217e-05	0.99962	0.0275726	-0.00172579	-0.0275726	0.999618	-0.0156726	-0.254447	18.6401	
0.999998	-2.63597e-05	0.00180343	-2.55099e-05	0.999586	0.0287555	-0.00180345	-0.0287555	0.999585	-0.0170432	-0.276324	19.4165	
0.999998	-2.8653e-05	0.00188154	-2.76947e-05	0.999552	0.0299408	-0.00188156	-0.0299408	0.99955	-0.0184744	-0.299121	20.193	
0.999998	-3.10528e-05	0.0019601	-2.99771e-05	0.999515	0.0311284	-0.00196012	-0.0311284	0.999513	-0.0199665	-0.322839	20.9694	
0.999998	-3.35605e-05	0.00203911	-3.23578e-05	0.999478	0.0323184	-0.00203913	-0.0323184	0.999476	-0.0215197	-0.347481	21.7458	
0.999998	-3.61772e-05	0.00211856	-3.48379e-05	0.999438	0.0335108	-0.00211858	-0.0335108	0.999436	-0.0231345	-0.373048	22.5221	
0.999998	-3.89041e-05	0.00219846	-3.7418e-05	0.999398	0.0347054	-0.00219849	-0.0347054	0.999395	-0.0248112	-0.399542	23.2984	
0.999997	-4.17425e-05	0.00227881	-4.0099e-05	0.999355	0.0359022	-0.00227884	-0.0359022	0.999353	-0.0265501	-0.426965	24.0747	
0.999997	-4.46935e-05	0.00235961	-4.28817e-05	0.999312	0.0371013	-0.00235964	-0.0371013	0.999309	-0.0283516	-0.455318	24.8509	
0.999997	-4.77585e-05	0.00244084	-4.5767e-05	0.999266	0.0383025	-0.00244088	-0.0383025	0.999263	-0.0302161	-0.484604	25.6272	
0.999997	-5.09386e-05	0.00252252	-4.87557e-05	0.999219	0.0395058	-0.00252256	-0.0395058	0.999216	-0.0321438	-0.514823	26.4033	
0.999997	-5.42349e-05	0.00260464	-5.18485e-05	0.999171	0.0407113	-0.00260469	-0.0407113	0.999168	-0.0341351	-0.545978	27.1795	
0.999996	-5.76487e-05	0.0026872	-5.50463e-05	0.999121	0.0419188	-0.00268725	-0.0419188	0.999117	-0.0361904	-0.57807	27.9556	
0.999996	-6.11812e-05	0.0027702	-5.83499e-05	0.99907	0.0431284	-0.00277026	-0.0431283	0.999066	-0.0383101	-0.611101	28.7316	
0.999996	-6.48336e-05	0.00285363	-6.176e-05	0.999017	0.0443399	-0.0028537	-0.0443399	0.999012	-0.0404943	-0.645072	29.5077	
0.999996	-6.8607e-05	0.0029375	-6.52774e-05	0.998962	0.0455534	-0.00293757	-0.0455534	0.998958	-0.0427435	-0.679986	30.2836	
0.999995	-7.25026e-05	0.0030218	-6.89029e-05	0.998906	0.0467688	-0.00302188	-0.0467688	0.998901	-0.0450581	-0.715842	31.0596	
0.999995	-7.65215e-05	0.00310653	-7.26372e-05	0.998848	0.0479861	-0.00310662	-0.0479861	0.998843	-0.0474383	-0.752643	31.8355	
0.999995	-8.0665e-05	0.00319169	-7.64811e-05	0.998789	0.0492052	-0.00319179	-0.0492052	0.998784	-0.0498845	-0.790391	32.6113	
0.999995	-8.49341e-05	0.00327728	-8.04353e-05	0.998728	0.0504262	-0.0032774	-0.0504262	0.998722	-0.052397	-0.829086	33.3871	
0.999994	-8.933e-05	0.0033633	-8.45006e-05	0.998665	0.0516489	-0.00336343	-0.0516489	0.99866	-0.0549762	-0.86873	34.1629	
0.999994	-9.38539e-05	0.00344975	-8.86777e-05	0.998601	0.0528734	-0.00344988	-0.0528734	0.998595	-0.0576224	-0.909325	34.9386	
0.999994	-9.85068e-05	0.00353661	-9.29673e-05	0.998536	0.0540996	-0.00353676	-0.0540996	0.998529	-0.0603359	-0.950872	35.7142	
0.999993	-0.00010329	0.0036239	-9.73702e-05	0.998468	0.0553274	-0.00362407	-0.0553274	0.998462	-0.0631171	-0.993371	36.4898	
0.999993	-0.000108204	0.00371161	-0.000101887	0.998399	0.0565569	-0.00371179	-0.0565569	0.998392	-0.0659662	-1.03683	37.2654	
0.999993	-0.000113251	0.00379974	-0.000106518	0.998329	0.057788	-0.00379993	-0.057788	0.998322	-0.0688836	-1.08124	38.0409	
0.999992	-0.000118431	0.00388828	-0.000111265	0.998257	0.0590206	-0.0038885	-0.0590206	0.998249	-0.0718697	-1.1266	38.8163	
0.999992	-0.000123746	0.00397724	-0.000116127	0.998183	0.0602548	-0.00397747	-0.0602548	0.998175	-0.0749247	-1.17293	39.5917	
0.999992	-0.000129197	0.00406661	-0.000121107	0.998108	0.0614904	-0.00406686	-0.0614904	0.998099	-0.078049	-1.22021	40.367	
0.999991	-0.000134784	0.0041564	-0.000126203	0.998031	0.0627275	-0.00415667	-0.0627275	0.998022	-0.0812429	-1.26845	41.1423	
0.999975	-0.000321459	0.00709595	-0.000133522	0.997948	0.0640249	-0.00710197	-0.0640243	0.997923	-0.0856156	-1.31768	41.9174	
0.99995	-0.000511981	0.0100355	-0.000144711	0.997864	0.065327	-0.0100475	-0.0653252	0.997813	-0.0922762	-1.36792	42.6926	
0.999916	-0.000706362	0.0129751	-0.000159798	0.997777	0.0666337	-0.0129933	-0.0666301	0.997693	-0.101225	-1.41917	43.4676	
0.999873	-0.000904615	0.0159146	-0.000178808	0.997689	0.0679447	-0.0159392	-0.0679389	0.997562	-0.112462	-1.47143	44.2425	
0.999822	-0.00110675	0.0188539	-0.000201767	0.997599	0.0692599	-0.0188853	-0.0692514	0.99742	-0.125987	-1.52472	45.0173	
0.999762	-0.00131278	0.0217932	-0.000228698	0.997506	0.0705792	-0.0218315	-0.0705674	0.997268	-0.141801	-1.57902	45.792	
0.999693	-0.00152271	0.0247322	-0.000259622	0.997412	0.0719025	-0.0247777	-0.0718868	0.997105	-0.159903	-1.63435	46.5666	
0.999616	-0.00173655	0.027671	-0.000294563	0.997315	0.0732295	-0.0277239	-0.0732095	0.996931	-0.180294	-1.6907	47.3411	
0.99953	-0.00195432	0.0306096	-0.000333538	0.997216	0.0745602	-0.0306701	-0.0745353	0.996747	-0.202973	-1.74808	48.1154	
0.999435	-0.00217601	0.0335478	-0.000376567	0.997116	0.0758944	-0.0336162	-0.0758641	0.996551	-0.227941	-1.80649	48.8895	
0.999331	-0.00240165	0.0364857	-0.000423667	0.997013	0.0772319	-0.0365622	-0.0771957	0.996345	-0.255197	-1.86594	49.6636	
0.999219	-0.00263124	0.0394232	-0.000474854	0.996908	0.0785726	-0.039508	-0.07853	0.996129	-0.284742	-1.92642	50.4374	
0.999098	-0.00286478	0.0423602	-0.000530143	0.996801	0.0799164	-0.0424537	-0.0798668	0.995901	-0.316574	-1.98794	51.2111	
0.998969	-0.00310228	0.0452968	-0.000589549	0.996693	0.0812631	-0.0453991	-0.081206	0.995663	-0.350695	-2.0505	51.9846	
0.998831	-0.00334375	0.0482329	-0.000653082	0.996582	0.0826125	-0.0483442	-0.0825474	0.995414	-0.387103	-2.1141	52.7579	
0.998684	-0.0035892	0.0511684	-0.000720756	0.996468	0.0839646	-0.051289	-0.0838909	0.995154	-0.425799	-2.17874	53.531	
0.998528	-0.00383863	0.0541033	-0.000792578	0.996353	0.0853191	-0.0542335	-0.0852364	0.994884	-0.466783	-2.24443	54.3039	
0.998364	-0.00409204	0.0570376	-0.00086856	0.996236	0.0866759	-0.0571776	-0.0865836	0.994602	-0.510053	-2.31116	55.0766	
0.998191	-0.00434945	0.0599712	-0.000948706	0.996117	0.0880348	-0.0601212	-0.0879325	0.99431	-0.55561	-2.37894	55.849	
0.998009	-0.00461085	0.062904	-0.00103303	0.995996	0.0893958	-0.0630643	-0.0892828	0.994008	-0.603453	-2.44777	56.6212	
0.997819	-0.00487626	0.0658362	-0.00112152	0.995872	0.0907587	-0.066007	-0.0906345	0.993694	-0.653582	-2.51764	57.3932	
0.997619	-0.00514566	0.0687675	-0.0012142	0.995747	0.0921232	-0.0689491	-0.0919874	0.99337	-0.705997	-2.58857	58.165	
0.997412	-0.00541907	0.071698	-0.00131106	0.995619	0.0934893	-0.0718906	-0.0933414	0.993035	-0.760697	-2.66055	58.9365	
0.997195	-0.0056965	0.0746277	-0.0014121	0.99549	0.0948569	-0.0748314	-0.0946962	0.99269	-0.817682	-2.73358	59.7077	
0.99697	-0.00597793	0.0775564	-0.00151733	0.995358	0.0962257	-0.0777716	-0.0960518	0.992333	-0.87695	-2.80766	60.4786	
0.996736	-0.00626337	0.0804842	-0.00162675	0.995225	0.0975956	-0.0807111	-0.097408	0.991966	-0.938502	-2.8828	61.2493	
0.996494	-0.00655283	0.083411	-0.00174034	0.995089	0.0989665	-0.0836499	-0.0987646	0.991589	-1.00234	-2.95899	62.0197	
0.996242	-0.0068463	0.0863367	-0.00185811	0.994952	0.100338	-0.0865878	-0.100122	0.9912	-1.06846	-3.03623	62.7898	
0.995983	-0.00714379	0.0892614	-0.00198006	0.994812	0.101711	-0.0895249	-0.101479	0.990801	-1.13685	-3.11453	63.5596	
0.995714	-0.00744529	0.092185	-0.00210617	0.99467	0.103083	-0.0924612	-0.102836	0.990392	-1.20754	-3.19389	64.329	
0.995437	-0.00775081	0.0951075	-0.00223644	0.994527	0.104457	-0.0953966	-0.104193	0.989971	-1.2805	-3.27429	65.0982	
0.995151	-0.00806034	0.0980288	-0.00237086	0.994381	0.10583	-0.098331	-0.105549	0.98954	-1.35574	-3.35575	65.867	
0.994856	-0.00837388	0.100949	-0.00250942	0.994234	0.107204	-0.101264	-0.106906	0.989099	-1.43326	-3.43827	66.6355	
0.994553	-0.00869143	0.103868	-0.00265211	0.994084	0.108577	-0.104197	-0.108261	0.988647	-1.51305	-3.52183	67.4036	
0.994241	-0.00901299	0.106785	-0.00279891	0.993933	0.109951	-0.107128	-0.109616	0.988184	-1.59513	-3.60645	68.1713	
0.993921	-0.00933855	0.109701	-0.00294982	0.99378	0.111324	-0.110059	-0.11097	0.987711	-1.67948	-3.69213	68.9388	
0.993592	-0.00966811	0.112616	-0.00310482	0.993625	0.112696	-0.112988	-0.112323	0.987227	-1.76611	-3.77885	69.7058	
0.993254	-0.0100017	0.11553	-0.00326389	0.993468	0.114068	-0.115916	-0.113675	0.986733	-1.85501	-3.86663	70.4724	
0.992907	-0.0103392	0.118442	-0.00342702	0.993309	0.115439	-0.118843	-0.115026	0.986228	-1.94619	-3.95545	71.2387	
0.990415	-0.0125768	0.137551	-0.00353433	0.993212	0.116261	-0.13808	-0.115633	0.983648	-2.04598	-4.04504	72.0038	
0.98755	-0.0148258	0.156607	-0.00365769	0.993116	0.117082	-0.157265	-0.116197	0.980697	-2.16069	-4.13508	72.7667	
0.984313	-0.0170853	0.175602	-0.00379705	0.993018	0.1179	-0.176391	-0.116717	0.977376	-2.29028	-4.22554	73.5273	
0.980706	-0.0193544	0.194529	-0.00395236	0.992921	0.118715	-0.19545	-0.117193	0.973686	-2.4347	-4.31639	74.285	
0.976729	-0.0216324	0.213381	-0.00412356	0.992822	0.119526	-0.214435	-0.117625	0.96963	-2.5939	-4.40759	75.0398	
0.972386	-0.0239182	0.232151	-0.00431059	0.992724	0.120335	-0.23334	-0.118012	0.965208	-2.76781	-4.49911	75.7913	
0.967676	-0.0262112	0.250831	-0.00451337	0.992625	0.121139	-0.252157	-0.118355	0.960421	-2.95638	-4.59092	76.5392	
