1	0	0	0	1	0	0	0	1	0	0	0	
0.999992	2.86289e-06	0.00403354	2.86289e-06	0.999999	-0.00141953	-0.00403354	0.00141953	0.999991	-0.00182324	0.000641659	0.904038	
0.999967	1.14612e-05	0.0080704	1.14614e-05	0.999996	-0.00284028	-0.0080704	0.00284028	0.999963	-0.00729448	0.00256718	1.80806	
0.999927	2.58093e-05	0.0121105	2.58099e-05	0.999991	-0.00426219	-0.0121105	0.00426219	0.999918	-0.0164167	0.00577765	2.71205	
0.99987	4.5921e-05	0.0161536	4.59225e-05	0.999984	-0.00568522	-0.0161536	0.00568522	0.999853	-0.0291926	0.0102741	3.61598	
0.999796	7.18097e-05	0.0201997	7.18128e-05	0.999975	-0.00710932	-0.0201997	0.00710932	0.999771	-0.0456251	0.0160575	4.51986	
0.999706	0.000103489	0.0242486	0.000103494	0.999964	-0.00853445	-0.0242486	0.00853445	0.99967	-0.0657166	0.0231288	5.42365	
0.999599	0.00014097	0.0283001	0.000140979	0.99995	-0.00996056	-0.0283001	0.00996056	0.99955	-0.0894697	0.0314889	6.32733	
0.999476	0.000184266	0.0323543	0.000184279	0.999935	-0.0113876	-0.0323543	0.0113876	0.999412	-0.116887	0.0411387	7.23091	
0.999337	0.00023339	0.0364108	0.000233408	0.999918	-0.0128155	-0.0364108	0.0128155	0.999255	-0.14797	0.0520791	8.13435	
0.999181	0.000288351	0.0404696	0.000288376	0.999899	-0.0142443	-0.0404696	0.0142443	0.999079	-0.182722	0.0643107	9.03763	
0.999008	0.000349161	0.0445306	0.000349195	0.999877	-0.0156739	-0.0445306	0.0156739	0.998885	-0.221143	0.0778343	9.94076	
0.998819	0.000415832	0.0485936	0.000415876	0.999854	-0.0171042	-0.0485936	0.0171042	0.998672	-0.263237	0.0926507	10.8437	
0.998612	0.000488372	0.0526585	0.000488428	0.999828	-0.0185353	-0.0526585	0.0185353	0.998441	-0.309006	0.108761	11.7464	
0.99839	0.000566791	0.0567251	0.000566862	0.9998	-0.0199669	-0.0567251	0.0199669	0.99819	-0.358449	0.126164	12.6489	
0.99815	0.0006511	0.0607934	0.000651187	0.999771	-0.0213992	-0.0607934	0.0213993	0.997921	-0.41157	0.144863	13.5512	
0.997894	0.000741307	0.0648632	0.000741413	0.999739	-0.0228321	-0.0648632	0.0228321	0.997633	-0.468369	0.164856	14.4533	
0.997621	0.000837421	0.0689344	0.000837548	0.999705	-0.0242655	-0.0689344	0.0242655	0.997326	-0.528849	0.186145	15.355	
0.997331	0.000939449	0.0730068	0.0009396	0.999669	-0.0256994	-0.0730068	0.0256994	0.997	-0.593009	0.208731	16.2565	
0.997024	0.0010474	0.0770803	0.00104758	0.999631	-0.0271337	-0.0770803	0.0271337	0.996656	-0.660852	0.232612	17.1577	
0.996701	0.00116128	0.0811548	0.00116149	0.999591	-0.0285684	-0.0811548	0.0285684	0.996292	-0.732377	0.257791	18.0585	
0.99636	0.0012811	0.0852302	0.00128134	0.999549	-0.0300034	-0.0852302	0.0300034	0.995909	-0.807587	0.284266	18.9591	
0.996003	0.00140686	0.0893063	0.00140714	0.999505	-0.0314387	-0.0893063	0.0314387	0.995508	-0.886481	0.31204	19.8592	
0.995629	0.00153857	0.093383	0.00153889	0.999458	-0.0328743	-0.093383	0.0328743	0.995087	-0.96906	0.34111	20.759	
0.995238	0.00167624	0.0974601	0.0016766	0.99941	-0.0343101	-0.0974601	0.0343101	0.994648	-1.05533	0.371479	21.6584	
0.99483	0.00181987	0.101538	0.00182027	0.999359	-0.035746	-0.101538	0.035746	0.994189	-1.14528	0.403146	22.5574	
0.994405	0.00196946	0.105615	0.00196992	0.999307	-0.037182	-0.105615	0.037182	0.993712	-1.23891	0.436111	23.456	
0.993963	0.00212502	0.109693	0.00212554	0.999252	-0.0386181	-0.109693	0.0386181	0.993215	-1.33624	0.470374	24.3541	
0.993504	0.00228656	0.113771	0.00228713	0.999195	-0.0400542	-0.113771	0.0400543	0.992699	-1.43725	0.505936	25.2518	
0.993029	0.00245408	0.117848	0.00245471	0.999136	-0.0414903	-0.117848	0.0414904	0.992164	-1.54194	0.542796	26.149	
0.992536	0.00262758	0.121925	0.00262828	0.999075	-0.0429263	-0.121925	0.0429264	0.991611	-1.65033	0.580954	27.0457	
0.992026	0.00280706	0.126002	0.00280784	0.999012	-0.0443622	-0.126002	0.0443623	0.991038	-1.7624	0.62041	27.9419	
0.991499	0.00299253	0.130078	0.00299339	0.998946	-0.045798	-0.130078	0.045798	0.990445	-1.87815	0.661164	28.8376	
0.990955	0.003184	0.134154	0.00318493	0.998879	-0.0472335	-0.134154	0.0472336	0.989834	-1.99759	0.703217	29.7327	
0.990395	0.00338145	0.138228	0.00338248	0.998809	-0.0486688	-0.138228	0.0486689	0.989204	-2.12071	0.746567	30.6273	
0.989817	0.0035849	0.142302	0.00358602	0.998738	-0.0501038	-0.142302	0.0501038	0.988554	-2.24752	0.791214	31.5212	
0.989222	0.00379434	0.146375	0.00379556	0.998664	-0.0515384	-0.146375	0.0515385	0.987886	-2.378	0.837158	32.4146	
0.98861	0.00400978	0.150446	0.0040111	0.998588	-0.0529726	-0.150446	0.0529727	0.987198	-2.51217	0.8844	33.3074	
0.987981	0.00423121	0.154516	0.00423264	0.99851	-0.0544064	-0.154516	0.0544066	0.986491	-2.65002	0.932937	34.1996	
0.987335	0.00445864	0.158585	0.00446019	0.99843	-0.0558398	-0.158585	0.0558399	0.985765	-2.79155	0.982771	35.0911	
0.986672	0.00469206	0.162652	0.00469373	0.998348	-0.0572726	-0.162652	0.0572727	0.98502	-2.93676	1.0339	35.9819	
0.985992	0.00493148	0.166717	0.00493328	0.998263	-0.0587048	-0.166717	0.058705	0.984256	-3.08564	1.08632	36.8721	
0.985296	0.00517689	0.17078	0.00517883	0.998177	-0.0601364	-0.17078	0.0601366	0.983472	-3.23819	1.14004	37.7615	
0.984582	0.00542829	0.174842	0.00543037	0.998088	-0.0615674	-0.174842	0.0615676	0.98267	-3.39442	1.19506	38.6502	
0.983851	0.00568568	0.178901	0.00568791	0.997997	-0.0629976	-0.178901	0.0629978	0.981848	-3.55432	1.25136	39.5382	
0.983103	0.00594906	0.182958	0.00595145	0.997905	-0.0644272	-0.182958	0.0644274	0.981007	-3.71789	1.30896	40.4255	
0.982338	0.00621842	0.187013	0.00622097	0.99781	-0.0658559	-0.187013	0.0658561	0.980148	-3.88512	1.36785	41.312	
0.981556	0.00649376	0.191065	0.00649649	0.997713	-0.0672837	-0.191065	0.067284	0.979269	-4.05602	1.42803	42.1977	
0.980757	0.00677509	0.195115	0.00677799	0.997614	-0.0687107	-0.195115	0.068711	0.978371	-4.23058	1.48951	43.0826	
0.979941	0.00706238	0.199162	0.00706547	0.997512	-0.0701368	-0.199162	0.0701371	0.977454	-4.40881	1.55227	43.9666	
0.979108	0.00735565	0.203206	0.00735893	0.997409	-0.0715619	-0.203206	0.0715622	0.976517	-4.59068	1.61632	44.8499	
0.978259	0.00765488	0.207247	0.00765836	0.997304	-0.072986	-0.207247	0.0729863	0.975562	-4.77622	1.68166	45.7323	
0.977392	0.00796007	0.211285	0.00796376	0.997196	-0.074409	-0.211284	0.0744094	0.974588	-4.9654	1.74829	46.6138	
0.976509	0.00827122	0.215319	0.00827513	0.997086	-0.0758309	-0.215319	0.0758313	0.973595	-5.15823	1.8162	47.4944	
0.975608	0.00858832	0.219351	0.00859245	0.996975	-0.0772517	-0.21935	0.0772521	0.972583	-5.35471	1.88539	48.3741	
0.974691	0.00891136	0.223378	0.00891572	0.996861	-0.0786713	-0.223378	0.0786718	0.971552	-5.55484	1.95587	49.2529	
0.973757	0.00924033	0.227403	0.00924494	0.996745	-0.0800896	-0.227402	0.0800901	0.970502	-5.7586	2.02764	50.1307	
0.972806	0.00957524	0.231423	0.0095801	0.996627	-0.0815067	-0.231423	0.0815072	0.969433	-5.966	2.10068	51.0076	
0.971838	0.00991607	0.23544	0.00992119	0.996507	-0.0829224	-0.235439	0.082923	0.968345	-6.17703	2.17501	51.8836	
0.970854	0.0102628	0.239452	0.0102682	0.996384	-0.0843368	-0.239452	0.0843374	0.967238	-6.39169	2.25062	52.7585	
0.969853	0.0106155	0.243461	0.0106211	0.99626	-0.0857498	-0.243461	0.0857505	0.966113	-6.60998	2.3275	53.6324	
0.969562	0.0107175	0.24461	0.0106076	0.996265	-0.0856961	-0.244615	0.0856824	0.965827	-6.8306	2.40499	54.5057	
0.96927	0.0108195	0.245761	0.0105938	0.99627	-0.0856418	-0.245771	0.0856136	0.96554	-7.05226	2.48242	55.3787	
0.968976	0.0109215	0.246912	0.0105798	0.996275	-0.0855869	-0.246926	0.085544	0.965251	-7.27497	2.55979	56.2514	
0.968681	0.0110235	0.248063	0.0105656	0.996279	-0.0855316	-0.248083	0.0854738	0.964961	-7.49872	2.63709	57.1239	
0.968384	0.0111255	0.249215	0.0105512	0.996284	-0.0854759	-0.24924	0.085403	0.964669	-7.72352	2.71433	57.9962	
0.968086	0.0112275	0.250367	0.0105367	0.996289	-0.0854198	-0.250397	0.0853317	0.964375	-7.94937	2.7915	58.8681	
0.967786	0.0113295	0.251519	0.010522	0.996294	-0.0853633	-0.251554	0.0852599	0.96408	-8.17626	2.86862	59.7398	
0.967484	0.0114314	0.252672	0.0105072	0.996299	-0.0853067	-0.252712	0.0851877	0.963784	-8.4042	2.94566	60.6113	
0.967181	0.0115333	0.253825	0.0104922	0.996304	-0.0852498	-0.253871	0.0851152	0.963486	-8.63319	3.02264	61.4824	
0.966877	0.0116351	0.254979	0.0104772	0.996309	-0.0851928	-0.255029	0.0850424	0.963186	-8.86322	3.09956	62.3533	
0.96657	0.011737	0.256132	0.010462	0.996314	-0.0851357	-0.256188	0.0849693	0.962885	-9.0943	3.1764	63.224	
0.966263	0.0118388	0.257286	0.0104468	0.996319	-0.0850786	-0.257347	0.0848961	0.962583	-9.32643	3.25319	64.0943	
0.965953	0.0119405	0.25844	0.0104315	0.996325	-0.0850216	-0.258505	0.0848228	0.962279	-9.5596	3.3299	64.9644	
0.965643	0.0120422	0.259594	0.0104162	0.99633	-0.0849646	-0.259664	0.0847495	0.961973	-9.79383	3.40655	65.8342	
0.96533	0.0121438	0.260748	0.0104008	0.996335	-0.0849079	-0.260823	0.0846761	0.961666	-10.0291	3.48314	66.7037	
0.965017	0.0122454	0.261902	0.0103855	0.99634	-0.0848513	-0.261982	0.0846029	0.961357	-10.2654	3.55966	67.5729	
0.964702	0.0123469	0.263056	0.0103701	0.996344	-0.084795	-0.263141	0.0845298	0.961047	-10.5028	3.63611	68.4419	
0.964385	0.0124484	0.26421	0.0103547	0.996349	-0.0847391	-0.2643	0.0844569	0.960735	-10.7412	3.71249	69.3106	
0.964067	0.0125498	0.265363	0.0103394	0.996354	-0.0846835	-0.265459	0.0843843	0.960422	-10.9807	3.78881	70.179	
0.969203	0.0109567	0.246018	0.0076858	0.997177	-0.0746894	-0.246142	0.0742801	0.966383	-11.2119	3.86053	71.05	
0.973951	0.00956697	0.226557	0.00523324	0.997895	-0.0646361	-0.226699	0.064138	0.971851	-11.4257	3.9231	71.9262	
0.978307	0.00838119	0.206992	0.00298298	0.998508	-0.0545285	-0.20714	0.0539631	0.976822	-11.6218	3.97649	72.807	
0.982269	0.00740001	0.187332	0.00093616	0.999015	-0.044372	-0.187475	0.0437606	0.981294	-11.8002	4.02067	73.6922	
0.985835	0.00662393	0.167587	-0.000906167	0.999416	-0.0341717	-0.167715	0.0335358	0.985265	-11.9607	4.05561	74.5811	
0.989004	0.00605334	0.147767	-0.00254306	0.99971	-0.0239329	-0.147869	0.0232939	0.988733	-12.1034	4.0813	75.4735	
0.991773	0.00568853	0.127883	-0.00397369	0.999899	-0.0136606	-0.127948	0.0130401	0.991695	-12.2281	4.09772	76.3687	
0.994142	0.0055297	0.107944	-0.00519731	0.999981	-0.00336031	-0.107961	0.00277961	0.994151	-12.3347	4.10487	77.2664	
0.996108	0.00557691	0.0879614	-0.00621331	0.999956	0.00696287	-0.0879187	-0.0074823	0.9961	-12.4232	4.10275	78.166	
0.997672	0.00583016	0.0679445	-0.00702117	0.999826	0.0173036	-0.0678318	-0.0177404	0.997539	-12.4936	4.09134	79.0672	
0.998832	0.0062893	0.0479039	-0.00762047	0.999588	0.0276567	-0.0477102	-0.0279894	0.998469	-12.5459	4.07067	79.9695	
0.999588	0.00695411	0.0278497	-0.00801091	0.999245	0.0380167	-0.0275643	-0.0382241	0.998889	-12.5799	4.04074	80.8724	
0.999939	0.00782424	0.00779224	-0.00819229	0.998795	0.0483784	-0.00740433	-0.0484393	0.998799	-12.5957	4.00157	81.7754	
0.999885	0.00889925	-0.0122583	-0.00816451	0.99824	0.0587366	0.0127594	-0.0586298	0.998198	-12.5933	3.95317	82.6782	
0.999427	0.0101786	-0.0322917	-0.0079276	0.997579	0.0690859	0.0329167	-0.0687903	0.997088	-12.5726	3.89557	83.5801	
0.998563	0.0116616	-0.0522976	-0.00748166	0.996813	0.079421	0.0530572	-0.0789157	0.995468	-12.5338	3.8288	84.4808	
0.997296	0.0133476	-0.072266	-0.00682694	0.995942	0.0897367	0.0731705	-0.0890007	0.99334	-12.4767	3.75289	85.3798	
0.995625	0.0152356	-0.0921865	-0.00596375	0.994967	0.100028	0.0932465	-0.0990404	0.990705	-12.4015	3.66789	86.2767	
0.993552	0.0173246	-0.112049	-0.00489255	0.993888	0.110289	0.113275	-0.109029	0.987563	-12.3081	3.57384	87.171	
0.991077	0.0196138	-0.131843	-0.00361388	0.992705	0.120515	0.133245	-0.118963	0.983917	-12.1967	3.47078	88.0622	
