1	0	0	0	1	0	0	0	1	0	0	0	
0.999988	8.25998e-06	0.00493183	8.25998e-06	0.999994	-0.00334963	-0.00493183	0.00334963	0.999982	-0.00258673	0.00175687	1.04898	
0.999951	3.30394e-05	0.0098634	3.30402e-05	0.999978	-0.00669923	-0.0098634	0.00669923	0.999929	-0.0103468	0.00702746	2.09793	
0.999891	7.43374e-05	0.0147945	7.43403e-05	0.99995	-0.0100487	-0.0147945	0.0100487	0.99984	-0.0232798	0.0158117	3.1468	
0.999805	0.000132152	0.0197251	0.00013216	0.99991	-0.0133979	-0.0197251	0.0133979	0.999716	-0.0413852	0.0281093	4.19556	
0.999696	0.000206482	0.0246548	0.000206496	0.99986	-0.0167467	-0.0246548	0.0167467	0.999556	-0.0646623	0.0439201	5.24417	
0.999562	0.000297323	0.0295836	0.000297349	0.999798	-0.020095	-0.0295836	0.020095	0.99936	-0.0931101	0.0632434	6.2926	
0.999404	0.000404674	0.0345112	0.000404715	0.999725	-0.0234427	-0.0345112	0.0234427	0.999129	-0.126728	0.0860788	7.3408	
0.999222	0.000528529	0.0394376	0.00052859	0.999641	-0.0267896	-0.0394376	0.0267896	0.998863	-0.165514	0.112425	8.38874	
0.999015	0.000668884	0.0443624	0.000668971	0.999546	-0.0301357	-0.0443624	0.0301357	0.998561	-0.209466	0.142283	9.43638	
0.998784	0.000825734	0.0492856	0.000825855	0.999439	-0.0334808	-0.0492856	0.0334808	0.998223	-0.258584	0.175649	10.4837	
0.998529	0.000999073	0.054207	0.000999234	0.999321	-0.0368248	-0.054207	0.0368248	0.99785	-0.312866	0.212524	11.5306	
0.99825	0.0011889	0.0591263	0.00118911	0.999192	-0.0401676	-0.0591263	0.0401676	0.997442	-0.372309	0.252906	12.5771	
0.997946	0.00139519	0.0640435	0.00139546	0.999052	-0.043509	-0.0640435	0.043509	0.996998	-0.436911	0.296794	13.6232	
0.997618	0.00161796	0.0689583	0.00161829	0.998901	-0.046849	-0.0689582	0.046849	0.996519	-0.50667	0.344187	14.6688	
0.997266	0.00185719	0.0738705	0.0018576	0.998738	-0.0501874	-0.0738705	0.0501874	0.996004	-0.581583	0.395082	15.7139	
0.99689	0.00211287	0.07878	0.00211337	0.998564	-0.0535241	-0.07878	0.0535241	0.995454	-0.661648	0.449478	16.7584	
0.996489	0.00238499	0.0836867	0.00238559	0.998379	-0.056859	-0.0836867	0.056859	0.994869	-0.746861	0.507374	17.8023	
0.996065	0.00267355	0.0885903	0.00267426	0.998183	-0.0601919	-0.0885903	0.060192	0.994248	-0.83722	0.568767	18.8456	
0.995616	0.00297853	0.0934906	0.00297936	0.997976	-0.0635228	-0.0934906	0.0635229	0.993592	-0.93272	0.633655	19.8882	
0.995143	0.00329991	0.0983876	0.00330089	0.997757	-0.0668516	-0.0983876	0.0668516	0.9929	-1.03336	0.702036	20.9301	
0.994646	0.0036377	0.103281	0.00363883	0.997528	-0.070178	-0.103281	0.0701781	0.992173	-1.13913	0.773907	21.9713	
0.994124	0.00399188	0.108171	0.00399317	0.997287	-0.0735021	-0.108171	0.0735021	0.991411	-1.25004	0.849267	23.0117	
0.993579	0.00436243	0.113056	0.00436391	0.997035	-0.0768236	-0.113056	0.0768237	0.990614	-1.36607	0.928113	24.0512	
0.99301	0.00474934	0.117938	0.00475102	0.996772	-0.0801425	-0.117938	0.0801426	0.989782	-1.48723	1.01044	25.0899	
0.992416	0.0051526	0.122815	0.0051545	0.996498	-0.0834586	-0.122815	0.0834587	0.988914	-1.6135	1.09625	26.1278	
0.991799	0.0055722	0.127688	0.00557433	0.996213	-0.0867718	-0.127688	0.0867719	0.988011	-1.74489	1.18553	27.1647	
0.991157	0.00600811	0.132556	0.0060105	0.995916	-0.090082	-0.132556	0.0900822	0.987074	-1.88139	1.27829	28.2006	
0.990492	0.00646032	0.137419	0.00646298	0.995609	-0.0933891	-0.137419	0.0933893	0.986101	-2.02299	1.37452	29.2355	
0.989802	0.00692882	0.142278	0.00693178	0.99529	-0.096693	-0.142278	0.0966932	0.985093	-2.16969	1.47422	30.2694	
0.989089	0.00741359	0.147131	0.00741686	0.99496	-0.0999935	-0.147131	0.0999937	0.98405	-2.32148	1.57738	31.3022	
0.988352	0.00791461	0.151979	0.00791822	0.99462	-0.103291	-0.151979	0.103291	0.982972	-2.47836	1.68401	32.3339	
0.987591	0.00843186	0.156822	0.00843583	0.994268	-0.106584	-0.156821	0.106584	0.981859	-2.64033	1.79408	33.3644	
0.986806	0.00896533	0.161658	0.00896968	0.993905	-0.109874	-0.161658	0.109874	0.980711	-2.80737	1.90762	34.3938	
0.985997	0.00951499	0.166489	0.00951975	0.993531	-0.11316	-0.166489	0.11316	0.979529	-2.97948	2.0246	35.4219	
0.985165	0.0100808	0.171314	0.010086	0.993146	-0.116442	-0.171314	0.116442	0.978311	-3.15666	2.14502	36.4488	
0.984309	0.0106628	0.176133	0.0106685	0.99275	-0.11972	-0.176133	0.11972	0.977059	-3.33889	2.26889	37.4744	
0.983429	0.011261	0.180946	0.0112671	0.992344	-0.122993	-0.180945	0.122994	0.975772	-3.52618	2.39619	38.4987	
0.982525	0.0118752	0.185751	0.0118818	0.991926	-0.126263	-0.185751	0.126263	0.974451	-3.71851	2.52693	39.5215	
0.981598	0.0125055	0.190551	0.0125127	0.991497	-0.129528	-0.19055	0.129529	0.973095	-3.91588	2.66109	40.543	
0.980647	0.0131519	0.195343	0.0131597	0.991057	-0.132788	-0.195343	0.132789	0.971704	-4.11828	2.79867	41.5631	
0.979672	0.0138144	0.200128	0.0138227	0.990606	-0.136044	-0.200128	0.136045	0.970279	-4.3257	2.93967	42.5816	
0.978674	0.0144928	0.204906	0.0145018	0.990145	-0.139295	-0.204906	0.139296	0.968819	-4.53814	3.08409	43.5987	
0.977653	0.0151873	0.209677	0.0151969	0.989672	-0.142542	-0.209677	0.142543	0.967325	-4.75559	3.23191	44.6142	
0.976608	0.0158977	0.21444	0.015908	0.989189	-0.145783	-0.21444	0.145784	0.965796	-4.97803	3.38314	45.6281	
0.975539	0.0166241	0.219196	0.0166351	0.988694	-0.149019	-0.219195	0.14902	0.964234	-5.20547	3.53776	46.6404	
0.974447	0.0173664	0.223944	0.0173782	0.988189	-0.15225	-0.223943	0.152251	0.962637	-5.4379	3.69578	47.651	
0.973332	0.0181246	0.228683	0.0181371	0.987673	-0.155476	-0.228682	0.155477	0.961005	-5.6753	3.85718	48.66	
0.972194	0.0188987	0.233414	0.018912	0.987146	-0.158696	-0.233413	0.158697	0.95934	-5.91767	4.02197	49.6672	
0.971032	0.0196886	0.238137	0.0197027	0.986609	-0.16191	-0.238136	0.161912	0.957641	-6.16499	4.19012	50.6726	
0.969847	0.0204943	0.242852	0.0205093	0.98606	-0.165119	-0.24285	0.165121	0.955907	-6.41727	4.36165	51.6763	
0.968639	0.0213158	0.247557	0.0213317	0.985501	-0.168322	-0.247556	0.168324	0.95414	-6.67448	4.53654	52.6781	
0.967407	0.022153	0.252254	0.0221699	0.984931	-0.17152	-0.252253	0.171522	0.952339	-6.93663	4.71479	53.678	
0.966153	0.023006	0.256942	0.0230239	0.984351	-0.174711	-0.25694	0.174713	0.950504	-7.2037	4.89639	54.6761	
0.964876	0.0238746	0.26162	0.0238935	0.983759	-0.177896	-0.261619	0.177898	0.948635	-7.47569	5.08133	55.6722	
0.963575	0.0247589	0.266289	0.0247789	0.983157	-0.181075	-0.266288	0.181077	0.946732	-7.75257	5.26962	56.6663	
0.962252	0.0256589	0.270949	0.0256799	0.982544	-0.184247	-0.270947	0.18425	0.944796	-8.03435	5.46123	57.6584	
0.960905	0.0265744	0.275599	0.0265966	0.981921	-0.187413	-0.275597	0.187416	0.942826	-8.32101	5.65617	58.6484	
0.959536	0.0275055	0.280239	0.0275289	0.981287	-0.190572	-0.280236	0.190576	0.940823	-8.61254	5.85442	59.6364	
0.958144	0.0284521	0.284869	0.0284767	0.980643	-0.193725	-0.284866	0.193728	0.938787	-8.90893	6.05599	60.6222	
0.956729	0.0294142	0.289488	0.0294401	0.979987	-0.196871	-0.289486	0.196875	0.936717	-9.21018	6.26086	61.6059	
0.955292	0.0303918	0.294098	0.0304189	0.979322	-0.20001	-0.294095	0.200014	0.934614	-9.51627	6.46902	62.5874	
0.953832	0.0313848	0.298696	0.0314133	0.978645	-0.203141	-0.298693	0.203146	0.932477	-9.82718	6.68048	63.5667	
0.952349	0.0323932	0.303284	0.0324231	0.977959	-0.206266	-0.303281	0.206271	0.930308	-10.1429	6.89522	64.5437	
0.950844	0.033417	0.307862	0.0334482	0.977261	-0.209384	-0.307858	0.209389	0.928105	-10.4635	7.11323	65.5185	
0.949316	0.034456	0.312428	0.0344887	0.976554	-0.212494	-0.312424	0.212499	0.92587	-10.7888	7.33451	66.4909	
0.948646	0.0349109	0.314406	0.0347052	0.976407	-0.213133	-0.314429	0.213099	0.925053	-11.1176	7.55773	67.4617	
0.947972	0.035367	0.316382	0.034923	0.976259	-0.213771	-0.316432	0.213698	0.924232	-11.4485	7.78158	68.4316	
0.947294	0.0358244	0.318357	0.0351423	0.976112	-0.214409	-0.318433	0.214296	0.923405	-11.7814	8.00607	69.4007	
0.953166	0.0319234	0.300759	0.0295299	0.97984	-0.19759	-0.301003	0.197217	0.933007	-12.1063	8.22191	70.3744	
0.958705	0.0283475	0.282985	0.0242353	0.983258	-0.180602	-0.283366	0.180002	0.941968	-12.4129	8.41978	71.3579	
0.963909	0.0250992	0.265047	0.0192621	0.986362	-0.163457	-0.265535	0.162663	0.95028	-12.7008	8.59951	72.3504	
0.968772	0.0221806	0.246958	0.0146136	0.989152	-0.146168	-0.247521	0.145212	0.957939	-12.9699	8.761	73.3513	
0.973293	0.0195939	0.228729	0.0102931	0.991624	-0.128746	-0.229336	0.127662	0.964939	-13.22	8.90413	74.3599	
0.977467	0.0173407	0.210375	0.00630355	0.993778	-0.111203	-0.210994	0.110023	0.971276	-13.451	9.0288	75.3755	
0.981292	0.0154227	0.191906	0.00264768	0.995611	-0.0935514	-0.192507	0.0923094	0.976944	-13.6626	9.13493	76.3974	
0.984765	0.0138411	0.173337	-0.00067199	0.997123	-0.0758032	-0.173887	0.0745319	0.981941	-13.8548	9.22244	77.4249	
0.987884	0.012597	0.154679	-0.00365317	0.998312	-0.0579705	-0.155148	0.0567031	0.986263	-14.0274	9.29128	78.4573	
0.990647	0.0116913	0.135946	-0.00629382	0.999177	-0.0400657	-0.136302	0.0388354	0.989906	-14.1803	9.34139	79.4938	
0.993052	0.0111247	0.11715	-0.00859212	0.999719	-0.022101	-0.117362	0.0209409	0.992868	-14.3133	9.37274	80.5338	
0.995097	0.0108974	0.0983038	-0.0105465	0.999936	-0.00408887	-0.0983421	0.00303206	0.995148	-14.4265	9.38532	81.5766	
0.99678	0.0110097	0.0794214	-0.0121556	0.999829	0.0139584	-0.0792541	-0.0148789	0.996743	-14.5196	9.37911	82.6214	
0.998101	0.0114615	0.0605152	-0.0134183	0.999397	0.0320284	-0.0601117	-0.0327796	0.997653	-14.5927	9.35411	83.6675	
0.999059	0.0122525	0.0415983	-0.0143337	0.998641	0.0501087	-0.0409278	-0.0506578	0.997877	-14.6457	9.31034	84.7142	
0.999653	0.013382	0.0226837	-0.0149013	0.997561	0.0681867	-0.0217159	-0.0685011	0.997415	-14.6786	9.24784	85.7608	
0.999883	0.0148495	0.00378428	-0.0151206	0.996159	0.0862502	-0.00248897	-0.0862973	0.996266	-14.6913	9.16664	86.8065	
0.999747	0.0166538	-0.0150868	-0.0149915	0.994434	0.104287	0.0167396	-0.104034	0.994433	-14.6838	9.06681	87.8507	
0.999248	0.0187936	-0.0339167	-0.014514	0.992389	0.122284	0.0359567	-0.1217	0.991915	-14.6562	8.94841	88.8926	
0.998384	0.0212676	-0.0526924	-0.0136886	0.990024	0.140229	0.0551491	-0.139281	0.988716	-14.6084	8.81152	89.9315	
0.997157	0.0240741	-0.071401	-0.0125157	0.987342	0.15811	0.0743035	-0.156767	0.984837	-14.5405	8.65623	90.9667	
0.995567	0.027211	-0.0900296	-0.0109962	0.984344	0.175915	0.0934069	-0.174145	0.98028	-14.4525	8.48266	91.9974	
0.993616	0.0306763	-0.108565	-0.00913108	0.981032	0.193631	0.112446	-0.191403	0.975049	-14.3445	8.29092	93.023	
0.991304	0.0344675	-0.126996	-0.00692167	0.977408	0.211246	0.131408	-0.20853	0.969148	-14.2166	8.08115	94.0428	
0.988634	0.0385821	-0.145308	-0.00436948	0.973476	0.228748	0.150279	-0.225513	0.96258	-14.0689	7.85348	95.0561	
0.985607	0.0430172	-0.163489	-0.00147626	0.969237	0.246125	0.169047	-0.242342	0.95535	-13.9014	7.60808	96.0621	
0.982225	0.0477697	-0.181527	0.00175599	0.964695	0.263366	0.187699	-0.259003	0.947463	-13.7142	7.34511	97.0601	
0.978491	0.0528365	-0.199409	0.00532506	0.959852	0.280457	0.206222	-0.275486	0.938925	-13.5076	7.06476	98.0496	
0.974407	0.058214	-0.217124	0.00922849	0.954712	0.297388	0.224603	-0.29178	0.929741	-13.2816	6.76721	99.0298	
0.969976	0.0638985	-0.234658	0.0134636	0.949279	0.314146	0.242829	-0.307874	0.919917	-13.0365	6.45268	99.9999	
0.965201	0.0698861	-0.252	0.0180275	0.943556	0.330721	0.260889	-0.323755	0.909461	-12.7723	6.12137	100.96	
