1	0	0	0	1	0	0	0	1	0	0	0	
0.999993	8.51011e-06	0.00376055	8.51011e-06	0.99999	-0.00452596	-0.00376055	0.00452596	0.999983	-0.0019458	0.00234185	1.03484	
0.999972	3.40466e-05	0.0075222	3.40371e-05	0.999959	-0.00905073	-0.0075222	0.00905073	0.999931	-0.00778379	0.00936677	2.06965	
0.999936	7.66159e-05	0.0112848	7.65781e-05	0.999908	-0.0135742	-0.0112848	0.0135742	0.999844	-0.017515	0.0210735	3.10438	
0.999887	0.000136224	0.0150483	0.000136129	0.999836	-0.0180961	-0.0150483	0.0180961	0.999723	-0.0311405	0.0374605	4.13901	
0.999823	0.000212876	0.0188125	0.000212686	0.999744	-0.0226164	-0.0188125	0.0226164	0.999567	-0.0486609	0.0585261	5.1735	
0.999745	0.000306576	0.0225773	0.000306245	0.999632	-0.0271348	-0.0225773	0.0271348	0.999377	-0.0700771	0.0842687	6.2078	
0.999653	0.000417329	0.0263425	0.000416799	0.999499	-0.0316513	-0.0263425	0.0316513	0.999152	-0.0953894	0.114686	7.24189	
0.999547	0.000545138	0.030108	0.000544343	0.999346	-0.0361657	-0.030108	0.0361657	0.998892	-0.124598	0.149776	8.27573	
0.999426	0.000690005	0.0338738	0.00068887	0.999172	-0.0406777	-0.0338738	0.0406777	0.998598	-0.157704	0.189537	9.30928	
0.999291	0.000851934	0.0376395	0.000850373	0.998978	-0.0451874	-0.0376396	0.0451874	0.998269	-0.194707	0.233966	10.3425	
0.999142	0.00103092	0.0414053	0.00102884	0.998764	-0.0496944	-0.0414053	0.0496944	0.997906	-0.235607	0.28306	11.3754	
0.998979	0.00122698	0.0451708	0.00122427	0.998529	-0.0541987	-0.0451708	0.0541987	0.997508	-0.280404	0.336817	12.4079	
0.998801	0.0014401	0.0489359	0.00143666	0.998275	-0.0587001	-0.048936	0.0587	0.997076	-0.329097	0.395234	13.4399	
0.998609	0.00167028	0.0527006	0.00166598	0.998	-0.0631985	-0.0527008	0.0631984	0.996609	-0.381686	0.458307	14.4715	
0.998403	0.00191753	0.0564647	0.00191223	0.997704	-0.0676936	-0.0564649	0.0676934	0.996107	-0.438172	0.526034	15.5026	
0.998182	0.00218183	0.0602281	0.0021754	0.997389	-0.0721853	-0.0602283	0.0721851	0.995571	-0.498552	0.598411	16.5331	
0.997947	0.0024632	0.0639906	0.00245549	0.997053	-0.0766735	-0.0639909	0.0766733	0.995001	-0.562826	0.675434	17.5631	
0.997698	0.00276162	0.0677521	0.00275246	0.996697	-0.0811581	-0.0677525	0.0811578	0.994396	-0.630993	0.7571	18.5925	
0.997435	0.0030771	0.0715125	0.00306633	0.996322	-0.0856388	-0.071513	0.0856384	0.993756	-0.703053	0.843404	19.6212	
0.997157	0.00340963	0.0752716	0.00339706	0.995926	-0.0901155	-0.0752722	0.090115	0.993083	-0.779003	0.934344	20.6492	
0.996865	0.0037592	0.0790293	0.00374465	0.995509	-0.0945881	-0.07903	0.0945875	0.992375	-0.858843	1.02991	21.6766	
0.996559	0.00412581	0.0827855	0.00410909	0.995073	-0.0990564	-0.0827864	0.0990557	0.991632	-0.942571	1.13011	22.7031	
0.996238	0.00450946	0.0865401	0.00449035	0.994617	-0.10352	-0.0865411	0.103519	0.990855	-1.03019	1.23493	23.7289	
0.995903	0.00491013	0.0902928	0.00488843	0.994141	-0.107979	-0.090294	0.107978	0.990044	-1.12168	1.34436	24.7539	
0.995554	0.00532783	0.0940436	0.0053033	0.993645	-0.112434	-0.094045	0.112433	0.989199	-1.21707	1.45841	25.778	
0.99519	0.00576254	0.0977924	0.00573495	0.993129	-0.116883	-0.097794	0.116882	0.988319	-1.31633	1.57706	26.8012	
0.994812	0.00621426	0.101539	0.00618336	0.992593	-0.121328	-0.101541	0.121326	0.987405	-1.41947	1.70032	27.8235	
0.99442	0.00668297	0.105283	0.00664852	0.992038	-0.125767	-0.105285	0.125765	0.986457	-1.52649	1.82817	28.8448	
0.994013	0.00716868	0.109025	0.00713041	0.991462	-0.130201	-0.109028	0.130199	0.985475	-1.63738	1.96061	29.8652	
0.993592	0.00767136	0.112764	0.007629	0.990867	-0.13463	-0.112767	0.134627	0.984459	-1.75214	2.09764	30.8845	
0.993157	0.008191	0.116501	0.00814428	0.990252	-0.139052	-0.116504	0.139049	0.983408	-1.87077	2.23925	31.9027	
0.992707	0.00872761	0.120234	0.00867623	0.989617	-0.143469	-0.120238	0.143466	0.982324	-1.99327	2.38543	32.9198	
0.992243	0.00928115	0.123965	0.00922482	0.988962	-0.14788	-0.123969	0.147877	0.981205	-2.11963	2.53617	33.9358	
0.991765	0.00985163	0.127693	0.00979004	0.988288	-0.152285	-0.127697	0.152281	0.980053	-2.24985	2.69148	34.9506	
0.991272	0.010439	0.131417	0.0103719	0.987594	-0.156683	-0.131422	0.156679	0.978867	-2.38392	2.85135	35.9642	
0.990765	0.0110433	0.135138	0.0109703	0.986881	-0.161076	-0.135144	0.161071	0.977646	-2.52185	3.01576	36.9765	
0.990244	0.0116645	0.138855	0.0115852	0.986148	-0.165461	-0.138862	0.165455	0.976392	-2.66363	3.18471	37.9876	
0.989708	0.0123026	0.142569	0.0122167	0.985396	-0.16984	-0.142577	0.169834	0.975104	-2.80925	3.3582	38.9974	
0.989158	0.0129575	0.146279	0.0128647	0.984624	-0.174212	-0.146287	0.174205	0.973783	-2.95872	3.53621	40.0058	
0.988594	0.0136293	0.149985	0.0135292	0.983833	-0.178577	-0.149994	0.178569	0.972427	-3.11202	3.71875	41.0128	
0.988016	0.0143179	0.153688	0.0142102	0.983022	-0.182934	-0.153698	0.182926	0.971038	-3.26916	3.9058	42.0184	
0.987423	0.0150233	0.157385	0.0149076	0.982193	-0.187285	-0.157396	0.187276	0.969615	-3.43013	4.09735	43.0225	
0.986816	0.0157456	0.161079	0.0156214	0.981343	-0.191628	-0.161091	0.191618	0.968159	-3.59492	4.2934	44.0252	
0.986195	0.0164845	0.164768	0.0163516	0.980475	-0.195963	-0.164781	0.195952	0.966669	-3.76354	4.49393	45.0263	
0.985559	0.0172403	0.168453	0.0170981	0.979587	-0.200291	-0.168467	0.200279	0.965146	-3.93597	4.69895	46.0259	
0.984909	0.0180128	0.172133	0.0178609	0.978681	-0.20461	-0.172149	0.204597	0.96359	-4.11221	4.90845	47.0239	
0.984245	0.018802	0.175808	0.0186401	0.977755	-0.208922	-0.175825	0.208908	0.962	-4.29226	5.12241	48.0202	
0.983567	0.0196079	0.179478	0.0194355	0.97681	-0.213225	-0.179497	0.21321	0.960376	-4.47611	5.34082	49.0149	
0.982874	0.0204304	0.183143	0.0202472	0.975846	-0.217521	-0.183163	0.217503	0.95872	-4.66376	5.56368	50.0079	
0.982167	0.0212696	0.186803	0.021075	0.974863	-0.221807	-0.186825	0.221789	0.95703	-4.8552	5.79098	50.9991	
0.981446	0.0221255	0.190457	0.0219191	0.973861	-0.226085	-0.190481	0.226065	0.955307	-5.05043	6.02271	51.9886	
0.980711	0.0229979	0.194106	0.0227793	0.97284	-0.230354	-0.194132	0.230332	0.953551	-5.24944	6.25887	52.9763	
0.979961	0.023887	0.19775	0.0236556	0.971801	-0.234614	-0.197777	0.234591	0.951762	-5.45223	6.49943	53.9622	
0.979198	0.0247926	0.201387	0.0245479	0.970742	-0.238866	-0.201417	0.23884	0.94994	-5.65878	6.74439	54.9462	
0.97842	0.0257147	0.205019	0.0254564	0.969665	-0.243107	-0.205051	0.24308	0.948085	-5.8691	6.99375	55.9283	
0.977628	0.0266533	0.208645	0.0263808	0.96857	-0.24734	-0.208679	0.247311	0.946198	-6.08317	7.24749	56.9084	
0.976822	0.0276084	0.212264	0.0273212	0.967455	-0.251563	-0.212301	0.251532	0.944277	-6.301	7.50561	57.8866	
0.976002	0.02858	0.215878	0.0282776	0.966322	-0.255777	-0.215917	0.255743	0.942324	-6.52257	7.76808	58.8628	
0.975168	0.029568	0.219485	0.0292498	0.965171	-0.25998	-0.219527	0.259944	0.940339	-6.74788	8.03491	59.8369	
0.974319	0.0305723	0.223085	0.030238	0.964001	-0.264174	-0.223131	0.264135	0.93832	-6.97692	8.30609	60.809	
0.973457	0.0315931	0.226679	0.031242	0.962813	-0.268357	-0.226727	0.268316	0.93627	-7.20969	8.58159	61.7789	
0.972581	0.0326302	0.230266	0.0322617	0.961606	-0.272531	-0.230318	0.272487	0.934187	-7.44618	8.86142	62.7468	
0.97169	0.0336836	0.233846	0.0332973	0.960381	-0.276694	-0.233901	0.276647	0.932071	-7.68638	9.14555	63.7124	
0.970786	0.0347533	0.237419	0.0343485	0.959138	-0.280847	-0.237478	0.280797	0.929923	-7.93028	9.43399	64.6759	
0.969867	0.0358392	0.240985	0.0354155	0.957876	-0.284989	-0.241047	0.284936	0.927743	-8.17788	9.72671	65.6371	
0.968889	0.0369873	0.244717	0.0355754	0.957689	-0.285599	-0.244926	0.285419	0.926578	-8.42933	10.0218	66.5965	
0.967894	0.0381379	0.248447	0.0357377	0.957501	-0.286208	-0.248803	0.285898	0.925397	-8.6848	10.3174	67.5548	
0.966884	0.0392908	0.252173	0.0359024	0.957313	-0.286815	-0.252678	0.28637	0.9242	-8.94428	10.6135	68.5118	
0.965858	0.0404458	0.255895	0.0360694	0.957125	-0.287421	-0.256549	0.286838	0.922988	-9.20777	10.9101	69.4676	
0.96553	0.0407951	0.257075	0.029413	0.964216	-0.263482	-0.258624	0.261961	0.92978	-9.47435	11.1941	70.4263	
0.9652	0.0411127	0.258262	0.0227053	0.970662	-0.239375	-0.260527	0.236909	0.935949	-9.74298	11.4523	71.3917	
0.964867	0.0413982	0.259457	0.0159506	0.976458	-0.215118	-0.262255	0.211698	0.941492	-10.0135	11.6844	72.3632	
0.964532	0.0416516	0.260659	0.00915352	0.981601	-0.190725	-0.263807	0.186346	0.946404	-10.2857	11.8904	73.3401	
0.964195	0.0418726	0.261867	0.00231862	0.986087	-0.166213	-0.265183	0.160869	0.950683	-10.5594	12.07	74.3218	
0.963857	0.0420611	0.263079	-0.00454954	0.989914	-0.141599	-0.266382	0.135284	0.954326	-10.8345	12.2233	75.3075	
0.963517	0.042217	0.264296	-0.0114464	0.993078	-0.116899	-0.267402	0.109609	0.957331	-11.1107	12.35	76.2967	
0.963176	0.0423402	0.265516	-0.0183673	0.995578	-0.0921301	-0.268243	0.0838607	0.959694	-11.3879	12.4501	77.2887	
0.962834	0.0424305	0.266739	-0.0253076	0.997411	-0.0673081	-0.268905	0.058056	0.961416	-11.6658	12.5235	78.2828	
0.962492	0.042488	0.267964	-0.0322626	0.998578	-0.0424499	-0.269386	0.0322125	0.962493	-11.9444	12.5703	79.2783	
0.962148	0.0425125	0.26919	-0.0392278	0.999076	-0.0175722	-0.269688	0.00634736	0.962927	-12.2233	12.5902	80.2746	
0.961805	0.0425041	0.270415	-0.0461985	0.998906	0.00730836	-0.269809	-0.019522	0.962716	-12.5025	12.5834	81.2711	
0.961462	0.0424628	0.27164	-0.0531699	0.998067	0.0321752	-0.269749	-0.0453783	0.961861	-12.7817	12.5498	82.2669	
0.961118	0.0423886	0.272864	-0.0601375	0.996561	0.0570115	-0.269509	-0.0712042	0.960362	-13.0607	12.4895	83.2616	
0.960775	0.0422816	0.274085	-0.0670965	0.994388	0.0818009	-0.269088	-0.0969824	0.95822	-13.3394	12.4025	84.2544	
0.960433	0.0421417	0.275303	-0.0740423	0.991549	0.106527	-0.268488	-0.122696	0.955437	-13.6176	12.2888	85.2446	
0.960092	0.0419692	0.276518	-0.0809703	0.988047	0.131172	-0.267707	-0.148327	0.952015	-13.895	12.1485	86.2316	
0.959752	0.0417641	0.277727	-0.0878758	0.983885	0.155721	-0.266748	-0.173859	0.947955	-14.1716	11.9818	87.2148	
0.959413	0.0415266	0.278931	-0.0947542	0.979063	0.180157	-0.26561	-0.199275	0.943261	-14.4471	11.7887	88.1934	
0.959076	0.0412568	0.280128	-0.101601	0.973587	0.204463	-0.264294	-0.224557	0.937936	-14.7213	11.5694	89.1668	
0.95874	0.0409549	0.281319	-0.108411	0.96746	0.228624	-0.262801	-0.249689	0.931982	-14.994	11.324	90.1344	
0.958407	0.0406212	0.282501	-0.115181	0.960685	0.252622	-0.261133	-0.274654	0.925405	-15.2651	11.0527	91.0955	
0.958075	0.0402557	0.283674	-0.121905	0.953267	0.276443	-0.259289	-0.299435	0.918209	-15.5344	10.7556	92.0495	
0.957746	0.0398589	0.284838	-0.128579	0.945212	0.30007	-0.257272	-0.324015	0.910398	-15.8017	10.433	92.9957	
0.95742	0.0394309	0.285992	-0.135199	0.936524	0.323487	-0.255083	-0.348379	0.901978	-16.0668	10.0851	93.9335	
0.957097	0.038972	0.287135	-0.141761	0.92721	0.346679	-0.252723	-0.372509	0.892954	-16.3296	9.71208	94.8623	
0.956777	0.0384825	0.288265	-0.148259	0.917275	0.369629	-0.250194	-0.396391	0.883333	-16.5898	9.31421	95.7815	
0.95646	0.0379629	0.289383	-0.154689	0.906727	0.392324	-0.247498	-0.420007	0.87312	-16.8474	8.89176	96.6904	
0.956147	0.0374133	0.290488	-0.161048	0.895572	0.414747	-0.244636	-0.443342	0.862323	-17.102	8.44502	97.5884	
0.955837	0.0368342	0.291579	-0.16733	0.883817	0.436884	-0.24161	-0.46638	0.850949	-17.3536	7.97428	98.4749	
