1	0	0	0	1	0	0	0	1	0	0	0	
1	-1.38763e-07	0.000109388	-1.38763e-07	0.999997	0.00253708	-0.000109388	-0.00253708	0.999997	-4.26778e-05	-0.000989847	0.780302	
1	-5.60689e-07	0.000220191	-5.5758e-07	0.999987	0.00507859	-0.000220191	-0.00507859	0.999987	-0.000171264	-0.00396112	1.5606	
1	-1.27348e-06	0.000332412	-1.26102e-06	0.999971	0.00762445	-0.000332412	-0.00762445	0.999971	-0.000386863	-0.00891723	2.34089	
1	-2.28485e-06	0.000446051	-2.25366e-06	0.999948	0.0101746	-0.000446051	-0.0101746	0.999948	-0.000690582	-0.0158616	3.12116	
1	-3.60256e-06	0.00056111	-3.54007e-06	0.999919	0.0127289	-0.00056111	-0.0127289	0.999919	-0.00108353	-0.0247974	3.90141	
1	-5.23437e-06	0.000677588	-5.12482e-06	0.999883	0.0152874	-0.000677589	-0.0152874	0.999883	-0.00156681	-0.0357281	4.68164	
1	-7.18807e-06	0.000795486	-7.0125e-06	0.999841	0.01785	-0.000795488	-0.01785	0.99984	-0.00214153	-0.0486567	5.46183	
1	-9.47147e-06	0.000914806	-9.20768e-06	0.999792	0.0204165	-0.000914809	-0.0204165	0.999791	-0.00280881	-0.0635864	6.24199	
0.999999	-1.20924e-05	0.00103555	-1.17149e-05	0.999736	0.022987	-0.00103555	-0.022987	0.999735	-0.00356974	-0.0805204	7.02211	
0.999999	-1.50587e-05	0.00115771	-1.45388e-05	0.999673	0.0255613	-0.00115772	-0.0255613	0.999673	-0.00442545	-0.0994616	7.80218	
0.999999	-1.83782e-05	0.0012813	-1.7684e-05	0.999604	0.0281394	-0.00128131	-0.0281394	0.999603	-0.00537704	-0.120413	8.5822	
0.999999	-2.20589e-05	0.00140631	-2.11549e-05	0.999528	0.0307211	-0.00140632	-0.0307211	0.999527	-0.00642562	-0.143378	9.36217	
0.999999	-2.61085e-05	0.00153274	-2.49562e-05	0.999445	0.0333065	-0.00153276	-0.0333065	0.999444	-0.00757231	-0.168358	10.1421	
0.999999	-3.0535e-05	0.00166059	-2.90924e-05	0.999356	0.0358955	-0.00166062	-0.0358955	0.999354	-0.00881821	-0.195357	10.9219	
0.999998	-3.53463e-05	0.00178987	-3.35681e-05	0.999259	0.0384879	-0.0017899	-0.0384879	0.999257	-0.0101644	-0.224378	11.7017	
0.999998	-4.05504e-05	0.00192056	-3.83879e-05	0.999156	0.0410837	-0.00192061	-0.0410837	0.999154	-0.0116121	-0.255423	12.4813	
0.999998	-4.61551e-05	0.00205268	-4.35562e-05	0.999045	0.0436829	-0.00205274	-0.0436829	0.999043	-0.0131623	-0.288495	13.2609	
0.999998	-5.21684e-05	0.00218622	-4.90777e-05	0.998928	0.0462853	-0.0021863	-0.0462853	0.998926	-0.0148162	-0.323596	14.0405	
0.999997	-5.85982e-05	0.00232118	-5.49569e-05	0.998804	0.0488909	-0.00232127	-0.0488909	0.998801	-0.0165748	-0.360729	14.8199	
0.999997	-6.54526e-05	0.00245757	-6.11982e-05	0.998673	0.0514996	-0.00245768	-0.0514996	0.99867	-0.0184393	-0.399897	15.5992	
0.999997	-7.27393e-05	0.00259537	-6.78063e-05	0.998535	0.0541114	-0.0025955	-0.0541114	0.998532	-0.0204108	-0.441101	16.3784	
0.999996	-8.04665e-05	0.00273458	-7.47856e-05	0.99839	0.0567261	-0.00273474	-0.0567261	0.998386	-0.0224904	-0.484345	17.1575	
0.999996	-8.86421e-05	0.00287522	-8.21406e-05	0.998238	0.0593437	-0.00287541	-0.0593437	0.998233	-0.0246792	-0.52963	17.9365	
0.999995	-9.7274e-05	0.00301727	-8.98759e-05	0.998078	0.0619641	-0.0030175	-0.0619641	0.998074	-0.0269784	-0.576958	18.7154	
0.999995	-0.00010637	0.00316073	-9.79958e-05	0.997912	0.0645873	-0.00316101	-0.0645873	0.997907	-0.0293889	-0.626332	19.4941	
0.999995	-0.000115939	0.00330561	-0.000106505	0.997739	0.0672132	-0.00330593	-0.0672131	0.997733	-0.031912	-0.677754	20.2727	
0.999994	-0.000125987	0.0034519	-0.000115408	0.997558	0.0698416	-0.00345227	-0.0698416	0.997552	-0.0345487	-0.731227	21.0512	
0.999994	-0.000136524	0.00359961	-0.000124708	0.99737	0.0724725	-0.00360003	-0.0724725	0.997364	-0.0373002	-0.786751	21.8295	
0.999993	-0.000147557	0.00374871	-0.000134412	0.997176	0.0751059	-0.00374921	-0.0751059	0.997169	-0.0401675	-0.844329	22.6076	
0.999992	-0.000159094	0.00389923	-0.000144522	0.996974	0.0777417	-0.0038998	-0.0777417	0.996966	-0.0431518	-0.903962	23.3857	
0.999992	-0.000171142	0.00405115	-0.000155043	0.996764	0.0803798	-0.0040518	-0.0803798	0.996756	-0.0462541	-0.965654	24.1635	
0.999991	-0.000183711	0.00420448	-0.000165981	0.996548	0.0830201	-0.00420521	-0.0830201	0.996539	-0.0494756	-1.0294	24.9412	
0.99999	-0.000196808	0.0043592	-0.000177338	0.996324	0.0856626	-0.00436004	-0.0856625	0.996315	-0.0528174	-1.09522	25.7187	
0.99999	-0.00021044	0.00451533	-0.000189119	0.996093	0.0883071	-0.00451627	-0.088307	0.996083	-0.0562805	-1.16309	26.4961	
0.999989	-0.000224616	0.00467285	-0.00020133	0.995855	0.0909536	-0.00467391	-0.0909536	0.995844	-0.059866	-1.23303	27.2732	
0.999988	-0.000239343	0.00483176	-0.000213973	0.99561	0.0936021	-0.00483295	-0.093602	0.995598	-0.0635752	-1.30503	28.0502	
0.999988	-0.00025463	0.00499207	-0.000227054	0.995357	0.0962524	-0.0049934	-0.0962524	0.995344	-0.0674089	-1.37911	28.8269	
0.999987	-0.000270483	0.00515376	-0.000240576	0.995097	0.0989046	-0.00515524	-0.0989045	0.995084	-0.0713684	-1.45525	29.6035	
0.999986	-0.000286912	0.00531684	-0.000254545	0.99483	0.101558	-0.00531849	-0.101558	0.994815	-0.0754548	-1.53346	30.3799	
0.999985	-0.000303924	0.0054813	-0.000268963	0.994555	0.104214	-0.00548313	-0.104214	0.99454	-0.079669	-1.61374	31.156	
0.999984	-0.000321526	0.00564715	-0.000283836	0.994273	0.106871	-0.00564917	-0.106871	0.994257	-0.0840123	-1.6961	31.932	
0.999983	-0.000339726	0.00581437	-0.000299167	0.993984	0.109529	-0.0058166	-0.109529	0.993967	-0.0884857	-1.78052	32.7077	
0.999982	-0.000358533	0.00598296	-0.000314961	0.993687	0.112189	-0.00598542	-0.112189	0.993669	-0.0930903	-1.86703	33.4831	
0.999981	-0.000377953	0.00615293	-0.000331222	0.993383	0.114851	-0.00615562	-0.11485	0.993364	-0.0978271	-1.95561	34.2584	
0.99998	-0.000397995	0.00632426	-0.000347953	0.993071	0.117513	-0.00632721	-0.117513	0.993051	-0.102697	-2.04626	35.0334	
0.999979	-0.000418666	0.00649696	-0.00036516	0.992752	0.120177	-0.00650019	-0.120177	0.992731	-0.107702	-2.139	35.8082	
0.999978	-0.000439974	0.00667102	-0.000382846	0.992426	0.122842	-0.00667454	-0.122842	0.992404	-0.112842	-2.23381	36.5827	
0.999976	-0.000461926	0.00684643	-0.000401015	0.992093	0.125508	-0.00685027	-0.125507	0.992069	-0.118119	-2.33071	37.3569	
0.999975	-0.000484531	0.0070232	-0.000419671	0.991752	0.128174	-0.00702737	-0.128174	0.991727	-0.123533	-2.42968	38.1309	
0.999974	-0.000507795	0.00720131	-0.000438818	0.991403	0.130842	-0.00720585	-0.130842	0.991377	-0.129086	-2.53074	38.9046	
0.999973	-0.000531726	0.00738078	-0.000458461	0.991047	0.133511	-0.00738569	-0.133511	0.99102	-0.134779	-2.63388	39.678	
0.999971	-0.000556332	0.00756158	-0.000478602	0.990684	0.13618	-0.0075669	-0.13618	0.990655	-0.140613	-2.7391	40.4512	
0.99997	-0.00058162	0.00774372	-0.000499246	0.990313	0.13885	-0.00774946	-0.13885	0.990283	-0.146589	-2.8464	41.224	
0.999968	-0.000607597	0.00792719	-0.000520398	0.989935	0.141521	-0.00793339	-0.141521	0.989904	-0.152707	-2.95579	41.9966	
0.999941	-0.00102954	0.010858	-0.000538936	0.989655	0.14347	-0.0108933	-0.143467	0.989595	-0.160053	-3.06697	42.7689	
0.999904	-0.00145771	0.0137909	-0.00056341	0.989369	0.145427	-0.0138563	-0.145421	0.989273	-0.169709	-3.17968	43.541	
0.999858	-0.00189212	0.0167259	-0.000593872	0.989078	0.147391	-0.0168221	-0.14738	0.988937	-0.181678	-3.29392	44.3128	
0.999804	-0.00233279	0.0196627	-0.000630371	0.988782	0.149363	-0.0197906	-0.149346	0.988587	-0.195963	-3.40969	45.0843	
0.999741	-0.00277974	0.0226013	-0.000672956	0.988481	0.151341	-0.0227617	-0.151317	0.988223	-0.212564	-3.52699	45.8556	
0.999669	-0.00323298	0.0255416	-0.000721673	0.988175	0.153326	-0.0257352	-0.153294	0.987846	-0.231486	-3.64584	46.6265	
0.999587	-0.00369251	0.0284833	-0.000776563	0.987864	0.155317	-0.0287111	-0.155275	0.987454	-0.252728	-3.76623	47.3972	
0.999497	-0.00415836	0.0314263	-0.000837668	0.987548	0.157315	-0.0316892	-0.157262	0.987048	-0.276293	-3.88816	48.1676	
0.999398	-0.00463053	0.0343706	-0.000905027	0.987227	0.159318	-0.0346693	-0.159254	0.986629	-0.302183	-4.01165	48.9376	
0.99929	-0.00510903	0.0373159	-0.000978677	0.9869	0.161327	-0.0376514	-0.161249	0.986195	-0.330399	-4.1367	49.7073	
0.999173	-0.00559386	0.0402622	-0.00105865	0.986569	0.163342	-0.0406352	-0.163249	0.985748	-0.360943	-4.2633	50.4767	
0.999048	-0.00608504	0.0432093	-0.00114498	0.986232	0.165361	-0.0436207	-0.165253	0.985286	-0.393815	-4.39147	51.2457	
0.998913	-0.00658257	0.0461571	-0.0012377	0.985891	0.167386	-0.0466077	-0.167261	0.98481	-0.429018	-4.5212	52.0143	
0.998768	-0.00708646	0.0491055	-0.00133682	0.985544	0.169415	-0.0495962	-0.169272	0.984321	-0.466552	-4.6525	52.7826	
0.998615	-0.0075967	0.0520543	-0.00144239	0.985192	0.171448	-0.0525859	-0.171286	0.983817	-0.506419	-4.78537	53.5504	
0.998453	-0.0081133	0.0550033	-0.00155442	0.984835	0.173485	-0.0555767	-0.173303	0.983299	-0.548619	-4.91981	54.3179	
0.998282	-0.00863626	0.0579525	-0.00167293	0.984473	0.175527	-0.0585686	-0.175322	0.982767	-0.593153	-5.05583	55.085	
0.998102	-0.00916558	0.0609018	-0.00179793	0.984106	0.177571	-0.0615614	-0.177344	0.982222	-0.640022	-5.19342	55.8516	
0.997912	-0.00970126	0.063851	-0.00192945	0.983734	0.179619	-0.064555	-0.179368	0.981662	-0.689226	-5.33259	56.6178	
0.997714	-0.0102433	0.0668	-0.0020675	0.983357	0.181671	-0.0675492	-0.181393	0.981088	-0.740767	-5.47334	57.3836	
0.997506	-0.0107917	0.0697486	-0.00221209	0.982975	0.183724	-0.0705439	-0.18342	0.9805	-0.794644	-5.61567	58.1489	
0.99729	-0.0113464	0.0726968	-0.00236322	0.982588	0.185781	-0.073539	-0.185449	0.979898	-0.850858	-5.75959	58.9138	
0.997064	-0.0119075	0.0756444	-0.00252091	0.982197	0.187839	-0.0765344	-0.187478	0.979283	-0.90941	-5.90509	59.6782	
0.996829	-0.0124749	0.0785913	-0.00268515	0.9818	0.1899	-0.0795299	-0.189509	0.978653	-0.970299	-6.05217	60.442	
0.996585	-0.0130486	0.0815374	-0.00285595	0.981398	0.191962	-0.0825255	-0.191539	0.978009	-1.03352	-6.20084	61.2054	
0.996332	-0.0136287	0.0844825	-0.00303331	0.980992	0.194026	-0.085521	-0.19357	0.977352	-1.09909	-6.35109	61.9683	
0.99607	-0.014215	0.0874266	-0.00321722	0.98058	0.196091	-0.0885163	-0.195601	0.976681	-1.16699	-6.50292	62.7307	
0.995798	-0.0148077	0.0903695	-0.00340768	0.980164	0.198156	-0.0915112	-0.197632	0.975996	-1.23723	-6.65634	63.4925	
0.995518	-0.0154066	0.093311	-0.00360468	0.979744	0.200223	-0.0945057	-0.199662	0.975297	-1.3098	-6.81135	64.2538	
0.995228	-0.0160118	0.0962512	-0.00380821	0.979318	0.20229	-0.0974996	-0.201691	0.974584	-1.38471	-6.96794	65.0146	
0.99493	-0.0166232	0.0991898	-0.00401826	0.978888	0.204357	-0.100493	-0.203719	0.973858	-1.46196	-7.12611	65.7748	
0.994622	-0.0172408	0.102127	-0.00423481	0.978453	0.206424	-0.103485	-0.205746	0.973118	-1.54154	-7.28586	66.5344	
0.994305	-0.0178647	0.105062	-0.00445785	0.978014	0.208491	-0.106477	-0.207772	0.972365	-1.62346	-7.4472	67.2934	
0.993979	-0.0184948	0.107995	-0.00468735	0.97757	0.210557	-0.109467	-0.209795	0.971598	-1.70771	-7.61011	68.0519	
0.993644	-0.019131	0.110926	-0.00492329	0.977122	0.212622	-0.112456	-0.211817	0.970818	-1.79429	-7.77461	68.8097	
0.993301	-0.0197734	0.113855	-0.00516565	0.97667	0.214686	-0.115444	-0.213836	0.970024	-1.88321	-7.94068	69.5669	
0.992948	-0.0204219	0.116782	-0.0054144	0.976212	0.216748	-0.118431	-0.215852	0.969217	-1.97446	-8.10832	70.3235	
0.992586	-0.0210766	0.119707	-0.00566952	0.975751	0.218809	-0.121416	-0.217866	0.968397	-2.06803	-8.27753	71.0795	
0.990089	-0.0251897	0.138163	-0.00513358	0.976634	0.214847	-0.140346	-0.213427	0.966826	-2.17016	-8.44581	71.8345	
0.987232	-0.0292174	0.156585	-0.00452023	0.977499	0.210892	-0.159223	-0.208907	0.964886	-2.28705	-8.61059	72.5882	
0.984016	-0.0331582	0.174967	-0.00382971	0.978345	0.206946	-0.17804	-0.204308	0.96258	-2.41863	-8.77181	73.3403	
0.980441	-0.0370105	0.193301	-0.00306227	0.979172	0.20301	-0.196789	-0.199631	0.959907	-2.56488	-8.92941	74.0903	
0.97651	-0.0407728	0.211581	-0.00221822	0.97998	0.199085	-0.215462	-0.194878	0.956869	-2.72572	-9.08334	74.8382	
0.972223	-0.0444438	0.2298	-0.00129786	0.980768	0.195174	-0.234054	-0.190051	0.953467	-2.90111	-9.23352	75.5835	
0.967582	-0.048022	0.24795	-0.00030156	0.981536	0.191277	-0.252557	-0.185151	0.949702	-3.09097	-9.37991	76.3261	
