1	0	0	0	1	0	0	0	1	0	0	0	
0.999991	-2.39181e-06	0.00428618	-2.39181e-06	0.999999	0.00111605	-0.00428618	-0.00111605	0.99999	-0.00167226	-0.00043543	0.7803	
0.999963	-9.57e-06	0.00857187	-9.57735e-06	0.999998	0.0022337	-0.00857187	-0.0022337	0.999961	-0.00668886	-0.00174234	1.56059	
0.999917	-2.15404e-05	0.012857	-2.15699e-05	0.999994	0.00335291	-0.012857	-0.00335291	0.999912	-0.0150494	-0.00392197	2.34084	
0.999853	-3.83089e-05	0.0171415	-3.83825e-05	0.99999	0.00447367	-0.0171415	-0.00447367	0.999843	-0.0267534	-0.00697553	3.12105	
0.99977	-5.98812e-05	0.0214252	-6.00283e-05	0.999984	0.00559596	-0.0214252	-0.00559596	0.999755	-0.0418003	-0.0109042	3.9012	
0.999669	-8.62627e-05	0.0257082	-8.65202e-05	0.999977	0.00671975	-0.0257082	-0.00671975	0.999647	-0.0601895	-0.0157092	4.68127	
0.99955	-0.000117459	0.0299902	-0.000117871	0.999969	0.00784501	-0.0299902	-0.00784502	0.999519	-0.0819203	-0.0213917	5.46125	
0.999413	-0.000153476	0.0342712	-0.000154094	0.99996	0.00897174	-0.0342712	-0.00897175	0.999372	-0.106992	-0.0279528	6.24112	
0.999257	-0.000194318	0.0385512	-0.0001952	0.999949	0.0100999	-0.0385512	-0.0100999	0.999206	-0.135404	-0.0353936	7.02087	
0.999082	-0.00023999	0.04283	-0.000241204	0.999937	0.0112295	-0.04283	-0.0112295	0.999019	-0.167155	-0.0437154	7.80048	
0.99889	-0.000290499	0.0471076	-0.000292117	0.999924	0.0123604	-0.0471075	-0.0123605	0.998813	-0.202244	-0.052919	8.57994	
0.998679	-0.000345848	0.0513838	-0.000347952	0.999909	0.0134927	-0.0513838	-0.0134928	0.998588	-0.240671	-0.0630057	9.35923	
0.99845	-0.000406043	0.0556586	-0.00040872	0.999893	0.0146264	-0.0556586	-0.0146265	0.998343	-0.282434	-0.0739765	10.1383	
0.998202	-0.000471088	0.0599319	-0.000474434	0.999876	0.0157614	-0.0599319	-0.0157615	0.998078	-0.327532	-0.0858325	10.9172	
0.997937	-0.000540988	0.0642037	-0.000545106	0.999857	0.0168977	-0.0642036	-0.0168978	0.997794	-0.375963	-0.0985746	11.6959	
0.997653	-0.000615748	0.0684737	-0.000620748	0.999837	0.0180352	-0.0684737	-0.0180354	0.99749	-0.427728	-0.112204	12.4744	
0.997351	-0.000695372	0.072742	-0.000701371	0.999816	0.019174	-0.072742	-0.0191742	0.997166	-0.482823	-0.126721	13.2526	
0.99703	-0.000779864	0.0770085	-0.000786987	0.999793	0.020314	-0.0770084	-0.0203143	0.996823	-0.541249	-0.142128	14.0306	
0.996691	-0.000869229	0.0812731	-0.000877609	0.999769	0.0214552	-0.081273	-0.0214556	0.996461	-0.603002	-0.158424	14.8083	
0.996335	-0.000963471	0.0855356	-0.000973246	0.999744	0.0225976	-0.0855355	-0.0225981	0.996079	-0.668083	-0.175612	15.5857	
0.99596	-0.00106259	0.0897961	-0.00107391	0.999718	0.0237412	-0.0897959	-0.0237417	0.995677	-0.736489	-0.193692	16.3627	
0.995566	-0.0011666	0.0940544	-0.00117961	0.99969	0.0248859	-0.0940542	-0.0248865	0.995256	-0.808219	-0.212664	17.1395	
0.995155	-0.0012755	0.0983104	-0.00129037	0.99966	0.0260317	-0.0983102	-0.0260324	0.994815	-0.88327	-0.23253	17.9159	
0.994725	-0.00138929	0.102564	-0.00140618	0.99963	0.0271785	-0.102564	-0.0271794	0.994355	-0.961641	-0.253291	18.692	
0.994278	-0.00150797	0.106815	-0.00152707	0.999598	0.0283264	-0.106815	-0.0283275	0.993875	-1.04333	-0.274947	19.4677	
0.993812	-0.00163156	0.111064	-0.00165304	0.999564	0.0294754	-0.111064	-0.0294766	0.993376	-1.12834	-0.297499	20.2431	
0.993328	-0.00176005	0.11531	-0.0017841	0.999529	0.0306253	-0.11531	-0.0306267	0.992857	-1.21666	-0.320949	21.018	
0.992826	-0.00189344	0.119554	-0.00192027	0.999493	0.0317763	-0.119553	-0.0317779	0.992319	-1.30829	-0.345296	21.7925	
0.992306	-0.00203175	0.123794	-0.00206155	0.999456	0.0329282	-0.123794	-0.03293	0.991761	-1.40323	-0.370542	22.5666	
0.991768	-0.00217496	0.128032	-0.00220795	0.999417	0.034081	-0.128032	-0.0340831	0.991184	-1.50148	-0.396687	23.3403	
0.991211	-0.0023231	0.132267	-0.00235949	0.999376	0.0352348	-0.132267	-0.0352372	0.990588	-1.60304	-0.423733	24.1135	
0.990637	-0.00247615	0.136499	-0.00251618	0.999335	0.0363894	-0.136498	-0.0363921	0.989972	-1.7079	-0.451679	24.8862	
0.990045	-0.00263412	0.140728	-0.00267802	0.999291	0.0375449	-0.140727	-0.037548	0.989336	-1.81606	-0.480527	25.6584	
0.989435	-0.00279702	0.144954	-0.00284502	0.999247	0.0387012	-0.144953	-0.0387047	0.988681	-1.92752	-0.510277	26.4301	
0.988806	-0.00296485	0.149176	-0.0030172	0.999201	0.0398583	-0.149175	-0.0398623	0.988007	-2.04227	-0.54093	27.2013	
0.98816	-0.0031376	0.153395	-0.00319456	0.999153	0.0410162	-0.153394	-0.0410206	0.987313	-2.16032	-0.572487	27.972	
0.987496	-0.00331529	0.157611	-0.00337712	0.999105	0.0421749	-0.157609	-0.0421798	0.9866	-2.28166	-0.604948	28.7421	
0.986814	-0.00349791	0.161823	-0.00356488	0.999054	0.0433343	-0.161821	-0.0433398	0.985868	-2.40628	-0.638313	29.5117	
0.986114	-0.00368547	0.166031	-0.00375785	0.999003	0.0444944	-0.166029	-0.0445005	0.985116	-2.53419	-0.672584	30.2807	
0.985396	-0.00387797	0.170236	-0.00395604	0.998949	0.0456552	-0.170234	-0.0456619	0.984345	-2.66539	-0.707761	31.0491	
0.98466	-0.0040754	0.174437	-0.00415946	0.998895	0.0468167	-0.174435	-0.0468241	0.983555	-2.79986	-0.743845	31.8169	
0.983906	-0.00427778	0.178634	-0.00436813	0.998839	0.0479788	-0.178632	-0.0479869	0.982745	-2.93761	-0.780836	32.584	
0.983135	-0.00448511	0.182827	-0.00458204	0.998781	0.0491415	-0.182825	-0.0491504	0.981916	-3.07863	-0.818734	33.3505	
0.982346	-0.00469738	0.187017	-0.00480121	0.998722	0.0503047	-0.187014	-0.0503145	0.981068	-3.22293	-0.857541	34.1164	
0.981538	-0.0049146	0.191202	-0.00502564	0.998662	0.0514685	-0.191199	-0.0514793	0.9802	-3.37049	-0.897256	34.8816	
0.980714	-0.00513676	0.195383	-0.00525535	0.9986	0.0526329	-0.19538	-0.0526446	0.979314	-3.52131	-0.93788	35.6461	
0.979871	-0.00536388	0.19956	-0.00549034	0.998537	0.0537978	-0.199556	-0.0538105	0.978408	-3.6754	-0.979413	36.4099	
0.979011	-0.00559595	0.203732	-0.00573061	0.998472	0.0549631	-0.203728	-0.054977	0.977483	-3.83274	-1.02186	37.173	
0.978133	-0.00583298	0.2079	-0.00597619	0.998406	0.0561289	-0.207896	-0.0561439	0.976538	-3.99334	-1.06521	37.9354	
0.977237	-0.00607495	0.212063	-0.00622708	0.998338	0.0572951	-0.212059	-0.0573114	0.975575	-4.15718	-1.10948	38.697	
0.976324	-0.00632189	0.216222	-0.00648327	0.998269	0.0584617	-0.216217	-0.0584794	0.974592	-4.32428	-1.15465	39.4579	
0.975393	-0.00657377	0.220376	-0.00674479	0.998198	0.0596287	-0.220371	-0.0596478	0.973591	-4.49461	-1.20074	40.2179	
0.974444	-0.00683062	0.224526	-0.00701164	0.998126	0.060796	-0.22452	-0.0608166	0.97257	-4.66819	-1.24774	40.9772	
0.973478	-0.00709242	0.22867	-0.00728383	0.998052	0.0619636	-0.228664	-0.0619858	0.97153	-4.845	-1.29565	41.7357	
0.973132	-0.00718735	0.230135	-0.00774243	0.997926	0.0639055	-0.230117	-0.0639703	0.971058	-5.02399	-1.34479	42.4936	
0.972784	-0.00728537	0.231599	-0.00820572	0.997796	0.0658538	-0.231569	-0.065962	0.97058	-5.20412	-1.39549	43.2512	
0.972433	-0.00738649	0.233065	-0.00867366	0.997661	0.0678085	-0.23302	-0.0679608	0.970094	-5.38538	-1.44774	44.0083	
0.97208	-0.00749072	0.23453	-0.00914623	0.997521	0.0697693	-0.234472	-0.0699664	0.969602	-5.56777	-1.50155	44.7651	
0.971724	-0.00759808	0.235997	-0.0096234	0.997377	0.0717359	-0.235923	-0.0719786	0.969102	-5.7513	-1.55693	45.5215	
0.971366	-0.00770859	0.237464	-0.0101051	0.997229	0.0737082	-0.237374	-0.0739972	0.968596	-5.93596	-1.61388	46.2775	
0.971005	-0.00782225	0.238931	-0.0105914	0.997075	0.0756858	-0.238824	-0.0760219	0.968082	-6.12174	-1.67241	47.0331	
0.970642	-0.00793907	0.240399	-0.0110822	0.996918	0.0776686	-0.240274	-0.0780525	0.967562	-6.30867	-1.73252	47.7883	
0.970276	-0.00805907	0.241867	-0.0115774	0.996755	0.0796563	-0.241724	-0.0800888	0.967034	-6.49672	-1.79422	48.5431	
0.969908	-0.00818226	0.243335	-0.0120771	0.996588	0.0816488	-0.243173	-0.0821306	0.9665	-6.6859	-1.85751	49.2974	
0.969537	-0.00830865	0.244804	-0.0125811	0.996416	0.0836457	-0.244621	-0.0841775	0.965958	-6.87622	-1.9224	50.0514	
0.969164	-0.00843825	0.246272	-0.0130896	0.99624	0.0856469	-0.246069	-0.0862294	0.965409	-7.06766	-1.98888	50.8049	
0.968788	-0.00857107	0.247741	-0.0136023	0.996058	0.087652	-0.247516	-0.0882861	0.964853	-7.26023	-2.05697	51.558	
0.96841	-0.00870711	0.249211	-0.0141193	0.995872	0.089661	-0.248963	-0.0903473	0.96429	-7.45393	-2.12666	52.3107	
0.96803	-0.00884638	0.25068	-0.0146406	0.995681	0.0916735	-0.250408	-0.0924128	0.96372	-7.64876	-2.19797	53.0629	
0.967647	-0.0089889	0.252149	-0.015166	0.995486	0.0936893	-0.251853	-0.0944823	0.963142	-7.84472	-2.27089	53.8147	
0.967261	-0.00913466	0.253619	-0.0156957	0.995286	0.0957083	-0.253297	-0.0965556	0.962558	-8.04181	-2.34542	54.566	
0.966873	-0.00928368	0.255088	-0.0162294	0.995081	0.0977301	-0.25474	-0.0986325	0.961966	-8.24002	-2.42157	55.3168	
0.966483	-0.00943595	0.256557	-0.0167671	0.994871	0.0997545	-0.256182	-0.100713	0.961368	-8.43936	-2.49935	56.0672	
0.96609	-0.00959149	0.258026	-0.0173089	0.994656	0.101781	-0.257623	-0.102796	0.960762	-8.63982	-2.57875	56.8171	
0.965695	-0.00975029	0.259495	-0.0178547	0.994437	0.10381	-0.259063	-0.104882	0.960149	-8.84141	-2.65977	57.5666	
0.965298	-0.00991236	0.260963	-0.0184044	0.994213	0.105841	-0.260502	-0.106971	0.959529	-9.04412	-2.74243	58.3156	
0.964898	-0.0100777	0.262432	-0.0189579	0.993984	0.107874	-0.26194	-0.109062	0.958902	-9.24795	-2.82671	59.064	
0.964496	-0.0102463	0.2639	-0.0195153	0.99375	0.109908	-0.263377	-0.111156	0.958268	-9.4529	-2.91263	59.812	
0.964091	-0.0104182	0.265367	-0.0200764	0.993512	0.111943	-0.264812	-0.113251	0.957627	-9.65897	-3.00019	60.5595	
0.963684	-0.0105934	0.266834	-0.0206413	0.993269	0.11398	-0.266246	-0.115348	0.956979	-9.86617	-3.08937	61.3065	
0.963275	-0.0107718	0.268301	-0.0212098	0.993021	0.116017	-0.267678	-0.117447	0.956323	-10.0745	-3.1802	62.053	
0.962863	-0.0109536	0.269767	-0.0217819	0.992768	0.118055	-0.269109	-0.119547	0.955661	-10.2839	-3.27266	62.7989	
0.962449	-0.0111385	0.271233	-0.0223575	0.992511	0.120093	-0.270539	-0.121648	0.954992	-10.4945	-3.36677	63.5444	
0.962033	-0.0113268	0.272697	-0.0229367	0.992249	0.122131	-0.271967	-0.123749	0.954317	-10.7061	-3.46251	64.2893	
0.961615	-0.0115183	0.274161	-0.0235192	0.991982	0.124169	-0.273393	-0.125851	0.953634	-10.9189	-3.55989	65.0337	
0.961194	-0.0117131	0.275625	-0.0241052	0.991711	0.126207	-0.274818	-0.127953	0.952944	-11.1328	-3.65891	65.7775	
0.960771	-0.0119112	0.277087	-0.0246944	0.991435	0.128244	-0.276242	-0.130056	0.952248	-11.3478	-3.75958	66.5209	
0.960346	-0.0121125	0.278549	-0.0252869	0.991155	0.130281	-0.277663	-0.132158	0.951545	-11.5639	-3.86188	67.2636	
0.959918	-0.0123171	0.28001	-0.0258826	0.99087	0.132316	-0.279083	-0.13426	0.950835	-11.7811	-3.96582	68.0058	
0.959489	-0.0125249	0.281469	-0.0264814	0.99058	0.13435	-0.280501	-0.136361	0.950118	-11.9994	-4.07141	68.7475	
0.959057	-0.0127359	0.282928	-0.0270832	0.990286	0.136383	-0.281916	-0.138462	0.949395	-12.2188	-4.17863	69.4886	
0.958623	-0.0129502	0.284386	-0.027688	0.989987	0.138414	-0.283331	-0.140561	0.948666	-12.4394	-4.28749	70.2291	
0.963697	-0.0102915	0.266799	-0.029389	0.989096	0.144308	-0.265375	-0.146911	0.952887	-12.6535	-4.39965	70.9711	
0.968439	-0.00751595	0.249138	-0.0309782	0.988166	0.150228	-0.247319	-0.153205	0.956745	-12.8535	-4.51674	71.7161	
0.972846	-0.00462448	0.231409	-0.0324553	0.987197	0.15617	-0.229168	-0.15944	0.96024	-13.0394	-4.63873	72.4641	
0.976916	-0.00161824	0.213619	-0.0338195	0.986189	0.162133	-0.210931	-0.165615	0.963369	-13.2111	-4.76555	73.2146	
0.980648	0.00150165	0.195774	-0.0350705	0.985143	0.168115	-0.192613	-0.171727	0.966132	-13.3686	-4.89717	73.9674	
0.984041	0.00473398	0.177881	-0.0362076	0.98406	0.174112	-0.174222	-0.177774	0.968526	-13.5117	-5.03353	74.7222	
0.987092	0.00807752	0.159948	-0.0372305	0.982939	0.180123	-0.155764	-0.183753	0.970553	-13.6404	-5.17459	75.4788	
