1	0	0	0	1	0	0	0	1	0	0	0	
0.999989	3.32261e-07	-0.00476517	3.32261e-07	1	0.000139453	0.00476517	-0.000139453	0.999989	0.00207815	-6.08173e-05	0.872219	
0.999955	1.33306e-06	-0.0095312	1.34055e-06	1	0.000280505	0.0095312	-0.000280505	0.999955	0.00831296	-0.000243966	1.74442	
0.999898	3.01026e-06	-0.014298	3.04025e-06	1	0.000423152	0.014298	-0.000423152	0.999898	0.0187051	-0.000550839	2.61658	
0.999818	5.37174e-06	-0.0190653	5.44673e-06	1	0.00056739	0.0190653	-0.000567391	0.999818	0.0332553	-0.000982827	3.48868	
0.999716	8.42534e-06	-0.0238332	8.57534e-06	1	0.000713217	0.0238332	-0.000713219	0.999716	0.0519638	-0.00154132	4.3607	
0.999591	1.21789e-05	-0.0286014	1.24414e-05	1	0.000860629	0.0286014	-0.000860632	0.999591	0.0748312	-0.00222769	5.23262	
0.999443	1.66402e-05	-0.0333699	1.70603e-05	0.999999	0.00100962	0.0333699	-0.00100963	0.999443	0.101858	-0.00304333	6.10442	
0.999272	2.1817e-05	-0.0381385	2.24473e-05	0.999999	0.00116019	0.0381385	-0.0011602	0.999272	0.133043	-0.00398962	6.97608	
0.999079	2.77171e-05	-0.042907	2.86177e-05	0.999999	0.00131234	0.042907	-0.00131236	0.999078	0.168388	-0.00506794	7.84759	
0.998863	3.43484e-05	-0.0476754	3.55867e-05	0.999999	0.00146605	0.0476754	-0.00146608	0.998862	0.207892	-0.00627965	8.71891	
0.998624	4.17184e-05	-0.0524436	4.33697e-05	0.999999	0.00162133	0.0524436	-0.00162137	0.998623	0.251555	-0.00762612	9.59004	
0.998362	4.98349e-05	-0.0572114	5.19819e-05	0.999998	0.00177817	0.0572114	-0.00177823	0.998361	0.299377	-0.00910873	10.4609	
0.998077	5.87056e-05	-0.0619786	6.14385e-05	0.999998	0.00193657	0.0619786	-0.00193665	0.998076	0.351357	-0.0107288	11.3316	
0.99777	6.83382e-05	-0.0667452	7.17546e-05	0.999998	0.00209652	0.0667452	-0.00209663	0.997768	0.407495	-0.0124878	12.202	
0.99744	7.87403e-05	-0.0715111	8.29454e-05	0.999997	0.00225801	0.0715111	-0.00225817	0.997437	0.467791	-0.014387	13.0722	
0.997087	8.99195e-05	-0.0762761	9.50262e-05	0.999997	0.00242106	0.0762761	-0.00242125	0.997084	0.532242	-0.0164277	13.942	
0.996711	0.000101884	-0.08104	0.000108012	0.999997	0.00258563	0.08104	-0.00258588	0.996707	0.60085	-0.0186114	14.8115	
0.996312	0.00011464	-0.0858028	0.000121918	0.999996	0.00275175	0.0858028	-0.00275206	0.996308	0.673612	-0.0209393	15.6807	
0.995891	0.000128196	-0.0905644	0.000136759	0.999996	0.00291939	0.0905644	-0.00291978	0.995886	0.750528	-0.0234129	16.5495	
0.995446	0.00014256	-0.0953246	0.00015255	0.999995	0.00308855	0.0953246	-0.00308903	0.995441	0.831596	-0.0260334	17.418	
0.994979	0.000157739	-0.100083	0.000169307	0.999995	0.00325923	0.100083	-0.00325981	0.994974	0.916816	-0.0288022	18.286	
0.994489	0.00017374	-0.10484	0.000187043	0.999994	0.00343142	0.10484	-0.00343212	0.994483	1.00619	-0.0317206	19.1536	
0.993976	0.000190571	-0.109596	0.000205775	0.999993	0.00360512	0.109596	-0.00360596	0.99397	1.0997	-0.03479	20.0208	
0.993441	0.00020824	-0.114349	0.000225517	0.999993	0.00378032	0.114349	-0.00378131	0.993433	1.19737	-0.0380117	20.8875	
0.992882	0.000226753	-0.1191	0.000246284	0.999992	0.00395702	0.1191	-0.00395818	0.992874	1.29918	-0.041387	21.7538	
0.992301	0.000246119	-0.12385	0.00026809	0.999991	0.0041352	0.12385	-0.00413657	0.992292	1.40513	-0.0449172	22.6195	
0.991697	0.000266344	-0.128597	0.000290952	0.999991	0.00431487	0.128597	-0.00431646	0.991688	1.51523	-0.0486037	23.4848	
0.99107	0.000287436	-0.133341	0.000314882	0.99999	0.00449601	0.133341	-0.00449785	0.99106	1.62946	-0.0524477	24.3495	
0.990421	0.000309403	-0.138083	0.000339897	0.999989	0.00467863	0.138083	-0.00468074	0.99041	1.74783	-0.0564506	25.2136	
0.989748	0.000332251	-0.142823	0.000366011	0.999988	0.00486271	0.142823	-0.00486513	0.989736	1.87034	-0.0606137	26.0772	
0.989053	0.000355988	-0.14756	0.000393238	0.999987	0.00504824	0.147559	-0.00505101	0.98904	1.99698	-0.0649382	26.9402	
0.988335	0.000380621	-0.152293	0.000421593	0.999986	0.00523523	0.152293	-0.00523837	0.988321	2.12775	-0.0694255	27.8025	
0.987595	0.000406157	-0.157024	0.000451091	0.999985	0.00542366	0.157024	-0.00542721	0.98758	2.26264	-0.0740769	28.6642	
0.986831	0.000432605	-0.161752	0.000481747	0.999984	0.00561353	0.161752	-0.00561753	0.986815	2.40167	-0.0788937	29.5253	
0.986045	0.000459969	-0.166477	0.000513574	0.999983	0.00580483	0.166476	-0.00580932	0.986028	2.54481	-0.0838771	30.3857	
0.985237	0.000488259	-0.171198	0.000546587	0.999982	0.00599755	0.171198	-0.00600258	0.985218	2.69207	-0.0890284	31.2453	
0.984405	0.000517481	-0.175915	0.000580801	0.999981	0.00619169	0.175915	-0.0061973	0.984386	2.84345	-0.0943489	32.1043	
0.983551	0.000547641	-0.18063	0.00061623	0.999979	0.00638724	0.180629	-0.00639348	0.98353	2.99895	-0.0998399	32.9625	
0.982674	0.000578748	-0.18534	0.000652888	0.999978	0.00658419	0.18534	-0.00659112	0.982652	3.15855	-0.105503	33.82	
0.981775	0.000610808	-0.190046	0.00069079	0.999977	0.00678253	0.190046	-0.0067902	0.981752	3.32226	-0.111338	34.6767	
0.980853	0.000643829	-0.194749	0.00072995	0.999975	0.00698226	0.194749	-0.00699072	0.980828	3.49007	-0.117348	35.5326	
0.979908	0.000677816	-0.199447	0.000770382	0.999974	0.00718336	0.199447	-0.00719269	0.979882	3.66199	-0.123534	36.3877	
0.978941	0.000712778	-0.204141	0.0008121	0.999972	0.00738584	0.204141	-0.00739609	0.978914	3.838	-0.129896	37.242	
0.977951	0.00074872	-0.208831	0.000855118	0.999971	0.00758968	0.208831	-0.00760091	0.977922	4.0181	-0.136437	38.0954	
0.976939	0.000785651	-0.213517	0.000899451	0.999969	0.00779487	0.213516	-0.00780716	0.976908	4.20229	-0.143156	38.9479	
0.975904	0.000823576	-0.218198	0.000945112	0.999968	0.00800141	0.218197	-0.00801483	0.975872	4.39057	-0.150056	39.7995	
0.974847	0.000862503	-0.222874	0.000992115	0.999966	0.00820929	0.222873	-0.00822391	0.974813	4.58292	-0.157138	40.6502	
0.973767	0.000902438	-0.227545	0.00104047	0.999964	0.00841849	0.227544	-0.00843441	0.973731	4.77935	-0.164403	41.5	
0.972665	0.000943389	-0.232211	0.0010902	0.999962	0.00862902	0.232211	-0.0086463	0.972627	4.97986	-0.171852	42.3489	
0.97154	0.000985361	-0.236872	0.00114131	0.99996	0.00884085	0.236872	-0.00885959	0.971501	5.18443	-0.179487	43.1967	
0.970393	0.00102836	-0.241529	0.00119382	0.999958	0.00905399	0.241528	-0.00907428	0.970351	5.39307	-0.187308	44.0436	
0.969224	0.0010724	-0.246179	0.00124775	0.999956	0.00926843	0.246179	-0.00929035	0.96918	5.60576	-0.195317	44.8894	
0.968032	0.00111748	-0.250825	0.00130309	0.999954	0.00948415	0.250824	-0.0095078	0.967986	5.82251	-0.203515	45.7343	
0.966818	0.0011636	-0.255465	0.00135987	0.999952	0.00970114	0.255464	-0.00972664	0.96677	6.04331	-0.211904	46.578	
0.965581	0.00121079	-0.260099	0.00141811	0.99995	0.0099194	0.260098	-0.00994684	0.965531	6.26815	-0.220483	47.4207	
0.964323	0.00125903	-0.264727	0.00147781	0.999948	0.0101389	0.264726	-0.0101684	0.96427	6.49703	-0.229256	48.2623	
0.963042	0.00130834	-0.269349	0.00153899	0.999945	0.0103597	0.269348	-0.0103913	0.962987	6.72995	-0.238222	49.1028	
0.961738	0.00135873	-0.273966	0.00160166	0.999943	0.0105817	0.273965	-0.0106156	0.961681	6.96689	-0.247384	49.9422	
0.960955	0.00139286	-0.2767	0.00236583	0.999909	0.0132497	0.276693	-0.013387	0.960865	7.20704	-0.257851	50.7806	
0.960163	0.00143498	-0.279438	0.00313932	0.999868	0.0159214	0.279424	-0.0161644	0.960032	7.44957	-0.270739	51.6184	
0.95936	0.00148514	-0.28218	0.00392209	0.999819	0.0185966	0.282156	-0.0189475	0.959181	7.69448	-0.286052	52.4554	
0.958549	0.00154338	-0.284924	0.00471407	0.999763	0.0212747	0.28489	-0.021736	0.958314	7.94178	-0.303794	53.2916	
0.957728	0.00160974	-0.287672	0.00551521	0.999698	0.0239555	0.287624	-0.0245294	0.957429	8.19146	-0.323971	54.1271	
0.956897	0.00168426	-0.290423	0.00632544	0.999625	0.0266385	0.290359	-0.0273273	0.956528	8.44352	-0.346587	54.9618	
0.956057	0.00176698	-0.293176	0.0071447	0.999544	0.0293234	0.293094	-0.0301295	0.955609	8.69797	-0.371644	55.7957	
0.955208	0.00185793	-0.29593	0.00797292	0.999456	0.0320099	0.295829	-0.0329356	0.954673	8.95481	-0.399148	56.6288	
0.954349	0.00195713	-0.298687	0.00881003	0.999359	0.0346976	0.298563	-0.0357451	0.95372	9.21403	-0.4291	57.4611	
0.953481	0.00206461	-0.301445	0.00965595	0.999254	0.0373861	0.301297	-0.0385577	0.95275	9.47564	-0.461504	58.2925	
0.952605	0.00218039	-0.304203	0.0105106	0.999141	0.0400751	0.304029	-0.0413731	0.951764	9.73963	-0.496363	59.1231	
0.951719	0.00230448	-0.306963	0.0113739	0.99902	0.0427641	0.30676	-0.0441908	0.95076	10.006	-0.533679	59.9528	
0.950824	0.00243691	-0.309722	0.0122458	0.998891	0.045453	0.30949	-0.0470106	0.94974	10.2748	-0.573453	60.7816	
0.94992	0.00257768	-0.312482	0.0131261	0.998754	0.0481412	0.312217	-0.049832	0.948703	10.5459	-0.615687	61.6096	
0.949008	0.0027268	-0.315241	0.0140149	0.998609	0.0508285	0.314941	-0.0526548	0.947649	10.8194	-0.660382	62.4366	
0.948086	0.00288428	-0.318	0.0149119	0.998456	0.0535146	0.317663	-0.0554784	0.946579	11.0953	-0.707541	63.2627	
0.947157	0.0030501	-0.320757	0.0158172	0.998294	0.056199	0.320381	-0.0583027	0.945493	11.3735	-0.757162	64.0878	
0.946218	0.00322427	-0.323513	0.0167305	0.998125	0.0588814	0.323096	-0.0611272	0.94439	11.6542	-0.809247	64.912	
0.945271	0.00340678	-0.326268	0.0176518	0.997947	0.0615615	0.325808	-0.0639515	0.943271	11.9372	-0.863795	65.7353	
0.944316	0.00359762	-0.32902	0.018581	0.997762	0.0642389	0.328515	-0.0667753	0.942135	12.2225	-0.920806	66.5575	
0.943353	0.00379677	-0.33177	0.0195179	0.997568	0.0669133	0.331217	-0.0695983	0.940984	12.5102	-0.980281	67.3788	
0.942381	0.00400422	-0.334517	0.0204626	0.997366	0.0695844	0.333915	-0.0724201	0.939817	12.8003	-1.04222	68.199	
0.941402	0.00421994	-0.337262	0.0214147	0.997156	0.0722519	0.336607	-0.0752404	0.938634	13.0927	-1.10661	69.0182	
0.940414	0.00444391	-0.340002	0.0223743	0.996939	0.0749153	0.339295	-0.0780587	0.937436	13.3875	-1.17347	69.8364	
0.94467	0.00333374	-0.328007	0.0282595	0.995404	0.0915052	0.326804	-0.0957115	0.940233	13.678	-1.24925	70.6553	
0.948764	0.00199831	-0.315978	0.0339227	0.993557	0.108141	0.314158	-0.113319	0.942583	13.9575	-1.34042	71.4764	
0.952697	0.000438241	-0.303922	0.039361	0.991399	0.124814	0.301363	-0.130872	0.944486	14.226	-1.44692	72.2994	
0.956465	-0.00134572	-0.291845	0.044572	0.988932	0.141516	0.288424	-0.148364	0.945939	14.4832	-1.5687	73.1239	
0.960067	-0.00335272	-0.279751	0.0495532	0.986156	0.158241	0.275348	-0.165784	0.946942	14.7291	-1.70571	73.9494	
0.9635	-0.0055818	-0.267648	0.0543021	0.983074	0.174979	0.262141	-0.183126	0.947495	14.9635	-1.85788	74.7757	
0.966765	-0.00803192	-0.255541	0.0588166	0.979685	0.191723	0.24881	-0.200381	0.947598	15.1863	-2.02514	75.6022	
0.969858	-0.0107019	-0.243436	0.0630944	0.975993	0.208464	0.23536	-0.21754	0.94725	15.3975	-2.2074	76.4286	
0.972779	-0.0135905	-0.231337	0.0671336	0.971998	0.225196	0.221799	-0.234596	0.946451	15.5969	-2.40459	77.2545	
0.975525	-0.0166963	-0.219252	0.0709322	0.967703	0.24191	0.208132	-0.251541	0.945203	15.7844	-2.61661	78.0795	
0.978097	-0.0200178	-0.207186	0.0744885	0.963109	0.258597	0.194366	-0.268366	0.943505	15.9599	-2.84336	78.9032	
0.980492	-0.0235535	-0.195144	0.0778006	0.958219	0.275251	0.180507	-0.285063	0.941359	16.1234	-3.08472	79.7252	
0.982709	-0.0273017	-0.183132	0.0808671	0.953036	0.291862	0.166563	-0.301625	0.938765	16.2748	-3.3406	80.5452	
0.984748	-0.0312606	-0.171157	0.0836865	0.947561	0.308424	0.15254	-0.318044	0.935724	16.414	-3.61085	81.3627	
0.986607	-0.0354283	-0.159223	0.0862575	0.941797	0.324928	0.138444	-0.334311	0.932239	16.5409	-3.89536	82.1774	
0.988285	-0.0398028	-0.147336	0.0885788	0.935747	0.341367	0.124282	-0.350419	0.928311	16.6555	-4.19399	82.9888	
0.989782	-0.0443821	-0.135503	0.0906493	0.929414	0.357732	0.110061	-0.366361	0.923941	16.7577	-4.5066	83.7967	
