1	0	0	0	1	0	0	0	1	0	0	0	
0.999996	4.89968e-06	0.00274724	4.89968e-06	0.999994	-0.00356696	-0.00274724	0.00356696	0.99999	-0.00121753	0.00158081	0.886361	
0.999985	1.96171e-05	0.00549769	1.96075e-05	0.999975	-0.00713458	-0.00549769	0.00713458	0.999959	-0.00487154	0.00632355	1.7727	
0.999966	4.4177e-05	0.00825128	4.41384e-05	0.999943	-0.0107028	-0.00825128	0.0107028	0.999909	-0.0109648	0.0142287	2.65901	
0.999939	7.86036e-05	0.0110079	7.85072e-05	0.999898	-0.0142714	-0.0110079	0.0142714	0.999838	-0.0195002	0.0252968	3.54526	
0.999905	0.000122921	0.0137675	0.000122728	0.999841	-0.0178403	-0.0137675	0.0178403	0.999746	-0.0304802	0.0395282	4.43144	
0.999863	0.000177151	0.01653	0.000176813	0.999771	-0.0214095	-0.01653	0.0214095	0.999634	-0.0439076	0.056923	5.31753	
0.999814	0.000241318	0.0192953	0.000240777	0.999688	-0.0249788	-0.0192953	0.0249788	0.999502	-0.0597847	0.0774816	6.20352	
0.999757	0.000315443	0.0220634	0.000314631	0.999592	-0.0285482	-0.0220634	0.0285482	0.999349	-0.0781142	0.101204	7.08937	
0.999692	0.000399548	0.024834	0.000398387	0.999484	-0.0321174	-0.0248341	0.0321174	0.999176	-0.0988983	0.12809	7.97508	
0.999619	0.000493653	0.0276073	0.000492056	0.999363	-0.0356865	-0.0276073	0.0356865	0.998982	-0.122139	0.158139	8.86063	
0.999538	0.00059778	0.0303831	0.00059565	0.999229	-0.0392552	-0.0303831	0.0392552	0.998767	-0.14784	0.191352	9.746	
0.99945	0.000711948	0.0331612	0.000709177	0.999082	-0.0428236	-0.0331613	0.0428235	0.998532	-0.176002	0.227728	10.6312	
0.999354	0.000836176	0.0359417	0.000832649	0.998923	-0.0463914	-0.0359418	0.0463914	0.998277	-0.206627	0.267266	11.5161	
0.999249	0.000970484	0.0387244	0.000966073	0.998751	-0.0499587	-0.0387245	0.0499586	0.998	-0.239718	0.309967	12.4008	
0.999137	0.00111489	0.0415093	0.00110946	0.998566	-0.0535252	-0.0415094	0.053525	0.997703	-0.275276	0.355829	13.2853	
0.999018	0.00126941	0.0442963	0.00126281	0.998368	-0.0570908	-0.0442965	0.0570907	0.997386	-0.313304	0.404852	14.1695	
0.99889	0.00143406	0.0470852	0.00142614	0.998158	-0.0606556	-0.0470855	0.0606554	0.997048	-0.353802	0.457035	15.0534	
0.998754	0.00160887	0.0498761	0.00159946	0.997935	-0.0642193	-0.0498764	0.064219	0.996689	-0.396774	0.512377	15.937	
0.99861	0.00179383	0.0526689	0.00178276	0.997699	-0.0677818	-0.0526692	0.0677815	0.996309	-0.442221	0.570878	16.8202	
0.998459	0.00198898	0.0554633	0.00197606	0.99745	-0.0713431	-0.0554638	0.0713428	0.995909	-0.490143	0.632535	17.7031	
0.998299	0.00219433	0.0582595	0.00217936	0.997188	-0.0749031	-0.0582601	0.0749027	0.995487	-0.540544	0.697349	18.5857	
0.998131	0.00240989	0.0610573	0.00239267	0.996914	-0.0784616	-0.0610579	0.0784611	0.995046	-0.593424	0.765317	19.4679	
0.997956	0.00263567	0.0638565	0.00261599	0.996627	-0.0820185	-0.0638573	0.0820179	0.994583	-0.648784	0.836438	20.3496	
0.997772	0.00287169	0.0666572	0.00284932	0.996328	-0.0855738	-0.0666582	0.0855731	0.9941	-0.706626	0.910712	21.231	
0.99758	0.00311796	0.0694592	0.00309266	0.996015	-0.0891273	-0.0694604	0.0891265	0.993595	-0.766951	0.988135	22.1119	
0.99738	0.0033745	0.0722625	0.00334603	0.99569	-0.092679	-0.0722639	0.0926779	0.99307	-0.829761	1.06871	22.9924	
0.997172	0.00364131	0.075067	0.00360942	0.995353	-0.0962286	-0.0750685	0.0962274	0.992525	-0.895056	1.15243	23.8723	
0.996956	0.00391841	0.0778726	0.00388283	0.995002	-0.0997762	-0.0778744	0.0997748	0.991958	-0.962838	1.23929	24.7518	
0.996731	0.00420581	0.0806792	0.00416626	0.994639	-0.103322	-0.0806812	0.10332	0.991371	-1.03311	1.3293	25.6308	
0.996499	0.00450351	0.0834867	0.00445972	0.994264	-0.106865	-0.083489	0.106863	0.990762	-1.10586	1.42245	26.5092	
0.996258	0.00481154	0.0862951	0.0047632	0.993875	-0.110406	-0.0862977	0.110403	0.990133	-1.18111	1.51874	27.3871	
0.996009	0.00512989	0.0891042	0.00507671	0.993474	-0.113944	-0.0891072	0.113941	0.989483	-1.25885	1.61816	28.2645	
0.995752	0.00545858	0.091914	0.00540025	0.993061	-0.117479	-0.0919175	0.117477	0.988813	-1.33907	1.72072	29.1412	
0.995487	0.00579761	0.0947244	0.0057338	0.992634	-0.121012	-0.0947283	0.121009	0.988121	-1.42179	1.82642	30.0174	
0.995213	0.006147	0.0975354	0.00607737	0.992196	-0.124543	-0.0975397	0.124539	0.987409	-1.507	1.93524	30.8929	
0.994931	0.00650674	0.100347	0.00643096	0.991744	-0.12807	-0.100352	0.128066	0.986676	-1.5947	2.04719	31.7678	
0.994641	0.00687686	0.103158	0.00679457	0.99128	-0.131594	-0.103164	0.13159	0.985922	-1.6849	2.16227	32.642	
0.994343	0.00725734	0.10597	0.00716818	0.990804	-0.135115	-0.105977	0.135111	0.985147	-1.77759	2.28046	33.5155	
0.994036	0.0076482	0.108783	0.00755181	0.990315	-0.138633	-0.108789	0.138628	0.984351	-1.87277	2.40178	34.3884	
0.993721	0.00804945	0.111595	0.00794543	0.989814	-0.142148	-0.111602	0.142142	0.983535	-1.97044	2.52621	35.2605	
0.993398	0.00846108	0.114407	0.00834905	0.9893	-0.145659	-0.114415	0.145653	0.982697	-2.07061	2.65376	36.1319	
0.993066	0.00888311	0.117219	0.00876267	0.988773	-0.149167	-0.117229	0.14916	0.981839	-2.17327	2.78441	37.0026	
0.992726	0.00931553	0.120032	0.00918627	0.988234	-0.152671	-0.120042	0.152663	0.980961	-2.27842	2.91818	37.8724	
0.992378	0.00975835	0.122843	0.00961985	0.987683	-0.156172	-0.122854	0.156163	0.980061	-2.38607	3.05504	38.7415	
0.992021	0.0102116	0.125655	0.0100634	0.987119	-0.159668	-0.125667	0.159659	0.979141	-2.49621	3.19501	39.6098	
0.991656	0.0106752	0.128466	0.0105169	0.986543	-0.163161	-0.128479	0.163151	0.9782	-2.60884	3.33807	40.4773	
0.991283	0.0111492	0.131277	0.0109804	0.985955	-0.16665	-0.131291	0.166639	0.977238	-2.72397	3.48423	41.3439	
0.990901	0.0116336	0.134087	0.0114538	0.985354	-0.170135	-0.134102	0.170123	0.976256	-2.84159	3.63348	42.2096	
0.990511	0.0121285	0.136896	0.0119372	0.984741	-0.173615	-0.136913	0.173602	0.975252	-2.9617	3.78581	43.0745	
0.990113	0.0126337	0.139705	0.0124305	0.984116	-0.177092	-0.139723	0.177077	0.974228	-3.0843	3.94122	43.9385	
0.989706	0.0131494	0.142513	0.0129337	0.983478	-0.180563	-0.142533	0.180548	0.973184	-3.20939	4.09972	44.8016	
0.98929	0.0136754	0.14532	0.0134468	0.982828	-0.184031	-0.145341	0.184014	0.972119	-3.33697	4.26129	45.6637	
0.988866	0.0142119	0.148126	0.0139698	0.982166	-0.187494	-0.148149	0.187475	0.971033	-3.46704	4.42592	46.5248	
0.988434	0.0147587	0.150931	0.0145027	0.981492	-0.190952	-0.150956	0.190932	0.969926	-3.5996	4.59363	47.385	
0.987993	0.015316	0.153735	0.0150455	0.980806	-0.194405	-0.153762	0.194384	0.968799	-3.73464	4.76439	48.2443	
0.987544	0.0158836	0.156537	0.0155981	0.980107	-0.197854	-0.156566	0.197831	0.967652	-3.87217	4.93822	49.1025	
0.987087	0.0164617	0.159339	0.0161606	0.979397	-0.201297	-0.15937	0.201273	0.966484	-4.01219	5.11509	49.9596	
0.986621	0.0170501	0.162139	0.0167329	0.978674	-0.204736	-0.162172	0.20471	0.965295	-4.15469	5.29502	50.8158	
0.986146	0.0176489	0.164937	0.0173151	0.97794	-0.208169	-0.164972	0.208141	0.964086	-4.29968	5.47798	51.6708	
0.985126	0.0189211	0.170788	0.0177867	0.977351	-0.210874	-0.17091	0.210775	0.962478	-4.44853	5.66364	52.5247	
0.984069	0.0202102	0.176633	0.0182761	0.976755	-0.213581	-0.176843	0.213406	0.960825	-4.60265	5.85163	53.377	
0.982976	0.0215159	0.18247	0.0187833	0.976149	-0.216288	-0.182772	0.216034	0.959127	-4.76203	6.04195	54.2279	
0.981846	0.0228383	0.1883	0.0193083	0.975534	-0.218997	-0.188695	0.218657	0.957384	-4.92666	6.2346	55.0773	
0.980679	0.0241773	0.194123	0.0198511	0.974911	-0.221706	-0.194613	0.221276	0.955595	-5.09653	6.42957	55.9251	
0.979476	0.0255328	0.199937	0.0204117	0.97428	-0.224415	-0.200525	0.22389	0.953763	-5.27165	6.62686	56.7713	
0.978236	0.0269049	0.205742	0.0209901	0.97364	-0.227124	-0.20643	0.226499	0.951885	-5.45201	6.82647	57.6158	
0.97696	0.0282934	0.211538	0.0215862	0.972991	-0.229831	-0.212328	0.229102	0.949963	-5.63759	7.02838	58.4587	
0.975647	0.0296982	0.217325	0.0222	0.972334	-0.232537	-0.218218	0.231698	0.947996	-5.8284	7.2326	59.2998	
0.974298	0.0311194	0.223101	0.0228314	0.971669	-0.23524	-0.224101	0.234288	0.945985	-6.02443	7.43912	60.1392	
0.972913	0.0325568	0.228867	0.0234804	0.970996	-0.237941	-0.229975	0.23687	0.94393	-6.22567	7.64793	60.9768	
0.971492	0.0340103	0.234621	0.0241469	0.970314	-0.24064	-0.23584	0.239445	0.941831	-6.43211	7.85902	61.8125	
0.970034	0.0354798	0.240364	0.0248309	0.969625	-0.243334	-0.241696	0.242011	0.939688	-6.64375	8.0724	62.6464	
0.968541	0.0369654	0.246095	0.0255322	0.968927	-0.246025	-0.247543	0.244569	0.937501	-6.86057	8.28804	63.4783	
0.967011	0.0384668	0.251814	0.0262508	0.968222	-0.248712	-0.253379	0.247117	0.935271	-7.08257	8.50595	64.3083	
0.965445	0.0399839	0.25752	0.0269865	0.967509	-0.251394	-0.259204	0.249657	0.932998	-7.30974	8.72611	65.1363	
0.963844	0.0415168	0.263212	0.0277394	0.966788	-0.25407	-0.265019	0.252186	0.930681	-7.54207	8.94852	65.9623	
0.962207	0.0430652	0.268891	0.0285092	0.96606	-0.256741	-0.270821	0.254704	0.928322	-7.77954	9.17316	66.7861	
0.960535	0.0446292	0.274556	0.0292959	0.965324	-0.259406	-0.276612	0.257212	0.92592	-8.02216	9.40003	67.6079	
0.958827	0.0462084	0.280206	0.0300994	0.964581	-0.262064	-0.282391	0.259708	0.923476	-8.2699	9.62912	68.4275	
0.957084	0.0478029	0.285841	0.0309194	0.963831	-0.264715	-0.288157	0.262192	0.920989	-8.52275	9.86042	69.245	
0.955306	0.0494126	0.291461	0.0317559	0.963074	-0.267358	-0.293909	0.264665	0.918461	-8.78072	10.0939	70.0602	
0.948707	0.0550916	0.311319	0.030366	0.96427	-0.263176	-0.314695	0.25913	0.913137	-9.05045	10.3261	70.8719	
0.94166	0.0606492	0.331057	0.0288816	0.965441	-0.259018	-0.335326	0.253468	0.907365	-9.33854	10.5532	71.6788	
0.934166	0.0660828	0.350666	0.0273033	0.966585	-0.254888	-0.355792	0.247682	0.901147	-9.64484	10.7754	72.4803	
0.926231	0.0713895	0.370134	0.025632	0.967703	-0.250787	-0.376083	0.241774	0.894487	-9.96921	10.9923	73.2761	
0.917858	0.0765668	0.389453	0.0238683	0.968793	-0.246718	-0.39619	0.235748	0.887387	-10.3115	11.2039	74.0659	
0.909051	0.0816123	0.408614	0.0220133	0.969856	-0.242682	-0.416102	0.229606	0.879852	-10.6715	11.4102	74.8491	
0.899815	0.0865233	0.427606	0.0200678	0.97089	-0.238682	-0.43581	0.223351	0.871885	-11.0491	11.6109	75.6255	
0.890153	0.0912974	0.446421	0.0180328	0.971896	-0.234719	-0.455304	0.216986	0.86349	-11.444	11.8061	76.3946	
0.880071	0.0959324	0.46505	0.0159093	0.972872	-0.230795	-0.474575	0.210515	0.854671	-11.8561	11.9955	77.1561	
0.869574	0.100426	0.483483	0.0136982	0.973819	-0.226913	-0.493612	0.20394	0.845432	-12.2852	12.1792	77.9096	
0.858667	0.104776	0.50171	0.0114008	0.974735	-0.223073	-0.512407	0.197266	0.835778	-12.7311	12.357	78.6547	
0.847355	0.10898	0.519725	0.00901811	0.975621	-0.219279	-0.530951	0.190494	0.825714	-13.1935	12.5289	79.3911	
0.835643	0.113036	0.537516	0.00655132	0.976475	-0.215532	-0.549234	0.183629	0.815244	-13.6722	12.6947	80.1183	
0.823538	0.116943	0.555076	0.00400164	0.977298	-0.211833	-0.567247	0.176674	0.804374	-14.1671	12.8544	80.8361	
0.811046	0.120697	0.572396	0.00137032	0.978089	-0.208185	-0.584981	0.169632	0.793109	-14.6777	13.0079	81.5442	
0.798171	0.124299	0.589468	-0.00134134	0.978847	-0.204589	-0.602429	0.162506	0.781455	-15.204	13.1551	82.242	
0.784922	0.127744	0.606282	-0.00413202	0.979573	-0.201047	-0.61958	0.155301	0.769416	-15.7456	13.2959	82.9293	
0.771305	0.131033	0.622832	-0.00700034	0.980265	-0.197561	-0.636428	0.14802	0.757001	-16.3023	13.4304	83.6059	
