1	0	0	0	1	0	0	0	1	0	0	0	
0.999988	-4.34943e-06	0.00489087	-4.34943e-06	0.999998	0.00177858	-0.00489087	-0.00177858	0.999986	-0.00237504	-0.000863691	0.971208	
0.999952	-1.74013e-05	0.00978364	-1.73943e-05	0.999994	0.00355641	-0.00978364	-0.00355641	0.999946	-0.00950109	-0.0034544	1.94239	
0.999892	-3.91589e-05	0.0146782	-3.91307e-05	0.999986	0.00533343	-0.0146782	-0.00533343	0.999878	-0.0213799	-0.00777136	2.91352	
0.999808	-6.96251e-05	0.0195742	-6.95545e-05	0.999975	0.00710958	-0.0195742	-0.00710957	0.999783	-0.0380131	-0.0138138	3.88457	
0.999701	-0.000108802	0.0244717	-0.000108661	0.999961	0.0088848	-0.0244717	-0.00888479	0.999661	-0.0594022	-0.0215808	4.85551	
0.999569	-0.000156692	0.0293705	-0.000156445	0.999943	0.010659	-0.0293705	-0.010659	0.999512	-0.0855483	-0.0310714	5.82632	
0.999413	-0.000213296	0.0342703	-0.000212901	0.999923	0.0124322	-0.0342703	-0.0124322	0.999335	-0.116453	-0.0422846	6.79698	
0.999232	-0.000278616	0.0391711	-0.000278023	0.999899	0.0142043	-0.0391711	-0.0142043	0.999132	-0.152116	-0.0552195	7.76745	
0.999028	-0.000352652	0.0440726	-0.000351804	0.999872	0.0159752	-0.0440726	-0.0159752	0.998901	-0.19254	-0.0698749	8.73771	
0.9988	-0.000435403	0.0489747	-0.000434238	0.999842	0.0177449	-0.0489748	-0.0177449	0.998642	-0.237725	-0.0862496	9.70773	
0.998547	-0.000526871	0.0538773	-0.000525317	0.999809	0.0195133	-0.0538773	-0.0195133	0.998357	-0.28767	-0.104342	10.6775	
0.998271	-0.000627054	0.0587802	-0.000625033	0.999773	0.0212804	-0.0587802	-0.0212803	0.998044	-0.342378	-0.124152	11.647	
0.99797	-0.00073595	0.0636831	-0.000733378	0.999734	0.023046	-0.0636832	-0.023046	0.997704	-0.401847	-0.145677	12.6161	
0.997645	-0.000853559	0.0685861	-0.000850344	0.999692	0.0248102	-0.0685861	-0.0248101	0.997337	-0.466078	-0.168916	13.5849	
0.997296	-0.000979878	0.0734888	-0.00097592	0.999646	0.0265729	-0.0734888	-0.0265728	0.996942	-0.53507	-0.193868	14.5533	
0.996922	-0.00111491	0.0783911	-0.0011101	0.999598	0.0283341	-0.0783912	-0.0283339	0.99652	-0.608824	-0.220531	15.5214	
0.996524	-0.00125864	0.0832929	-0.00125287	0.999546	0.0300936	-0.083293	-0.0300933	0.996071	-0.687339	-0.248904	16.489	
0.996102	-0.00141107	0.088194	-0.00140422	0.999492	0.0318514	-0.0881941	-0.031851	0.995594	-0.770615	-0.278985	17.4562	
0.995656	-0.0015722	0.0930943	-0.00156414	0.999434	0.0336074	-0.0930944	-0.033607	0.99509	-0.85865	-0.310772	18.4229	
0.995186	-0.00174203	0.0979935	-0.00173262	0.999373	0.0353617	-0.0979937	-0.0353612	0.994559	-0.951443	-0.344263	19.389	
0.994691	-0.00192054	0.102892	-0.00190965	0.999309	0.0371141	-0.102892	-0.0371135	0.994	-1.04899	-0.379457	20.3547	
0.994172	-0.00210774	0.107788	-0.00209521	0.999242	0.0388645	-0.107789	-0.0388639	0.993414	-1.1513	-0.416352	21.3198	
0.993628	-0.00230361	0.112683	-0.0022893	0.999172	0.040613	-0.112684	-0.0406122	0.992801	-1.25837	-0.454947	22.2843	
0.993061	-0.00250816	0.117577	-0.00249189	0.999099	0.0423595	-0.117577	-0.0423585	0.99216	-1.37018	-0.495238	23.2482	
0.992469	-0.00272138	0.122469	-0.00270299	0.999023	0.0441039	-0.122469	-0.0441028	0.991492	-1.48675	-0.537224	24.2115	
0.991852	-0.00294325	0.127358	-0.00292256	0.998944	0.0458461	-0.127359	-0.0458448	0.990797	-1.60807	-0.580903	25.1741	
0.991212	-0.00317378	0.132246	-0.00315061	0.998862	0.0475862	-0.132247	-0.0475846	0.990074	-1.73414	-0.626273	26.1361	
0.990547	-0.00341295	0.137131	-0.0033871	0.998777	0.049324	-0.137132	-0.0493222	0.989324	-1.86495	-0.673332	27.0973	
0.989858	-0.00366076	0.142014	-0.00363204	0.998689	0.0510595	-0.142015	-0.0510574	0.988547	-2.0005	-0.722077	28.0577	
0.989144	-0.0039172	0.146894	-0.0038854	0.998598	0.0527926	-0.146895	-0.0527902	0.987742	-2.1408	-0.772506	29.0174	
0.988407	-0.00418225	0.151772	-0.00414717	0.998504	0.0545233	-0.151773	-0.0545206	0.986911	-2.28583	-0.824617	29.9763	
0.987645	-0.00445592	0.156646	-0.00441733	0.998407	0.0562515	-0.156647	-0.0562485	0.986052	-2.43561	-0.878407	30.9344	
0.986858	-0.00473819	0.161517	-0.00469587	0.998307	0.0579772	-0.161519	-0.0579737	0.985165	-2.59011	-0.933874	31.8917	
0.986048	-0.00502905	0.166385	-0.00498276	0.998204	0.0597003	-0.166387	-0.0596964	0.984252	-2.74934	-0.991016	32.848	
0.985213	-0.00532849	0.17125	-0.005278	0.998098	0.0614208	-0.171252	-0.0614164	0.983311	-2.9133	-1.04983	33.8035	
0.984354	-0.0056365	0.176111	-0.00558156	0.997989	0.0631385	-0.176113	-0.0631337	0.982343	-3.08199	-1.11031	34.758	
0.983471	-0.00595306	0.180968	-0.00589343	0.997877	0.0648536	-0.18097	-0.0648481	0.981348	-3.25539	-1.17246	35.7116	
0.982563	-0.00627818	0.185822	-0.00621358	0.997763	0.0665658	-0.185824	-0.0665597	0.980326	-3.43351	-1.23627	36.6642	
0.981632	-0.00661183	0.190671	-0.006542	0.997645	0.0682752	-0.190673	-0.0682684	0.979277	-3.61633	-1.30175	37.6158	
0.980676	-0.006954	0.195516	-0.00687867	0.997525	0.0699816	-0.195519	-0.0699742	0.9782	-3.80387	-1.36888	38.5664	
0.979696	-0.00730468	0.200357	-0.00722357	0.997401	0.0716851	-0.20036	-0.0716769	0.977097	-3.99611	-1.43766	39.5159	
0.978692	-0.00766385	0.205193	-0.00757667	0.997275	0.0733856	-0.205196	-0.0733766	0.975966	-4.19305	-1.5081	40.4643	
0.977663	-0.00803151	0.210024	-0.00793797	0.997146	0.075083	-0.210028	-0.0750731	0.974809	-4.39469	-1.58019	41.4116	
0.976611	-0.00840764	0.214851	-0.00830744	0.997014	0.0767773	-0.214855	-0.0767664	0.973624	-4.60102	-1.65393	42.3578	
0.975534	-0.00879222	0.219672	-0.00868505	0.996879	0.0784685	-0.219676	-0.0784565	0.972413	-4.81203	-1.7293	43.3028	
0.974433	-0.00918524	0.224489	-0.00907079	0.996741	0.0801564	-0.224493	-0.0801433	0.971174	-5.02772	-1.80632	44.2466	
0.973309	-0.00958668	0.229299	-0.00946463	0.9966	0.081841	-0.229305	-0.0818268	0.969909	-5.24809	-1.88497	45.1892	
0.97216	-0.00999653	0.234105	-0.00986655	0.996457	0.0835223	-0.234111	-0.0835068	0.968617	-5.47312	-1.96526	46.1306	
0.970987	-0.0104148	0.238905	-0.0102765	0.996311	0.0852002	-0.238911	-0.0851834	0.967298	-5.70283	-2.04718	47.0707	
0.96979	-0.0108414	0.243699	-0.0106946	0.996162	0.0868747	-0.243705	-0.0868565	0.965952	-5.93719	-2.13072	48.0095	
0.96857	-0.0112764	0.248487	-0.0111206	0.99601	0.0885457	-0.248494	-0.088526	0.96458	-6.1762	-2.21589	48.9469	
0.967325	-0.0117197	0.253269	-0.0115546	0.995855	0.0902132	-0.253276	-0.0901919	0.96318	-6.41987	-2.30268	49.8831	
0.966056	-0.0121713	0.258044	-0.0119966	0.995698	0.0918771	-0.258053	-0.0918541	0.961754	-6.66817	-2.39108	50.8178	
0.964764	-0.0126313	0.262814	-0.0124465	0.995538	0.0935373	-0.262823	-0.0935125	0.960302	-6.92111	-2.48109	51.7512	
0.963448	-0.0130995	0.267576	-0.0129044	0.995375	0.0951939	-0.267586	-0.0951672	0.958823	-7.17868	-2.57272	52.6831	
0.962108	-0.013576	0.272332	-0.0133701	0.99521	0.0968467	-0.272342	-0.0968181	0.957317	-7.44088	-2.66595	53.6136	
0.960744	-0.0140608	0.277081	-0.0138437	0.995041	0.0984958	-0.277092	-0.098465	0.955785	-7.70769	-2.76078	54.5427	
0.959356	-0.0145538	0.281823	-0.0143251	0.99487	0.100141	-0.281835	-0.100108	0.954226	-7.9791	-2.85721	55.4702	
0.957945	-0.015055	0.286558	-0.0148144	0.994696	0.101782	-0.28657	-0.101747	0.952641	-8.25513	-2.95523	56.3962	
0.95651	-0.0155644	0.291285	-0.0153114	0.99452	0.10342	-0.291299	-0.103382	0.95103	-8.53574	-3.05484	57.3206	
0.955051	-0.016082	0.296005	-0.0158163	0.994341	0.105053	-0.296019	-0.105013	0.949392	-8.82095	-3.15604	58.2435	
0.953569	-0.0166077	0.300717	-0.0163288	0.994159	0.106683	-0.300732	-0.10664	0.947728	-9.11074	-3.25882	59.1647	
0.952515	-0.0169766	0.304019	-0.0158657	0.994321	0.105232	-0.304079	-0.105058	0.946836	-9.40444	-3.36162	60.0847	
0.951448	-0.0173404	0.307321	-0.0153965	0.994481	0.10378	-0.307425	-0.103473	0.94593	-9.70139	-3.46289	61.0039	
0.950368	-0.0176991	0.310624	-0.0149215	0.994639	0.102327	-0.31077	-0.101883	0.945009	-10.0016	-3.56261	61.9221	
0.949275	-0.0180527	0.313927	-0.0144405	0.994795	0.100873	-0.314114	-0.100289	0.944073	-10.305	-3.66078	62.8395	
0.94817	-0.0184009	0.31723	-0.0139538	0.994948	0.0994185	-0.317457	-0.0986922	0.943123	-10.6117	-3.75741	63.7559	
0.947052	-0.0187438	0.320532	-0.0134614	0.995099	0.097964	-0.320797	-0.0970919	0.942158	-10.9217	-3.85249	64.6714	
0.945922	-0.0190813	0.323833	-0.0129634	0.995248	0.0965097	-0.324135	-0.0954886	0.941179	-11.2349	-3.946	65.586	
0.944779	-0.0194133	0.327132	-0.0124599	0.995394	0.0950558	-0.32747	-0.0938828	0.940186	-11.5513	-4.03796	66.4996	
0.943625	-0.0197399	0.330428	-0.0119509	0.995538	0.0936026	-0.330801	-0.0922747	0.939178	-11.8709	-4.12836	67.4122	
0.942458	-0.0200608	0.333722	-0.0114365	0.995679	0.0921505	-0.334128	-0.0906646	0.938157	-12.1938	-4.2172	68.3238	
0.94128	-0.0203762	0.337012	-0.0109169	0.995818	0.0906996	-0.337451	-0.0890528	0.937121	-12.52	-4.30447	69.2345	
0.94009	-0.0206859	0.340299	-0.0103922	0.995955	0.0892502	-0.340769	-0.0874396	0.936072	-12.8493	-4.39018	70.1441	
0.94343	-0.0199257	0.330972	-0.00294448	0.99765	0.0684553	-0.331558	-0.0655573	0.941154	-13.1758	-4.46448	71.0558	
0.946678	-0.0193831	0.321597	0.00429698	0.998859	0.0475539	-0.322152	-0.0436363	0.945682	-13.4933	-4.5175	71.9721	
0.949832	-0.0190586	0.31218	0.0113279	0.999583	0.0265583	-0.312556	-0.0216896	0.949652	-13.8015	-4.54923	72.8925	
0.952889	-0.0189521	0.302726	0.0181443	0.99982	0.00548105	-0.302775	0.000269907	0.953062	-14.1003	-4.55963	73.8165	
0.955848	-0.0190639	0.293241	0.0247419	0.999571	-0.0156656	-0.292817	0.0222292	0.95591	-14.3896	-4.5487	74.7436	
0.958708	-0.0193939	0.283731	0.031117	0.998836	-0.036869	-0.282685	0.0441755	0.958195	-14.669	-4.51646	75.6731	
0.961466	-0.0199418	0.2742	0.0372658	0.997614	-0.0581169	-0.272387	0.0660957	0.959915	-14.9386	-4.46291	76.6046	
0.964121	-0.0207073	0.264656	0.0431847	0.995907	-0.0793965	-0.261928	0.0879769	0.961069	-15.1981	-4.38808	77.5375	
0.966671	-0.02169	0.255102	0.0488702	0.993716	-0.100695	-0.251315	0.109806	0.961656	-15.4473	-4.29203	78.4712	
0.969115	-0.0228893	0.245546	0.0543188	0.991042	-0.122001	-0.240554	0.131571	0.961677	-15.6862	-4.17481	79.4053	
0.971451	-0.0243045	0.235992	0.0595275	0.987887	-0.143301	-0.229651	0.153258	0.961131	-15.9145	-4.03649	80.339	
0.973678	-0.0259348	0.226447	0.0644932	0.984253	-0.164583	-0.218613	0.174855	0.960018	-16.1322	-3.87715	81.272	
0.975795	-0.0277791	0.216915	0.0692128	0.980141	-0.185833	-0.207445	0.196348	0.958339	-16.3391	-3.69688	82.2036	
0.9778	-0.0298365	0.207403	0.0736837	0.975554	-0.20704	-0.196156	0.217726	0.956095	-16.5351	-3.4958	83.1333	
0.979693	-0.0321057	0.197916	0.0779032	0.970495	-0.228191	-0.18475	0.238976	0.953288	-16.7201	-3.27401	84.0606	
0.981472	-0.0345853	0.18846	0.0818688	0.964966	-0.249274	-0.173236	0.260084	0.949919	-16.894	-3.03165	84.9848	
0.983135	-0.037274	0.17904	0.0855781	0.958972	-0.270276	-0.16162	0.28104	0.945989	-17.0566	-2.76886	85.9055	
0.984683	-0.04017	0.169662	0.0890291	0.952515	-0.291185	-0.149908	0.30183	0.941502	-17.2079	-2.48581	86.8222	
0.986114	-0.0432718	0.160331	0.0922196	0.9456	-0.311988	-0.138109	0.322441	0.93646	-17.3477	-2.18264	87.7342	
0.987428	-0.0465774	0.151053	0.0951478	0.93823	-0.332673	-0.126227	0.342863	0.930866	-17.4761	-1.85955	88.641	
0.988623	-0.050085	0.141833	0.0978119	0.93041	-0.353228	-0.114272	0.363082	0.924723	-17.5929	-1.51672	89.5421	
0.989699	-0.0537924	0.132677	0.10021	0.922144	-0.373641	-0.102248	0.383088	0.918035	-17.6981	-1.15436	90.437	
0.990655	-0.0576975	0.12359	0.102342	0.913438	-0.3939	-0.090165	0.402868	0.910806	-17.7915	-0.772675	91.3251	
0.99149	-0.061798	0.114578	0.104205	0.904296	-0.413993	-0.0780285	0.42241	0.90304	-17.8732	-0.371895	92.206	
0.992205	-0.0660915	0.105646	0.105799	0.894724	-0.433908	-0.065846	0.441703	0.894742	-17.943	0.047744	93.0791	
