1	0	0	0	1	0	0	0	1	0	0	0	
0.999993	3.26562e-06	0.00382012	3.26562e-06	0.999999	-0.00170969	-0.00382012	0.00170969	0.999991	-0.00176054	0.000787924	0.921714	
0.999971	1.30811e-05	0.00764461	1.3088e-05	0.999994	-0.00342315	-0.00764461	0.00342315	0.999965	-0.00704416	0.00315344	1.84341	
0.999934	2.94755e-05	0.0114733	2.95034e-05	0.999987	-0.00514032	-0.0114733	0.00514032	0.999921	-0.0158548	0.00709999	2.76508	
0.999883	5.24777e-05	0.0153061	5.25474e-05	0.999976	-0.00686115	-0.0153061	0.00686115	0.999859	-0.0281964	0.012631	3.6867	
0.999817	8.21156e-05	0.0191429	8.22552e-05	0.999963	-0.00858559	-0.0191429	0.00858559	0.99978	-0.0440725	0.0197498	4.60825	
0.999736	0.000118417	0.0229834	0.000118662	0.999947	-0.0103136	-0.0229834	0.0103136	0.999683	-0.0634868	0.0284596	5.52972	
0.99964	0.000161409	0.0268276	0.000161801	0.999927	-0.012045	-0.0268276	0.012045	0.999568	-0.0864427	0.0387638	6.45109	
0.999529	0.000211118	0.0306754	0.000211706	0.999905	-0.0137799	-0.0306754	0.0137799	0.999434	-0.112944	0.0506654	7.37235	
0.999404	0.000267569	0.0345265	0.000268411	0.99988	-0.0155181	-0.0345265	0.0155182	0.999283	-0.142992	0.0641677	8.29348	
0.999263	0.000330789	0.0383809	0.000331948	0.999851	-0.0172597	-0.0383809	0.0172597	0.999114	-0.176592	0.0792737	9.21446	
0.999107	0.000400802	0.0422384	0.000402349	0.999819	-0.0190045	-0.0422384	0.0190045	0.998927	-0.213747	0.0959864	10.1353	
0.998937	0.000477633	0.0460989	0.000479646	0.999785	-0.0207525	-0.0460989	0.0207525	0.998721	-0.254458	0.114309	11.0559	
0.998751	0.000561306	0.0499622	0.00056387	0.999747	-0.0225036	-0.0499622	0.0225037	0.998498	-0.298728	0.134244	11.9763	
0.99855	0.000651842	0.0538282	0.000655052	0.999706	-0.0242578	-0.0538282	0.0242579	0.998256	-0.346561	0.155794	12.8966	
0.998334	0.000749267	0.0576967	0.000753221	0.999661	-0.026015	-0.0576967	0.0260151	0.997995	-0.397958	0.178963	13.8166	
0.998103	0.000853601	0.0615677	0.000858407	0.999614	-0.0277751	-0.0615676	0.0277753	0.997716	-0.452922	0.203753	14.7363	
0.997856	0.000964866	0.0654409	0.00097064	0.999563	-0.0295381	-0.0654409	0.0295383	0.997419	-0.511455	0.230166	15.6558	
0.997594	0.00108308	0.0693163	0.00108995	0.999509	-0.031304	-0.0693162	0.0313042	0.997103	-0.573559	0.258206	16.575	
0.997317	0.00120827	0.0731937	0.00121636	0.999452	-0.0330726	-0.0731936	0.0330729	0.996769	-0.639236	0.287875	17.4939	
0.997025	0.00134046	0.0770729	0.0013499	0.999392	-0.0348439	-0.0770728	0.0348443	0.996416	-0.708488	0.319175	18.4124	
0.996717	0.00147965	0.0809539	0.00149059	0.999328	-0.0366179	-0.0809537	0.0366183	0.996045	-0.781316	0.352109	19.3307	
0.996394	0.00162588	0.0848364	0.00163848	0.999261	-0.0383944	-0.0848362	0.038395	0.995655	-0.857722	0.38668	20.2486	
0.996055	0.00177916	0.0887204	0.00179357	0.999191	-0.0401735	-0.0887201	0.0401742	0.995246	-0.937707	0.422889	21.1661	
0.995701	0.00193951	0.0926057	0.00195589	0.999118	-0.0419551	-0.0926054	0.0419558	0.994819	-1.02127	0.46074	22.0832	
0.995332	0.00210694	0.0964922	0.00212548	0.999041	-0.043739	-0.0964918	0.0437399	0.994372	-1.10842	0.500233	23	
0.994947	0.00228147	0.10038	0.00230235	0.998961	-0.0455253	-0.100379	0.0455263	0.993907	-1.19915	0.541373	23.9163	
0.994546	0.00246312	0.104268	0.00248652	0.998877	-0.0473138	-0.104267	0.0473151	0.993423	-1.29346	0.584159	24.8322	
0.99413	0.00265191	0.108157	0.00267803	0.99879	-0.0491046	-0.108157	0.049106	0.99292	-1.39136	0.628596	25.7476	
0.993699	0.00284785	0.112047	0.0028769	0.9987	-0.0508975	-0.112046	0.0508992	0.992399	-1.49284	0.674684	26.6626	
0.993252	0.00305095	0.115937	0.00308314	0.998606	-0.0526926	-0.115936	0.0526944	0.991858	-1.59791	0.722426	27.577	
0.992789	0.00326123	0.119828	0.00329677	0.998509	-0.0544896	-0.119827	0.0544917	0.991298	-1.70656	0.771824	28.491	
0.992311	0.0034787	0.123719	0.00351783	0.998408	-0.0562886	-0.123717	0.056291	0.99072	-1.8188	0.822879	29.4044	
0.991818	0.00370338	0.127609	0.00374633	0.998304	-0.0580895	-0.127608	0.0580923	0.990122	-1.93463	0.875594	30.3173	
0.991308	0.00393527	0.1315	0.00398229	0.998197	-0.0598923	-0.131499	0.0598954	0.989505	-2.05404	0.92997	31.2296	
0.990783	0.0041744	0.135391	0.00422573	0.998086	-0.0616968	-0.135389	0.0617003	0.988869	-2.17704	0.986008	32.1414	
0.990243	0.00442076	0.139281	0.00447666	0.997972	-0.0635031	-0.139279	0.063507	0.988215	-2.30362	1.04371	33.0525	
0.989687	0.00467438	0.143171	0.00473512	0.997854	-0.065311	-0.143169	0.0653154	0.987541	-2.43379	1.10308	33.9631	
0.989115	0.00493527	0.14706	0.00500111	0.997732	-0.0671205	-0.147058	0.0671254	0.986848	-2.56755	1.16412	34.873	
0.988528	0.00520343	0.150948	0.00527465	0.997607	-0.0689316	-0.150946	0.068937	0.986135	-2.70488	1.22682	35.7823	
0.987925	0.00547887	0.154836	0.00555576	0.997479	-0.0707441	-0.154833	0.0707501	0.985404	-2.8458	1.2912	36.6909	
0.987306	0.0057616	0.158723	0.00584446	0.997347	-0.072558	-0.15872	0.0725646	0.984653	-2.99031	1.35725	37.5988	
0.986672	0.00605163	0.162608	0.00614077	0.997212	-0.0743732	-0.162605	0.0743805	0.983884	-3.13839	1.42497	38.506	
0.986022	0.00634898	0.166492	0.00644469	0.997073	-0.0761898	-0.166488	0.0761978	0.983095	-3.29006	1.49436	39.4125	
0.985357	0.00665363	0.170375	0.00675624	0.99693	-0.0780075	-0.170371	0.0780163	0.982287	-3.4453	1.56543	40.3183	
0.984676	0.00696562	0.174256	0.00707545	0.996784	-0.0798264	-0.174252	0.0798361	0.981459	-3.60413	1.63818	41.2233	
0.983979	0.00728493	0.178136	0.00740231	0.996634	-0.0816464	-0.178131	0.0816569	0.980613	-3.76653	1.71261	42.1275	
0.983267	0.00761157	0.182013	0.00773685	0.99648	-0.0834674	-0.182008	0.0834789	0.979747	-3.9325	1.78871	43.031	
0.982539	0.00794556	0.185889	0.00807907	0.996323	-0.0852894	-0.185883	0.0853019	0.978862	-4.10204	1.8665	43.9336	
0.981795	0.00828689	0.189763	0.008429	0.996163	-0.0871122	-0.189756	0.0871259	0.977958	-4.27516	1.94596	44.8354	
0.981036	0.00863557	0.193634	0.00878664	0.995999	-0.0889359	-0.193627	0.0889507	0.977034	-4.45185	2.02711	45.7364	
0.980261	0.00899161	0.197503	0.00915199	0.995831	-0.0907604	-0.197496	0.0907764	0.976092	-4.6321	2.10994	46.6365	
0.979471	0.009355	0.20137	0.00952509	0.995659	-0.0925856	-0.201362	0.0926029	0.97513	-4.81592	2.19445	47.5358	
0.978665	0.00972575	0.205234	0.00990592	0.995484	-0.0944114	-0.205225	0.0944301	0.974149	-5.0033	2.28064	48.4341	
0.977843	0.0101039	0.209095	0.0102945	0.995305	-0.0962378	-0.209086	0.096258	0.973148	-5.19424	2.36852	49.3315	
0.977006	0.0104893	0.212953	0.0106909	0.995123	-0.0980647	-0.212943	0.0980865	0.972129	-5.38873	2.45809	50.228	
0.976153	0.0108822	0.216809	0.011095	0.994936	-0.0998921	-0.216798	0.0999155	0.97109	-5.58678	2.54934	51.1236	
0.975285	0.0112824	0.220661	0.0115069	0.994747	-0.10172	-0.22065	0.101745	0.970032	-5.78838	2.64228	52.0182	
0.974402	0.01169	0.22451	0.0119266	0.994553	-0.103548	-0.224498	0.103575	0.968955	-5.99353	2.7369	52.9118	
0.973502	0.0121049	0.228356	0.012354	0.994356	-0.105376	-0.228342	0.105405	0.967858	-6.20223	2.83321	53.8044	
0.972588	0.0125272	0.232198	0.0127893	0.994155	-0.107205	-0.232184	0.107236	0.966743	-6.41447	2.93121	54.6959	
0.971658	0.0129569	0.236036	0.0132324	0.99395	-0.109033	-0.236021	0.109067	0.965608	-6.63024	3.03089	55.5865	
0.970521	0.0134892	0.240638	0.0144689	0.993371	-0.114039	-0.240581	0.114159	0.963892	-6.84989	3.13377	56.4757	
0.969362	0.0140465	0.245236	0.0157293	0.992765	-0.119037	-0.245134	0.119248	0.962127	-7.07374	3.24134	57.3633	
0.968179	0.0146287	0.249832	0.0170135	0.992133	-0.124027	-0.249681	0.12433	0.960313	-7.30178	3.35359	58.2493	
0.966973	0.0152359	0.254423	0.0183215	0.991474	-0.129007	-0.254219	0.129408	0.95845	-7.53401	3.47053	59.1336	
0.965744	0.015868	0.25901	0.0196533	0.990789	-0.133979	-0.25875	0.13448	0.956537	-7.77041	3.59215	60.0161	
0.964493	0.0165249	0.263591	0.0210087	0.990078	-0.138941	-0.263272	0.139545	0.954576	-8.01099	3.71844	60.8969	
0.963219	0.0172066	0.268167	0.0223878	0.98934	-0.143894	-0.267784	0.144605	0.952565	-8.25574	3.84939	61.7758	
0.961922	0.0179132	0.272736	0.0237906	0.988576	-0.148837	-0.272287	0.149658	0.950506	-8.50463	3.985	62.6529	
0.960603	0.0186444	0.277299	0.0252169	0.987785	-0.15377	-0.276778	0.154704	0.948399	-8.75767	4.12527	63.528	
0.959261	0.0194004	0.281853	0.0266667	0.986968	-0.158692	-0.281259	0.159743	0.946243	-9.01485	4.27019	64.4012	
0.957898	0.0201809	0.2864	0.02814	0.986125	-0.163604	-0.285728	0.164775	0.944039	-9.27615	4.41975	65.2723	
0.956512	0.020986	0.290938	0.0296366	0.985255	-0.168504	-0.290184	0.169799	0.941786	-9.54157	4.57394	66.1414	
0.955104	0.0218155	0.295466	0.0311565	0.98436	-0.173394	-0.294627	0.174815	0.939486	-9.81109	4.73276	67.0084	
0.953675	0.0226693	0.299984	0.0326997	0.983438	-0.178272	-0.299057	0.179823	0.937138	-10.0847	4.89619	67.8733	
0.952224	0.0235474	0.304492	0.0342661	0.98249	-0.183138	-0.303473	0.184822	0.934743	-10.3624	5.06425	68.736	
0.950751	0.0244497	0.308989	0.0358556	0.981516	-0.187992	-0.307874	0.189813	0.932301	-10.6441	5.2369	69.5964	
0.949258	0.0253761	0.313474	0.0374681	0.980516	-0.192834	-0.312259	0.194795	0.929811	-10.9299	5.41415	70.4546	
0.94747	0.0265449	0.318741	0.0444914	0.975923	-0.213528	-0.316734	0.216493	0.923477	-11.2198	5.6037	71.3087	
0.945658	0.0278367	0.32397	0.0516128	0.970848	-0.234075	-0.321041	0.238076	0.916653	-11.5137	5.81321	72.1568	
0.943821	0.0292509	0.329159	0.0588285	0.965291	-0.254464	-0.325178	0.259533	0.909342	-11.8116	6.04254	72.9984	
0.941962	0.0307866	0.334306	0.0661346	0.959257	-0.274684	-0.329142	0.280851	0.901548	-12.1131	6.29159	73.833	
0.94008	0.0324431	0.339406	0.0735273	0.952749	-0.294725	-0.332931	0.302021	0.893275	-12.4183	6.56023	74.6602	
0.938178	0.0342194	0.344459	0.0810027	0.94577	-0.314576	-0.336543	0.323031	0.884528	-12.7268	6.8483	75.4795	
0.936255	0.0361147	0.34946	0.0885567	0.938323	-0.334227	-0.339977	0.343868	0.875311	-13.0386	7.15566	76.2906	
0.934313	0.0381279	0.354408	0.0961854	0.930413	-0.353666	-0.34323	0.364524	0.86563	-13.3535	7.48214	77.093	
0.932354	0.0402579	0.359299	0.103885	0.922044	-0.372884	-0.346301	0.384986	0.855489	-13.6713	7.82758	77.8862	
0.930377	0.0425037	0.364131	0.111651	0.91322	-0.391871	-0.349188	0.405243	0.844894	-13.9918	8.19178	78.6699	
0.928385	0.044864	0.368902	0.119479	0.903947	-0.410615	-0.35189	0.425285	0.83385	-14.3149	8.57455	79.4436	
0.926378	0.0473376	0.373609	0.127365	0.894228	-0.429109	-0.354405	0.445101	0.822364	-14.6404	8.97569	80.2069	
0.924357	0.0499231	0.378249	0.135306	0.884069	-0.447341	-0.356731	0.464682	0.810441	-14.9682	9.39499	80.9594	
0.922323	0.0526192	0.382821	0.143296	0.873476	-0.465301	-0.358868	0.484015	0.798087	-15.298	9.83223	81.7007	
0.920278	0.0554245	0.38732	0.151332	0.862454	-0.482982	-0.360815	0.503091	0.78531	-15.6297	10.2872	82.4305	
0.918222	0.0583374	0.391746	0.159409	0.851009	-0.500372	-0.36257	0.5219	0.772116	-15.9631	10.7596	83.1483	
0.916157	0.0613564	0.396096	0.167524	0.839147	-0.517463	-0.364133	0.540433	0.758512	-16.298	11.2492	83.8537	
0.914083	0.06448	0.400368	0.175671	0.826875	-0.534245	-0.365502	0.558678	0.744505	-16.6343	11.7557	84.5464	
0.912002	0.0677065	0.404559	0.183846	0.814198	-0.550711	-0.366677	0.576626	0.730103	-16.9717	12.279	85.226	
0.909915	0.071034	0.408666	0.192046	0.801124	-0.56685	-0.367658	0.594269	0.715313	-17.3102	12.8186	85.8922	
0.907823	0.074461	0.412689	0.200265	0.787659	-0.582655	-0.368443	0.611596	0.700143	-17.6494	13.3744	86.5446	
