1	0	0	0	1	0	0	0	1	0	0	0	
0.999986	-1.79605e-06	-0.00532758	-1.79605e-06	1	-0.000674242	0.00532758	0.000674242	0.999986	0.00259653	0.000328609	0.974743	
0.999943	-7.1797e-06	-0.0106559	-7.16823e-06	0.999999	-0.00134643	0.0106559	0.00134643	0.999942	0.0103865	0.00131344	1.94946	
0.999872	-1.61412e-05	-0.0159849	-1.60953e-05	0.999998	-0.00201655	0.0159849	0.00201655	0.99987	0.0233706	0.00295247	2.92412	
0.999773	-2.86706e-05	-0.0213144	-2.85559e-05	0.999996	-0.00268457	0.0213144	0.00268457	0.999769	0.0415493	0.00524367	3.89869	
0.999645	-4.47578e-05	-0.0266441	-4.45285e-05	0.999994	-0.00335047	0.0266441	0.00335047	0.999639	0.0649231	0.008185	4.87315	
0.999489	-6.43927e-05	-0.0319739	-6.39913e-05	0.999992	-0.00401424	0.0319739	0.00401423	0.999481	0.093492	0.0117744	5.84747	
0.999304	-8.75648e-05	-0.0373036	-8.69225e-05	0.999989	-0.00467584	0.0373036	0.00467583	0.999293	0.127256	0.0160097	6.82162	
0.999091	-0.000114264	-0.0426331	-0.0001133	0.999986	-0.00533526	0.0426332	0.00533524	0.999077	0.166215	0.0208888	7.79558	
0.998849	-0.000144478	-0.0479622	-0.000143102	0.999982	-0.00599249	0.0479623	0.00599245	0.998831	0.210369	0.0264097	8.76931	
0.998579	-0.000178198	-0.0532908	-0.000176306	0.999978	-0.00664749	0.0532908	0.00664744	0.998557	0.259717	0.03257	9.74279	
0.99828	-0.000215413	-0.0586185	-0.000212889	0.999973	-0.00730025	0.0586185	0.00730017	0.998254	0.314259	0.0393677	10.716	
0.997953	-0.00025611	-0.0639454	-0.000252829	0.999968	-0.00795074	0.0639454	0.00795064	0.997922	0.373994	0.0468006	11.6889	
0.997598	-0.000300279	-0.0692711	-0.000296103	0.999963	-0.00859896	0.0692712	0.00859881	0.997561	0.43892	0.0548664	12.6614	
0.997214	-0.000347908	-0.0745956	-0.000342689	0.999957	-0.00924487	0.0745957	0.00924467	0.997171	0.509037	0.0635629	13.6336	
0.996801	-0.000398986	-0.0799187	-0.000392562	0.999951	-0.00988846	0.0799187	0.0098882	0.996752	0.584344	0.0728877	14.6054	
0.99636	-0.000453501	-0.0852402	-0.000445701	0.999944	-0.0105297	0.0852402	0.0105294	0.996305	0.664838	0.0828388	15.5768	
0.995891	-0.000511441	-0.0905598	-0.000502081	0.999938	-0.0111686	0.0905599	0.0111682	0.995828	0.750519	0.0934136	16.5477	
0.995393	-0.000572794	-0.0958776	-0.00056168	0.99993	-0.0118051	0.0958776	0.0118046	0.995323	0.841384	0.10461	17.5181	
0.994867	-0.000637547	-0.101193	-0.000624473	0.999922	-0.0124392	0.101193	0.0124386	0.994789	0.937431	0.116425	18.488	
0.994312	-0.00070569	-0.106507	-0.000690438	0.999914	-0.0130709	0.106507	0.0130701	0.994226	1.03866	0.128858	19.4574	
0.993728	-0.000777208	-0.111817	-0.000759549	0.999906	-0.0137002	0.111817	0.0136992	0.993634	1.14506	0.141904	20.4263	
0.993117	-0.00085209	-0.117126	-0.000831785	0.999897	-0.014327	0.117126	0.0143258	0.993014	1.25665	0.155563	21.3945	
0.992477	-0.000930322	-0.122431	-0.000907119	0.999888	-0.0149514	0.122431	0.0149499	0.992364	1.3734	0.169831	22.3621	
0.991808	-0.00101189	-0.127734	-0.000985528	0.999878	-0.0155732	0.127734	0.0155715	0.991686	1.49532	0.184707	23.3291	
0.991111	-0.00109679	-0.133033	-0.00106699	0.999868	-0.0161926	0.133033	0.0161906	0.990979	1.62242	0.200187	24.2954	
0.990386	-0.00118499	-0.138329	-0.00115147	0.999858	-0.0168094	0.138329	0.0168071	0.990244	1.75467	0.216269	25.261	
0.989632	-0.0012765	-0.143621	-0.00123896	0.999847	-0.0174237	0.143622	0.017421	0.989479	1.89209	0.232951	26.2259	
0.98885	-0.00137129	-0.14891	-0.00132943	0.999836	-0.0180355	0.148911	0.0180323	0.988686	2.03466	0.25023	27.19	
0.988039	-0.00146935	-0.154195	-0.00142285	0.999825	-0.0186447	0.154196	0.018641	0.987864	2.18239	0.268104	28.1533	
0.9872	-0.00157067	-0.159477	-0.00151919	0.999814	-0.0192512	0.159477	0.0192471	0.987014	2.33526	0.28657	29.1158	
0.986333	-0.00167523	-0.164754	-0.00161844	0.999802	-0.0198552	0.164754	0.0198505	0.986135	2.49328	0.305625	30.0775	
0.985438	-0.00178302	-0.170026	-0.00172057	0.999789	-0.0204566	0.170027	0.0204513	0.985227	2.65645	0.325267	31.0383	
0.984514	-0.00189403	-0.175294	-0.00182554	0.999777	-0.0210553	0.175295	0.0210493	0.984291	2.82475	0.345493	31.9982	
0.983562	-0.00200824	-0.180558	-0.00193335	0.999764	-0.0216514	0.180559	0.0216446	0.983326	2.99818	0.366301	32.9571	
0.982582	-0.00212563	-0.185816	-0.00204396	0.99975	-0.0222448	0.185817	0.0222372	0.982333	3.17675	0.387688	33.9151	
0.981574	-0.0022462	-0.19107	-0.00215734	0.999737	-0.0228356	0.191071	0.022827	0.981311	3.36043	0.409651	34.8722	
0.980537	-0.00236992	-0.196319	-0.00227347	0.999723	-0.0234236	0.19632	0.0234141	0.98026	3.54924	0.432188	35.8282	
0.979473	-0.00249679	-0.201562	-0.00239233	0.999709	-0.024009	0.201563	0.0239983	0.979182	3.74315	0.455296	36.7832	
0.97838	-0.00262679	-0.206799	-0.00251389	0.999694	-0.0245916	0.206801	0.0245798	0.978074	3.94218	0.478971	37.7371	
0.977259	-0.0027599	-0.212031	-0.00263812	0.99968	-0.0251715	0.212033	0.0251584	0.976939	4.14631	0.503212	38.6899	
0.97611	-0.0028961	-0.217257	-0.002765	0.999665	-0.0257486	0.217259	0.0257342	0.975775	4.35554	0.528016	39.6416	
0.974933	-0.00303539	-0.222478	-0.0028945	0.999649	-0.026323	0.222479	0.0263071	0.974582	4.56985	0.55338	40.5922	
0.973728	-0.00317775	-0.227692	-0.0030266	0.999634	-0.0268946	0.227694	0.0268771	0.973362	4.78926	0.579301	41.5416	
0.972495	-0.00332316	-0.232899	-0.00316127	0.999618	-0.0274634	0.232901	0.0274443	0.972113	5.01374	0.605775	42.4897	
0.971234	-0.0034716	-0.2381	-0.00329847	0.999602	-0.0280294	0.238103	0.0280085	0.970836	5.24329	0.632802	43.4367	
0.969946	-0.00362306	-0.243295	-0.0034382	0.999585	-0.0285926	0.243298	0.0285697	0.969531	5.47792	0.660377	44.3824	
0.968629	-0.00377753	-0.248482	-0.00358042	0.999569	-0.0291529	0.248485	0.029128	0.968198	5.7176	0.688497	45.3268	
0.967285	-0.00393498	-0.253663	-0.0037251	0.999552	-0.0297105	0.253666	0.0296834	0.966836	5.96234	0.71716	46.2698	
0.965912	-0.00409541	-0.258837	-0.00387221	0.999534	-0.0302651	0.25884	0.0302357	0.965447	6.21212	0.746363	47.2116	
0.964513	-0.00425879	-0.264003	-0.00402174	0.999517	-0.0308169	0.264006	0.0307851	0.964029	6.46694	0.776103	48.152	
0.963085	-0.00442511	-0.269161	-0.00417365	0.999499	-0.0313659	0.269165	0.0313314	0.962584	6.7268	0.806377	49.091	
0.96163	-0.00459436	-0.274312	-0.00432792	0.999481	-0.0319119	0.274317	0.0318746	0.961111	6.99167	0.837182	50.0285	
0.960147	-0.00476651	-0.279456	-0.00448452	0.999463	-0.0324551	0.27946	0.0324148	0.95961	7.26157	0.868515	50.9646	
0.958636	-0.00494155	-0.284591	-0.00464342	0.999445	-0.0329953	0.284596	0.032952	0.958081	7.53648	0.900374	51.8993	
0.957098	-0.00511946	-0.289718	-0.0048046	0.999426	-0.0335326	0.289723	0.033486	0.956525	7.81639	0.932754	52.8324	
0.955533	-0.00530023	-0.294837	-0.00496803	0.999407	-0.034067	0.294842	0.0340169	0.95494	8.10129	0.965653	53.764	
0.95394	-0.00548383	-0.299947	-0.00513368	0.999388	-0.0345985	0.299953	0.0345447	0.953328	8.39118	0.999068	54.694	
0.95232	-0.00567026	-0.305048	-0.00530153	0.999369	-0.035127	0.305055	0.0350694	0.951689	8.68604	1.033	55.6225	
0.950672	-0.00585949	-0.310141	-0.00547155	0.999349	-0.0356525	0.310148	0.0355908	0.950022	8.98588	1.06743	56.5493	
0.948998	-0.0060515	-0.315225	-0.00564371	0.99933	-0.0361751	0.315233	0.0361092	0.948327	9.29067	1.10238	57.4745	
0.947296	-0.00624629	-0.3203	-0.00581798	0.99931	-0.0366947	0.320308	0.0366243	0.946605	9.60042	1.13783	58.3981	
0.945566	-0.00644382	-0.325365	-0.00599433	0.999289	-0.0372114	0.325374	0.0371362	0.944856	9.91511	1.17378	59.3199	
0.94381	-0.00664409	-0.330421	-0.00617275	0.999269	-0.037725	0.33043	0.0376448	0.943079	10.2347	1.21022	60.2401	
0.942521	-0.0067848	-0.334078	-0.00526793	0.999368	-0.0351584	0.334105	0.0348975	0.94189	10.5586	1.24558	61.1588	
0.941217	-0.00691498	-0.337733	-0.00435188	0.999459	-0.0325917	0.337776	0.0321457	0.940678	10.8861	1.27825	62.0763	
0.939897	-0.00703456	-0.341387	-0.00342473	0.999543	-0.0300253	0.341442	0.0293898	0.939443	11.2171	1.30824	62.9926	
0.938562	-0.0071435	-0.345038	-0.00248657	0.99962	-0.0274595	0.345103	0.0266304	0.938187	11.5517	1.33555	63.9077	
0.937211	-0.00724176	-0.348687	-0.00153752	0.999689	-0.0248948	0.348758	0.0238678	0.936909	11.8899	1.36016	64.8216	
0.935846	-0.00732931	-0.352332	-0.000577712	0.99975	-0.0223316	0.352408	0.0211025	0.935609	12.2316	1.38208	65.7342	
0.934467	-0.00740611	-0.355973	0.000392734	0.999804	-0.0197702	0.35605	0.0183348	0.934287	12.5769	1.4013	66.6455	
0.933073	-0.00747214	-0.35961	0.00137369	0.999851	-0.0172111	0.359685	0.0155652	0.932944	12.9257	1.41782	67.5556	
0.931664	-0.00752738	-0.363242	0.00236501	0.99989	-0.0146546	0.363313	0.0127941	0.931579	13.2781	1.43164	68.4643	
0.930242	-0.00757182	-0.366869	0.00336655	0.999921	-0.0121011	0.366931	0.0100219	0.930194	13.634	1.44276	69.3717	
0.933836	-0.00758242	-0.35762	0.011429	0.999897	0.00864374	0.357518	-0.0121591	0.933827	13.9871	1.44172	70.2802	
0.937336	-0.00781309	-0.348339	0.0192796	0.99938	0.0294633	0.347892	-0.0343328	0.936906	14.3309	1.41906	71.192	
0.94074	-0.00826369	-0.339029	0.0269136	0.998369	0.0503451	0.33806	-0.0564862	0.939428	14.6652	1.37479	72.1065	
0.944044	-0.00893395	-0.329697	0.0343265	0.996866	0.0712769	0.328027	-0.078606	0.941392	14.9899	1.30895	73.0232	
0.947249	-0.00982347	-0.320349	0.041514	0.99487	0.0922462	0.3178	-0.100679	0.942797	15.3047	1.22157	73.9416	
0.95035	-0.0109317	-0.31099	0.0484717	0.992385	0.113241	0.307383	-0.122692	0.943643	15.6094	1.1127	74.861	
0.953348	-0.0122581	-0.301624	0.0551955	0.989409	0.134248	0.296784	-0.144633	0.943928	15.9038	0.982402	75.781	
0.95624	-0.0138017	-0.292259	0.0616815	0.985947	0.155255	0.286009	-0.166488	0.943653	16.1879	0.830763	76.701	
0.959023	-0.0155617	-0.282899	0.0679257	0.981999	0.176249	0.275064	-0.188243	0.942817	16.4614	0.657868	77.6205	
0.961698	-0.017537	-0.273551	0.0739245	0.977568	0.197219	0.263956	-0.209887	0.941422	16.7241	0.46382	78.5389	
0.964261	-0.0197265	-0.264219	0.0796743	0.972657	0.218152	0.252691	-0.231407	0.939467	16.9759	0.248734	79.4556	
0.966712	-0.0221288	-0.254909	0.0851717	0.967268	0.239034	0.241276	-0.252789	0.936955	17.2167	0.0127384	80.3702	
0.969049	-0.0247426	-0.245627	0.0904134	0.961406	0.259855	0.229717	-0.27402	0.933886	17.4462	-0.244027	81.282	
0.97127	-0.0275662	-0.236378	0.0953964	0.955072	0.280601	0.218023	-0.295089	0.930263	17.6644	-0.52141	82.1906	
0.973375	-0.0305981	-0.227167	0.100118	0.948271	0.301261	0.206198	-0.315983	0.926087	17.8712	-0.819246	83.0954	
0.975362	-0.0338363	-0.218001	0.104574	0.941008	0.321821	0.194252	-0.33669	0.921361	18.0664	-1.13736	83.9958	
0.977229	-0.037279	-0.208885	0.108764	0.933285	0.34227	0.18219	-0.357196	0.916088	18.2499	-1.47556	84.8914	
0.978977	-0.0409242	-0.199823	0.112683	0.925109	0.362596	0.170019	-0.37749	0.910272	18.4215	-1.83364	85.7815	
0.980603	-0.0447696	-0.190822	0.116331	0.916483	0.382786	0.157748	-0.39756	0.903915	18.5813	-2.2114	86.6658	
0.982107	-0.048813	-0.181887	0.119705	0.907414	0.402829	0.145383	-0.417394	0.897021	18.729	-2.6086	87.5435	
0.983488	-0.0530519	-0.173023	0.122802	0.897905	0.422713	0.132932	-0.43698	0.889594	18.8647	-3.02502	88.4143	
0.984745	-0.057484	-0.164235	0.125622	0.887964	0.442425	0.120402	-0.456307	0.881639	18.9881	-3.46041	89.2776	
0.985877	-0.0621065	-0.155528	0.128161	0.877595	0.461954	0.1078	-0.475363	0.873161	19.0994	-3.9145	90.1329	
0.986884	-0.0669166	-0.146908	0.13042	0.866805	0.481289	0.0951348	-0.494136	0.864164	19.1983	-4.38704	90.9797	
0.987765	-0.0719116	-0.138381	0.132396	0.855601	0.500418	0.0824127	-0.512616	0.854654	19.2848	-4.87772	91.8174	
0.988519	-0.0770885	-0.12995	0.134088	0.843989	0.519329	0.0696417	-0.530792	0.844636	19.3589	-5.38628	92.6457	
