1	0	0	0	1	0	0	0	1	0	0	0	
0.999999	1.95319e-06	-0.00148211	1.95319e-06	0.999997	0.00263567	0.00148211	-0.00263567	0.999995	0.000722344	-0.00128456	0.974746	
0.999996	7.83493e-06	-0.00296838	7.83536e-06	0.999986	0.00527902	0.00296838	-0.00527902	0.999982	0.0028914	-0.00514198	1.94948	
0.99999	1.76782e-05	-0.00445873	1.768e-05	0.999969	0.00792993	0.00445873	-0.00792993	0.999959	0.00651118	-0.0115797	2.9242	
0.999982	3.15155e-05	-0.00595309	3.15199e-05	0.999944	0.0105883	0.00595309	-0.0105883	0.999926	0.0115856	-0.020605	3.89889	
0.999972	4.93787e-05	-0.00745141	4.93875e-05	0.999912	0.013254	0.00745141	-0.013254	0.999884	0.0181186	-0.0322251	4.87355	
0.99996	7.12994e-05	-0.0089536	7.13148e-05	0.999873	0.0159268	0.0089536	-0.0159268	0.999833	0.026114	-0.046447	5.84816	
0.999945	9.73082e-05	-0.0104596	9.7333e-05	0.999827	0.0186068	0.0104596	-0.0186068	0.999772	0.0355755	-0.0632778	6.82272	
0.999928	0.000127436	-0.0119693	0.000127473	0.999773	0.0212936	0.0119693	-0.0212936	0.999702	0.0465068	-0.0827242	7.79721	
0.999909	0.000161712	-0.0134827	0.000161765	0.999712	0.0239874	0.0134827	-0.0239874	0.999621	0.0589115	-0.104793	8.77163	
0.999887	0.000200165	-0.0149997	0.000200239	0.999644	0.0266878	0.0149997	-0.0266878	0.999531	0.0727931	-0.129491	9.74596	
0.999864	0.000242825	-0.0165203	0.000242924	0.999568	0.0293948	0.0165203	-0.0293948	0.999431	0.0881551	-0.156824	10.7202	
0.999837	0.00028972	-0.0180443	0.000289848	0.999484	0.0321083	0.0180443	-0.0321083	0.999322	0.105001	-0.186799	11.6943	
0.999808	0.000340877	-0.0195717	0.00034104	0.999393	0.0348281	0.0195717	-0.0348281	0.999202	0.123334	-0.219422	12.6684	
0.999777	0.000396323	-0.0211024	0.000396528	0.999295	0.0375542	0.0211024	-0.0375542	0.999072	0.143158	-0.254699	13.6423	
0.999744	0.000456085	-0.0226364	0.000456338	0.999188	0.0402863	0.0226364	-0.0402863	0.998932	0.164475	-0.292637	14.6161	
0.999708	0.000520189	-0.0241735	0.000520496	0.999074	0.0430244	0.0241735	-0.0430244	0.998782	0.187289	-0.33324	15.5897	
0.999669	0.000588659	-0.0257138	0.00058903	0.998952	0.0457684	0.0257138	-0.0457684	0.998621	0.211602	-0.376516	16.5632	
0.999628	0.000661522	-0.0272571	0.000661963	0.998822	0.0485181	0.0272571	-0.0485181	0.99845	0.237419	-0.422468	17.5365	
0.999585	0.000738802	-0.0288033	0.000739321	0.998684	0.0512734	0.0288033	-0.0512734	0.998269	0.264741	-0.471104	18.5096	
0.999539	0.000820521	-0.0303525	0.000821129	0.998539	0.0540341	0.0303525	-0.0540341	0.998078	0.293572	-0.522428	19.4826	
0.999491	0.000906703	-0.0319045	0.000907408	0.998385	0.0568003	0.0319045	-0.0568003	0.997876	0.323915	-0.576446	20.4554	
0.99944	0.000997371	-0.0334593	0.000998184	0.998224	0.0595716	0.0334593	-0.0595716	0.997663	0.355771	-0.633163	21.428	
0.999386	0.00109255	-0.0350167	0.00109348	0.998054	0.0623481	0.0350167	-0.0623481	0.99744	0.389145	-0.692583	22.4003	
0.99933	0.00119225	-0.0365768	0.00119331	0.997876	0.0651295	0.0365768	-0.0651295	0.997206	0.424038	-0.754713	23.3725	
0.999272	0.0012965	-0.0381395	0.00129771	0.99769	0.0679158	0.0381394	-0.0679158	0.996962	0.460452	-0.819555	24.3444	
0.99921	0.00140533	-0.0397046	0.00140668	0.997496	0.0707068	0.0397045	-0.0707069	0.996707	0.498391	-0.887117	25.316	
0.999147	0.00151874	-0.0412721	0.00152026	0.997294	0.0735025	0.041272	-0.0735025	0.996441	0.537857	-0.9574	26.2874	
0.999081	0.00163677	-0.0428419	0.00163846	0.997083	0.0763026	0.0428419	-0.0763026	0.996164	0.578852	-1.03041	27.2586	
0.999012	0.00175942	-0.0444141	0.00176131	0.996865	0.0791071	0.044414	-0.0791071	0.995876	0.621379	-1.10615	28.2295	
0.99894	0.00188671	-0.0459884	0.00188881	0.996637	0.0819158	0.0459883	-0.0819158	0.995578	0.665438	-1.18463	29.2	
0.998866	0.00201867	-0.0475648	0.00202099	0.996402	0.0847286	0.0475647	-0.0847286	0.995268	0.711034	-1.26585	30.1703	
0.998789	0.0021553	-0.0491433	0.00215786	0.996158	0.0875454	0.0491432	-0.0875455	0.994948	0.758167	-1.34981	31.1403	
0.99871	0.00229663	-0.0507238	0.00229945	0.995906	0.0903661	0.0507237	-0.0903661	0.994616	0.806839	-1.43652	32.11	
0.998628	0.00244268	-0.0523062	0.00244576	0.995645	0.0931905	0.0523061	-0.0931905	0.994273	0.857053	-1.52598	33.0793	
0.998543	0.00259344	-0.0538905	0.00259681	0.995376	0.0960185	0.0538903	-0.0960185	0.99392	0.908811	-1.6182	34.0483	
0.998456	0.00274895	-0.0554765	0.00275262	0.995099	0.0988499	0.0554763	-0.09885	0.993555	0.962113	-1.71317	35.0169	
0.998366	0.00290921	-0.0570642	0.0029132	0.994812	0.101685	0.057064	-0.101685	0.993179	1.01696	-1.81091	35.9852	
0.998274	0.00307424	-0.0586536	0.00307857	0.994518	0.104523	0.0586534	-0.104523	0.992791	1.07336	-1.91141	36.9531	
0.998178	0.00324405	-0.0602445	0.00324874	0.994214	0.107364	0.0602443	-0.107364	0.992393	1.13131	-2.01468	37.9207	
0.99808	0.00341864	-0.0618369	0.00342371	0.993903	0.110208	0.0618367	-0.110208	0.991983	1.19081	-2.12072	38.8878	
0.99798	0.00359804	-0.0634308	0.00360351	0.993582	0.113055	0.0634305	-0.113055	0.991562	1.25186	-2.22953	39.8545	
0.997876	0.00378225	-0.065026	0.00378814	0.993253	0.115905	0.0650256	-0.115905	0.991129	1.31446	-2.34112	40.8208	
0.99777	0.00397129	-0.0666224	0.00397762	0.992915	0.118757	0.0666221	-0.118758	0.990686	1.37863	-2.45549	41.7867	
0.997662	0.00416516	-0.0682201	0.00417195	0.992569	0.121612	0.0682197	-0.121612	0.990231	1.44434	-2.57264	42.7522	
0.99755	0.00436387	-0.069819	0.00437115	0.992214	0.124469	0.0698185	-0.12447	0.989764	1.51162	-2.69257	43.7172	
0.997436	0.00456743	-0.0714189	0.00457521	0.99185	0.127329	0.0714184	-0.127329	0.989286	1.58046	-2.81529	44.6817	
0.997319	0.00477584	-0.0730198	0.00478416	0.991477	0.13019	0.0730192	-0.130191	0.988797	1.65085	-2.9408	45.6458	
0.997199	0.00498912	-0.0746216	0.004998	0.991096	0.133054	0.074621	-0.133054	0.988296	1.72281	-3.0691	46.6093	
0.997077	0.00520727	-0.0762243	0.00521673	0.990706	0.135919	0.0762236	-0.13592	0.987783	1.79633	-3.20019	47.5724	
0.996952	0.0054303	-0.0778278	0.00544036	0.990307	0.138787	0.0778271	-0.138787	0.987259	1.87141	-3.33408	48.535	
0.996824	0.00565821	-0.079432	0.0056689	0.9899	0.141655	0.0794312	-0.141656	0.986724	1.94805	-3.47076	49.4971	
0.996694	0.005891	-0.0810368	0.00590235	0.989483	0.144525	0.081036	-0.144526	0.986177	2.02626	-3.61023	50.4586	
0.99656	0.00612869	-0.0826423	0.00614072	0.989058	0.147397	0.0826414	-0.147398	0.985619	2.10603	-3.75251	51.4196	
0.996424	0.00637126	-0.0842482	0.00638401	0.988624	0.15027	0.0842472	-0.15027	0.985049	2.18737	-3.89759	52.3801	
0.996286	0.00661874	-0.0858546	0.00663222	0.988182	0.153144	0.0858536	-0.153144	0.984467	2.27027	-4.04546	53.34	
0.996144	0.00687111	-0.0874614	0.00688536	0.98773	0.156019	0.0874602	-0.156019	0.983874	2.35474	-4.19614	54.2993	
0.996	0.00712838	-0.0890684	0.00714343	0.98727	0.158895	0.0890672	-0.158895	0.98327	2.44077	-4.34962	55.258	
0.995853	0.00739055	-0.0906757	0.00740643	0.986801	0.161771	0.0906745	-0.161772	0.982654	2.52837	-4.50591	56.2162	
0.995703	0.00765763	-0.0922832	0.00767436	0.986322	0.164648	0.0922818	-0.164649	0.982026	2.61754	-4.665	57.1737	
0.995551	0.0079296	-0.0938908	0.00794722	0.985836	0.167526	0.0938893	-0.167527	0.981387	2.70828	-4.82689	58.1306	
0.995396	0.00820647	-0.0954984	0.00822501	0.98534	0.170404	0.0954968	-0.170405	0.980736	2.80058	-4.99159	59.0869	
0.995238	0.00848824	-0.0971059	0.00850773	0.984835	0.173282	0.0971042	-0.173283	0.980073	2.89445	-5.15909	60.0426	
0.995077	0.00877491	-0.0987134	0.00879537	0.984322	0.176161	0.0987116	-0.176162	0.979399	2.98988	-5.3294	60.9976	
0.994548	0.00970286	-0.103827	0.00910214	0.983784	0.179125	0.103882	-0.179093	0.978332	3.08862	-5.50255	61.9517	
0.993992	0.0106462	-0.108936	0.00942504	0.983237	0.182091	0.109048	-0.182023	0.977229	3.1924	-5.67855	62.9048	
0.993408	0.011605	-0.114039	0.00976407	0.982679	0.185057	0.114212	-0.18495	0.976089	3.30121	-5.8574	63.8568	
0.992798	0.0125792	-0.119137	0.0101192	0.982112	0.188023	0.119371	-0.187874	0.974912	3.41505	-6.0391	64.8077	
0.992161	0.0135687	-0.124229	0.0104904	0.981536	0.190989	0.124527	-0.190795	0.973699	3.53392	-6.22366	65.7574	
0.991496	0.0145735	-0.129315	0.0108777	0.98095	0.193954	0.129678	-0.193711	0.97245	3.65782	-6.41106	66.7059	
0.990805	0.0155936	-0.134394	0.0112809	0.980355	0.196917	0.134825	-0.196622	0.971165	3.78673	-6.6013	67.6531	
0.990087	0.0166288	-0.139467	0.0117001	0.979751	0.199878	0.139966	-0.199528	0.969844	3.92065	-6.79437	68.5991	
0.989342	0.0176793	-0.144532	0.0121352	0.979137	0.202836	0.145103	-0.202428	0.968487	4.05959	-6.99027	69.5438	
0.98857	0.0187448	-0.14959	0.0125861	0.978515	0.205791	0.150233	-0.205322	0.967095	4.20353	-7.189	70.4872	
0.984618	0.0237483	-0.173099	0.0126968	0.978375	0.20645	0.174259	-0.205472	0.963024	4.36169	-7.38922	71.4279	
0.980082	0.028754	-0.196502	0.0128238	0.978235	0.207105	0.19818	-0.2055	0.958381	4.54321	-7.58953	72.3644	
0.974964	0.0337589	-0.219785	0.0129671	0.978095	0.207757	0.221984	-0.205405	0.953169	4.748	-7.7898	73.2961	
0.969268	0.03876	-0.242934	0.0131266	0.977955	0.208405	0.245656	-0.205189	0.947391	4.97593	-7.98992	74.2224	
0.962997	0.0437544	-0.265936	0.0133022	0.977815	0.209049	0.269183	-0.204851	0.941051	5.22686	-8.18978	75.1429	
0.956155	0.048739	-0.288776	0.0134937	0.977675	0.209689	0.292549	-0.204391	0.934152	5.50064	-8.38924	76.0568	
0.948746	0.053711	-0.311442	0.0137012	0.977536	0.210323	0.315742	-0.20381	0.926698	5.79712	-8.5882	76.9638	
0.940774	0.0586673	-0.333919	0.0139244	0.977397	0.210953	0.338747	-0.203108	0.918693	6.11612	-8.78653	77.8632	
0.932245	0.0636051	-0.356194	0.0141632	0.977259	0.211576	0.361551	-0.202286	0.910143	6.45745	-8.98412	78.7546	
0.923162	0.0685214	-0.378255	0.0144175	0.977121	0.212194	0.384141	-0.201343	0.901053	6.82089	-9.18085	79.6374	
0.913532	0.0734132	-0.400088	0.0146872	0.976984	0.212805	0.406502	-0.20028	0.891428	7.20625	-9.3766	80.511	
0.90336	0.0782777	-0.42168	0.014972	0.976848	0.21341	0.428622	-0.199099	0.881273	7.61329	-9.57125	81.375	
0.892652	0.083112	-0.443018	0.0152718	0.976713	0.214007	0.450487	-0.1978	0.870595	8.04177	-9.7647	82.2289	
0.881415	0.0879132	-0.464089	0.0155864	0.976578	0.214597	0.472085	-0.196383	0.8594	8.49143	-9.95682	83.0721	
0.869655	0.0926785	-0.484882	0.0159157	0.976445	0.215179	0.493403	-0.194849	0.847695	8.962	-10.1475	83.9041	
0.85738	0.097405	-0.505383	0.0162594	0.976313	0.215753	0.514428	-0.1932	0.835487	9.45322	-10.3366	84.7245	
0.844596	0.10209	-0.525581	0.0166173	0.976181	0.216319	0.535147	-0.191436	0.822782	9.96478	-10.5241	85.5328	
0.831311	0.106731	-0.545464	0.0169893	0.976051	0.216876	0.555548	-0.189558	0.809589	10.4964	-10.7098	86.3284	
0.817533	0.111324	-0.565019	0.0173751	0.975923	0.217423	0.57562	-0.187568	0.795915	11.0477	-10.8936	87.1109	
0.80327	0.115868	-0.584236	0.0177744	0.975796	0.217961	0.595349	-0.185466	0.781768	11.6184	-11.0754	87.8798	
0.788531	0.120359	-0.603102	0.0181871	0.97567	0.218489	0.614725	-0.183254	0.767157	12.2082	-11.2551	88.6348	
0.773325	0.124795	-0.621607	0.0186129	0.975546	0.219008	0.633737	-0.180934	0.752091	12.8167	-11.4327	89.3753	
0.75766	0.129173	-0.639739	0.0190515	0.975423	0.219515	0.652371	-0.178506	0.736578	13.4436	-11.6078	90.1008	
0.741546	0.13349	-0.657488	0.0195026	0.975302	0.220012	0.670619	-0.175972	0.720628	14.0884	-11.7806	90.8111	
0.724992	0.137745	-0.674843	0.0199661	0.975183	0.220498	0.688468	-0.173333	0.704249	14.7508	-11.9509	91.5056	
0.708008	0.141934	-0.691794	0.0204417	0.975066	0.220973	0.705908	-0.170592	0.687453	15.4304	-12.1185	92.1839	
