1	0	0	0	1	0	0	0	1	0	0	0	
1	6.00466e-07	0.000778745	6.00466e-07	0.999999	-0.00154214	-0.000778745	0.00154214	0.999999	-0.000345126	0.000683448	0.886363	
0.999999	2.40615e-06	0.00155889	2.40609e-06	0.999995	-0.00308696	-0.00155889	0.00308696	0.999994	-0.00138112	0.00273498	1.77272	
0.999997	5.42335e-06	0.0023404	5.4231e-06	0.999989	-0.00463442	-0.0023404	0.00463442	0.999987	-0.00310921	0.00615696	2.65908	
0.999995	9.65818e-06	0.00312324	9.65756e-06	0.999981	-0.00618444	-0.00312324	0.00618444	0.999976	-0.0055306	0.0109517	3.54543	
0.999992	1.51166e-05	0.0039074	1.51154e-05	0.99997	-0.00773698	-0.0039074	0.00773698	0.999962	-0.00864645	0.0171214	4.43176	
0.999989	2.18045e-05	0.00469284	2.18023e-05	0.999957	-0.00929197	-0.00469284	0.00929197	0.999946	-0.0124579	0.0246683	5.31809	
0.999985	2.97275e-05	0.00547952	2.9724e-05	0.999941	-0.0108494	-0.00547952	0.0108494	0.999926	-0.0169661	0.0335946	6.20439	
0.99998	3.8891e-05	0.00626743	3.88858e-05	0.999923	-0.0124091	-0.00626743	0.0124091	0.999903	-0.0221722	0.0439023	7.09068	
0.999975	4.93004e-05	0.00705653	4.92929e-05	0.999902	-0.0139711	-0.00705653	0.0139711	0.999877	-0.0280771	0.0555935	7.97695	
0.999969	6.09609e-05	0.00784679	6.09505e-05	0.999879	-0.0155353	-0.00784679	0.0155353	0.999849	-0.034682	0.0686702	8.86319	
0.999963	7.38774e-05	0.00863818	7.38636e-05	0.999854	-0.0171017	-0.00863818	0.0171017	0.999816	-0.0419878	0.0831343	9.74941	
0.999956	8.80547e-05	0.00943068	8.80367e-05	0.999826	-0.0186702	-0.00943068	0.0186702	0.999781	-0.0499956	0.0989877	10.6356	
0.999948	0.000103498	0.0102242	0.000103475	0.999795	-0.0202407	-0.0102242	0.0202407	0.999743	-0.0587063	0.116232	11.5217	
0.999939	0.00012021	0.0110189	0.000120182	0.999762	-0.0218132	-0.0110189	0.0218132	0.999701	-0.0681209	0.13487	12.4079	
0.99993	0.000138198	0.0118145	0.000138162	0.999726	-0.0233876	-0.0118145	0.0233876	0.999657	-0.0782402	0.154902	13.2939	
0.99992	0.000157463	0.0126111	0.00015742	0.999688	-0.0249639	-0.0126111	0.0249639	0.999609	-0.0890652	0.176331	14.18	
0.99991	0.000178012	0.0134087	0.00017796	0.999648	-0.026542	-0.0134087	0.026542	0.999558	-0.100597	0.199157	15.066	
0.999899	0.000199846	0.0142071	0.000199784	0.999604	-0.0281219	-0.0142071	0.0281219	0.999504	-0.112835	0.223383	15.9519	
0.999887	0.00022297	0.0150065	0.000222898	0.999559	-0.0297034	-0.0150065	0.0297034	0.999446	-0.125782	0.24901	16.8378	
0.999875	0.000247388	0.0158068	0.000247303	0.99951	-0.0312866	-0.0158068	0.0312866	0.999385	-0.139438	0.27604	17.7237	
0.999862	0.000273102	0.0166078	0.000273004	0.99946	-0.0328713	-0.0166078	0.0328713	0.999322	-0.153804	0.304473	18.6095	
0.999848	0.000300117	0.0174097	0.000300004	0.999406	-0.0344576	-0.0174097	0.0344575	0.999255	-0.16888	0.334312	19.4952	
0.999834	0.000328433	0.0182124	0.000328304	0.99935	-0.0360452	-0.0182124	0.0360452	0.999184	-0.184667	0.365558	20.3809	
0.999819	0.000358056	0.0190158	0.000357909	0.999292	-0.0376343	-0.0190158	0.0376343	0.999111	-0.201166	0.398211	21.2665	
0.999803	0.000388986	0.0198199	0.00038882	0.99923	-0.0392248	-0.0198199	0.0392248	0.999034	-0.218377	0.432274	22.152	
0.999787	0.000421228	0.0206247	0.00042104	0.999167	-0.0408164	-0.0206247	0.0408164	0.998954	-0.236301	0.467747	23.0375	
0.99977	0.000454781	0.0214302	0.000454571	0.9991	-0.0424093	-0.0214302	0.0424093	0.99887	-0.254939	0.504631	23.9229	
0.999753	0.00048965	0.0222362	0.000489416	0.999031	-0.0440034	-0.0222362	0.0440034	0.998784	-0.274292	0.542928	24.8082	
0.999734	0.000525836	0.0230429	0.000525575	0.99896	-0.0455985	-0.0230429	0.0455985	0.998694	-0.294358	0.582637	25.6935	
0.999715	0.000563339	0.0238502	0.00056305	0.998886	-0.0471947	-0.0238502	0.0471947	0.998601	-0.315141	0.623762	26.5786	
0.999696	0.000602163	0.0246579	0.000601844	0.998809	-0.0487919	-0.0246579	0.0487919	0.998505	-0.336639	0.666301	27.4637	
0.999675	0.000642309	0.0254662	0.000641957	0.998729	-0.05039	-0.0254662	0.05039	0.998405	-0.358853	0.710257	28.3487	
0.999655	0.000683776	0.026275	0.00068339	0.998647	-0.0519889	-0.026275	0.0519889	0.998302	-0.381783	0.755629	29.2336	
0.999633	0.000726568	0.0270841	0.000726145	0.998563	-0.0535886	-0.0270842	0.0535886	0.998196	-0.405431	0.802419	30.1184	
0.999611	0.000770683	0.0278938	0.000770222	0.998476	-0.0551891	-0.0278938	0.0551891	0.998086	-0.429796	0.850628	31.0031	
0.999588	0.000816124	0.0287037	0.000815621	0.998386	-0.0567902	-0.0287038	0.0567902	0.997973	-0.454879	0.900255	31.8877	
0.999564	0.00086289	0.0295141	0.000862344	0.998293	-0.0583919	-0.0295141	0.0583919	0.997857	-0.480681	0.951301	32.7723	
0.99954	0.000910982	0.0303248	0.00091039	0.998198	-0.0599942	-0.0303248	0.0599942	0.997738	-0.5072	1.00377	33.6567	
0.999515	0.0009604	0.0311357	0.000959759	0.998101	-0.061597	-0.0311357	0.061597	0.997615	-0.534438	1.05766	34.541	
0.999489	0.00101114	0.0319469	0.00101045	0.998	-0.0632003	-0.031947	0.0632003	0.997489	-0.562395	1.11296	35.4252	
0.999463	0.00106321	0.0327584	0.00106247	0.997897	-0.0648039	-0.0327584	0.0648039	0.99736	-0.591072	1.16969	36.3093	
0.999436	0.00111661	0.0335701	0.0011158	0.997792	-0.0664078	-0.0335701	0.0664078	0.997228	-0.620467	1.22784	37.1932	
0.999408	0.00117132	0.0343819	0.00117046	0.997684	-0.068012	-0.0343819	0.068012	0.997092	-0.650582	1.28742	38.0771	
0.99938	0.00122737	0.0351939	0.00122644	0.997573	-0.0696164	-0.0351939	0.0696164	0.996953	-0.681417	1.34841	38.9608	
0.999351	0.00128473	0.036006	0.00128374	0.99746	-0.071221	-0.036006	0.0712209	0.99681	-0.712972	1.41083	39.8444	
0.999321	0.00134342	0.0368181	0.00134236	0.997344	-0.0728256	-0.0368182	0.0728255	0.996665	-0.745246	1.47467	40.7279	
0.999291	0.00140342	0.0376303	0.0014023	0.997225	-0.0744302	-0.0376304	0.0744302	0.996516	-0.77824	1.53993	41.6112	
0.99926	0.00146475	0.0384426	0.00146355	0.997104	-0.0760348	-0.0384426	0.0760348	0.996364	-0.811954	1.60661	42.4944	
0.999228	0.00152739	0.0392548	0.00152611	0.99698	-0.0776393	-0.0392549	0.0776392	0.996208	-0.846388	1.67472	43.3775	
0.999196	0.00159135	0.040067	0.00158999	0.996854	-0.0792436	-0.0400671	0.0792436	0.99605	-0.881543	1.74424	44.2604	
0.999163	0.00165662	0.0408791	0.00165518	0.996725	-0.0808477	-0.0408792	0.0808477	0.995888	-0.917416	1.81519	45.1432	
0.999129	0.0017232	0.0416912	0.00172167	0.996594	-0.0824516	-0.0416912	0.0824515	0.995723	-0.95401	1.88756	46.0259	
0.999095	0.00179109	0.0425031	0.00178947	0.99646	-0.0840551	-0.0425031	0.084055	0.995554	-0.991324	1.96136	46.9084	
0.99906	0.00186029	0.0433148	0.00185857	0.996323	-0.0856582	-0.0433149	0.0856581	0.995383	-1.02936	2.03657	47.7907	
0.999024	0.00193078	0.0441264	0.00192897	0.996184	-0.0872608	-0.0441264	0.0872608	0.995208	-1.06811	2.1132	48.6729	
0.998988	0.00200258	0.0449377	0.00200067	0.996042	-0.0888629	-0.0449378	0.0888629	0.99503	-1.10758	2.19126	49.5549	
0.998951	0.00207568	0.0457488	0.00207366	0.995898	-0.0904645	-0.0457489	0.0904645	0.994848	-1.14777	2.27073	50.4368	
0.998913	0.00215006	0.0465596	0.00214793	0.995751	-0.0920654	-0.0465597	0.0920654	0.994664	-1.18868	2.35163	51.3185	
0.998875	0.00222574	0.0473701	0.0022235	0.995601	-0.0936657	-0.0473702	0.0936656	0.994476	-1.23031	2.43394	52.2001	
0.998974	0.00202409	0.045232	0.00223535	0.995577	-0.0939202	-0.045222	0.093925	0.994552	-1.27134	2.51708	53.0816	
0.999069	0.00182179	0.0430927	0.00224671	0.995553	-0.0941763	-0.0430727	0.0941854	0.994622	-1.31047	2.60044	53.9631	
0.99916	0.00161884	0.0409524	0.00225759	0.995529	-0.0944338	-0.0409222	0.094447	0.994688	-1.3477	2.68404	54.8448	
0.999246	0.00141524	0.0388111	0.00226797	0.995504	-0.0946929	-0.0387706	0.0947094	0.99475	-1.38302	2.76787	55.7265	
0.999327	0.001211	0.0366689	0.00227783	0.995479	-0.0949532	-0.0366181	0.0949728	0.994806	-1.41643	2.85194	56.6082	
0.999403	0.00100612	0.0345258	0.00228718	0.995454	-0.0952148	-0.0344646	0.095237	0.994858	-1.44793	2.93623	57.49	
0.999475	0.000800614	0.0323819	0.002296	0.995429	-0.0954776	-0.0323103	0.0955019	0.994905	-1.47752	3.02077	58.3718	
0.999543	0.000594473	0.0302373	0.00230428	0.995404	-0.0957416	-0.0301553	0.0957674	0.994947	-1.50521	3.10553	59.2537	
0.999605	0.000387707	0.0280921	0.00231203	0.995378	-0.0960065	-0.0279995	0.0960336	0.994984	-1.53098	3.19054	60.1356	
0.999663	0.000180321	0.0259464	0.00231922	0.995352	-0.0962724	-0.0258432	0.0963002	0.995017	-1.55484	3.27578	61.0175	
0.999717	-2.76811e-05	0.0238002	0.00232586	0.995326	-0.0965392	-0.0236863	0.0965672	0.995045	-1.57679	3.36125	61.8995	
0.999766	-0.000236293	0.0216535	0.00233194	0.9953	-0.0968067	-0.0215289	0.0968345	0.995068	-1.59683	3.44696	62.7814	
0.99981	-0.000445509	0.0195066	0.00233745	0.995274	-0.097075	-0.0193712	0.0971021	0.995086	-1.61496	3.53291	63.6634	
0.999849	-0.000655325	0.0173594	0.00234239	0.995248	-0.0973439	-0.0172131	0.0973698	0.995099	-1.63117	3.6191	64.5455	
0.999884	-0.000865734	0.015212	0.00234676	0.995222	-0.0976133	-0.0150548	0.0976377	0.995108	-1.64547	3.70552	65.4275	
0.999914	-0.00107673	0.0130645	0.00235055	0.995195	-0.0978832	-0.0128963	0.0979055	0.995112	-1.65786	3.79218	66.3095	
0.99994	-0.00128831	0.010917	0.00235376	0.995169	-0.0981535	-0.0107378	0.0981733	0.995111	-1.66833	3.87908	67.1915	
0.99996	-0.00150046	0.00876946	0.00235639	0.995142	-0.0984241	-0.00857918	0.0984409	0.995106	-1.6769	3.96622	68.0736	
0.999977	-0.00171318	0.00662208	0.00235843	0.995115	-0.0986949	-0.00642065	0.0987082	0.995096	-1.68354	4.05359	68.9556	
0.999988	-0.00192646	0.00447489	0.00235988	0.995088	-0.0989659	-0.00426225	0.0989753	0.995081	-1.68828	4.1412	69.8376	
0.999995	-0.00214029	0.00232795	0.00236075	0.995061	-0.099237	-0.00210406	0.099242	0.995061	-1.6911	4.22905	70.7196	
0.999997	-0.00235467	0.000181354	0.00236103	0.995034	-0.099508	5.38552e-05	0.0995082	0.995037	-1.69201	4.31713	71.6016	
0.999792	-0.00427515	-0.019948	0.00245303	0.995894	-0.0904894	0.0202529	0.0904216	0.995698	-1.68301	4.40131	72.4839	
0.999178	-0.00601142	-0.0400858	0.00272799	0.996672	-0.081467	0.0404421	0.0812907	0.99587	-1.65611	4.47741	73.3665	
0.998156	-0.00756263	-0.0602221	0.0031858	0.997367	-0.0724453	0.0606114	0.0721198	0.995553	-1.61132	4.5454	74.2491	
0.996727	-0.00892803	-0.080347	0.00382621	0.997979	-0.0634286	0.0807509	0.0629136	0.994747	-1.54867	4.60525	75.1312	
0.994891	-0.0101069	-0.100451	0.00464892	0.998507	-0.0544215	0.100851	0.0536764	0.993453	-1.46818	4.65692	76.0124	
0.992648	-0.0110988	-0.120523	0.00565352	0.998952	-0.0454283	0.120901	0.0444129	0.991671	-1.3699	4.70039	76.8922	
0.990001	-0.011903	-0.140555	0.00683952	0.999312	-0.0364534	0.140892	0.0351276	0.989402	-1.25388	4.73565	77.7702	
0.986951	-0.0125194	-0.160536	0.00820634	0.999588	-0.0275013	0.160814	0.025825	0.986647	-1.12016	4.76266	78.646	
0.983498	-0.0129474	-0.180456	0.00975331	0.99978	-0.0185764	0.180657	0.0165098	0.983408	-0.96882	4.78142	79.5191	
0.979645	-0.013187	-0.200306	0.0114797	0.999887	-0.00968298	0.200411	0.00718644	0.979686	-0.799931	4.79193	80.3892	
0.975393	-0.0132381	-0.220076	0.0133845	0.99991	-0.000825484	0.220067	-0.00214044	0.975482	-0.613575	4.79416	81.2557	
0.970745	-0.0131005	-0.239755	0.015467	0.999848	0.00799176	0.239614	-0.0114663	0.9708	-0.409844	4.78813	82.1183	
0.965703	-0.0127743	-0.259336	0.0177261	0.999702	0.0167644	0.259044	-0.0207865	0.965642	-0.188839	4.77384	82.9765	
0.960269	-0.0122598	-0.278807	0.0201607	0.999472	0.0254882	0.278347	-0.0300965	0.960009	0.0493332	4.75129	83.83	
0.954446	-0.0115572	-0.29816	0.0227695	0.999157	0.0341588	0.297514	-0.0393917	0.953905	0.304555	4.72049	84.6782	
0.948237	-0.0106668	-0.317384	0.0255513	0.998758	0.042772	0.316534	-0.0486675	0.947332	0.5767	4.68146	85.5208	
0.941645	-0.00958904	-0.336471	0.0285047	0.998275	0.0513235	0.335398	-0.0579195	0.940294	0.865637	4.63422	86.3574	
0.934673	-0.00832447	-0.355411	0.0316284	0.997709	0.0598091	0.354098	-0.0671431	0.932795	1.17122	4.57879	87.1876	
