1	0	0	0	1	0	0	0	1	0	0	0	
0.999998	-1.09439e-06	0.00178681	-1.09439e-06	0.999999	0.00122497	-0.00178681	-0.00122497	0.999998	-0.000662382	-0.000454104	0.741414	
0.999994	-4.3858e-06	0.00357739	-4.38372e-06	0.999997	0.00245136	-0.00357739	-0.00245136	0.999991	-0.00265093	-0.00181695	1.48282	
0.999986	-9.88594e-06	0.00537172	-9.87759e-06	0.999993	0.00367915	-0.00537172	-0.00367915	0.999979	-0.00596843	-0.00408957	2.22423	
0.999974	-1.76063e-05	0.00716973	-1.75854e-05	0.999988	0.00490828	-0.00716973	-0.00490828	0.999962	-0.0106176	-0.00727299	2.96562	
0.99996	-2.75583e-05	0.00897139	-2.75164e-05	0.999981	0.00613875	-0.00897139	-0.00613875	0.999941	-0.0166013	-0.0113682	3.707	
0.999942	-3.9753e-05	0.0107766	-3.96796e-05	0.999973	0.00737049	-0.0107766	-0.00737049	0.999915	-0.023922	-0.0163762	4.44836	
0.999921	-5.42014e-05	0.0125855	-5.40837e-05	0.999963	0.00860349	-0.0125855	-0.00860349	0.999884	-0.0325825	-0.0222978	5.1897	
0.999896	-7.09144e-05	0.0143978	-7.07375e-05	0.999952	0.00983771	-0.0143978	-0.00983771	0.999848	-0.0425854	-0.0291341	5.93101	
0.999869	-8.99025e-05	0.0162136	-8.96494e-05	0.999939	0.0110731	-0.0162136	-0.0110731	0.999807	-0.0539332	-0.0368859	6.6723	
0.999837	-0.000111176	0.0180328	-0.000110828	0.999924	0.0123097	-0.0180328	-0.0123096	0.999762	-0.0666286	-0.0455541	7.41355	
0.999803	-0.000134746	0.0198554	-0.00013428	0.999908	0.0135473	-0.0198554	-0.0135473	0.999711	-0.080674	-0.0551394	8.15477	
0.999765	-0.000160621	0.0216813	-0.000160015	0.999891	0.014786	-0.0216813	-0.014786	0.999656	-0.0960719	-0.0656428	8.89595	
0.999724	-0.000188812	0.0235105	-0.000188039	0.999872	0.0160258	-0.0235105	-0.0160258	0.999595	-0.112825	-0.077065	9.63709	
0.999679	-0.000219328	0.0253429	-0.000218361	0.999851	0.0172666	-0.0253429	-0.0172666	0.99953	-0.130935	-0.0894067	10.3782	
0.999631	-0.000252179	0.0271785	-0.000250987	0.999829	0.0185084	-0.0271785	-0.0185084	0.999459	-0.150405	-0.102669	11.1192	
0.999579	-0.000287375	0.0290173	-0.000285924	0.999805	0.0197511	-0.0290173	-0.0197511	0.999384	-0.171237	-0.116852	11.8602	
0.999524	-0.000324923	0.0308591	-0.00032318	0.99978	0.0209947	-0.0308592	-0.0209947	0.999303	-0.193434	-0.131957	12.6011	
0.999465	-0.000364834	0.0327041	-0.000362761	0.999753	0.0222392	-0.0327041	-0.0222391	0.999218	-0.216997	-0.147984	13.342	
0.999403	-0.000407116	0.034552	-0.000404674	0.999724	0.0234845	-0.034552	-0.0234845	0.999127	-0.24193	-0.164934	14.0828	
0.999337	-0.000451778	0.0364029	-0.000448924	0.999694	0.0247306	-0.0364029	-0.0247306	0.999031	-0.268233	-0.182807	14.8235	
0.999268	-0.000498827	0.0382567	-0.000495517	0.999662	0.0259775	-0.0382567	-0.0259774	0.99893	-0.29591	-0.201605	15.5642	
0.999195	-0.000548272	0.0401133	-0.000544461	0.999629	0.0272251	-0.0401134	-0.0272251	0.998824	-0.324962	-0.221328	16.3048	
0.999119	-0.000600121	0.0419728	-0.000595759	0.999594	0.0284735	-0.0419729	-0.0284734	0.998713	-0.355392	-0.241976	17.0453	
0.999039	-0.000654382	0.0438351	-0.000649418	0.999558	0.0297225	-0.0438351	-0.0297223	0.998597	-0.387202	-0.263549	17.7857	
0.998955	-0.000711062	0.0457001	-0.000705442	0.99952	0.0309721	-0.0457001	-0.0309719	0.998475	-0.420393	-0.286049	18.526	
0.998868	-0.000770168	0.0475677	-0.000763838	0.99948	0.0322223	-0.0475678	-0.0322221	0.998348	-0.454969	-0.309475	19.2663	
0.998777	-0.000831709	0.049438	-0.000824609	0.999439	0.0334731	-0.0494381	-0.0334729	0.998216	-0.490929	-0.333829	20.0064	
0.998682	-0.00089569	0.0513109	-0.00088776	0.999397	0.0347244	-0.051311	-0.0347242	0.998079	-0.528278	-0.35911	20.7464	
0.998584	-0.000962119	0.0531863	-0.000953296	0.999352	0.0359762	-0.0531865	-0.035976	0.997936	-0.567016	-0.385319	21.4864	
0.998482	-0.001031	0.0550643	-0.00102122	0.999306	0.0372285	-0.0550644	-0.0372282	0.997789	-0.607145	-0.412457	22.2262	
0.998377	-0.00110235	0.0569446	-0.00109154	0.999259	0.0384812	-0.0569448	-0.0384809	0.997635	-0.648668	-0.440522	22.9659	
0.998267	-0.00117616	0.0588274	-0.00116425	0.99921	0.0397342	-0.0588276	-0.0397339	0.997477	-0.691585	-0.469517	23.7055	
0.998155	-0.00125244	0.0607125	-0.00123937	0.999159	0.0409877	-0.0607128	-0.0409873	0.997313	-0.7359	-0.499441	24.445	
0.998038	-0.0013312	0.0625999	-0.00131689	0.999107	0.0422415	-0.0626002	-0.042241	0.997144	-0.781613	-0.530295	25.1844	
0.997917	-0.00141245	0.0644896	-0.00139681	0.999053	0.0434955	-0.0644899	-0.043495	0.99697	-0.828726	-0.562078	25.9236	
0.997793	-0.00149618	0.0663815	-0.00147915	0.998997	0.0447499	-0.0663819	-0.0447493	0.99679	-0.877241	-0.59479	26.6627	
0.997665	-0.00158241	0.0682755	-0.00156389	0.99894	0.0460044	-0.068276	-0.0460038	0.996605	-0.92716	-0.628433	27.4017	
0.997534	-0.00167114	0.0701717	-0.00165106	0.998881	0.0472592	-0.0701722	-0.0472585	0.996415	-0.978484	-0.663006	28.1405	
0.997398	-0.00176238	0.0720699	-0.00174064	0.998821	0.0485141	-0.0720705	-0.0485133	0.996219	-1.03121	-0.698509	28.8792	
0.997259	-0.00185612	0.0739702	-0.00183264	0.998759	0.0497691	-0.0739708	-0.0497682	0.996018	-1.08535	-0.734943	29.6177	
0.997116	-0.00195238	0.0758724	-0.00192706	0.998696	0.0510242	-0.075873	-0.0510233	0.995811	-1.1409	-0.772307	30.3561	
0.996969	-0.00205115	0.0777765	-0.0020239	0.99863	0.0522794	-0.0777773	-0.0522784	0.995599	-1.19786	-0.810602	31.0943	
0.996818	-0.00215245	0.0796826	-0.00212318	0.998564	0.0535346	-0.0796833	-0.0535335	0.995382	-1.25623	-0.849827	31.8324	
0.996663	-0.00225627	0.0815904	-0.00222487	0.998495	0.0547898	-0.0815913	-0.0547885	0.995159	-1.31602	-0.889983	32.5703	
0.996505	-0.00236262	0.0835	-0.002329	0.998426	0.056045	-0.083501	-0.0560436	0.994931	-1.37722	-0.931069	33.3081	
0.996343	-0.0024715	0.0854114	-0.00243555	0.998354	0.0573001	-0.0854124	-0.0572985	0.994697	-1.43984	-0.973086	34.0456	
0.996177	-0.00258292	0.0873244	-0.00254453	0.998281	0.058555	-0.0873256	-0.0585534	0.994458	-1.50387	-1.01603	34.783	
0.996007	-0.00269688	0.0892391	-0.00265594	0.998206	0.0598099	-0.0892404	-0.059808	0.994213	-1.56933	-1.05991	35.5202	
0.995833	-0.00281338	0.0911554	-0.00276979	0.99813	0.0610645	-0.0911567	-0.0610626	0.993963	-1.6362	-1.10472	36.2573	
0.995655	-0.00293242	0.0930732	-0.00288606	0.998052	0.062319	-0.0930747	-0.0623168	0.993707	-1.7045	-1.15046	36.9941	
0.995473	-0.00305401	0.0949925	-0.00300476	0.997973	0.0635732	-0.0949941	-0.0635709	0.993446	-1.77421	-1.19712	37.7308	
0.995189	-0.00323942	0.0979191	-0.00288241	0.998052	0.0623133	-0.0979302	-0.0622958	0.993242	-1.84573	-1.24378	38.4672	
0.994895	-0.00342158	0.100853	-0.00275659	0.998131	0.0610562	-0.100873	-0.0610226	0.993026	-1.91943	-1.2895	39.2036	
0.994592	-0.00360046	0.103794	-0.0026273	0.998207	0.0598019	-0.103823	-0.0597512	0.992799	-1.99531	-1.33427	39.9397	
0.99428	-0.00377603	0.106742	-0.00249454	0.998281	0.0585504	-0.10678	-0.0584817	0.992561	-2.07339	-1.3781	40.6757	
0.993957	-0.00394827	0.109697	-0.00235831	0.998354	0.0573015	-0.109743	-0.057214	0.992312	-2.15365	-1.42099	41.4115	
0.993625	-0.00411716	0.112659	-0.00221861	0.998425	0.0560554	-0.112712	-0.055948	0.992051	-2.23612	-1.46294	42.1471	
0.993283	-0.00428267	0.115627	-0.00207545	0.998495	0.054812	-0.115687	-0.0546838	0.991779	-2.32079	-1.50395	42.8826	
0.992932	-0.00444477	0.118601	-0.00192882	0.998562	0.0535711	-0.118668	-0.0534212	0.991496	-2.40767	-1.54403	43.6178	
0.992571	-0.00460346	0.121581	-0.00177874	0.998628	0.0523329	-0.121655	-0.0521603	0.991201	-2.49675	-1.58317	44.3528	
0.9922	-0.0047587	0.124566	-0.00162519	0.998692	0.0510972	-0.124646	-0.0509011	0.990895	-2.58806	-1.62137	45.0875	
0.991819	-0.00491047	0.127557	-0.00146817	0.998755	0.049864	-0.127643	-0.0496434	0.990577	-2.68159	-1.65864	45.8221	
0.991428	-0.00505875	0.130553	-0.0013077	0.998816	0.0486333	-0.130645	-0.0483872	0.990248	-2.77734	-1.69498	46.5564	
0.991028	-0.00520353	0.133555	-0.00114376	0.998875	0.0474051	-0.133651	-0.0471325	0.989907	-2.87531	-1.73039	47.2905	
0.990617	-0.00534478	0.136561	-0.000976363	0.998933	0.0461792	-0.136662	-0.0458793	0.989555	-2.97552	-1.76487	48.0243	
0.990197	-0.00548248	0.139571	-0.0008055	0.998989	0.0449558	-0.139677	-0.0446275	0.989191	-3.07796	-1.79843	48.7578	
0.989766	-0.00561662	0.142586	-0.000631173	0.999043	0.0437346	-0.142696	-0.043377	0.988816	-3.18264	-1.83105	49.4911	
0.989326	-0.00574718	0.145606	-0.000453379	0.999096	0.0425157	-0.145718	-0.0421279	0.988429	-3.28955	-1.86275	50.224	
0.988876	-0.00587415	0.148629	-0.000272119	0.999147	0.0412991	-0.148744	-0.0408801	0.98803	-3.39871	-1.89352	50.9567	
0.988415	-0.00599749	0.151655	-8.73885e-05	0.999196	0.0400846	-0.151774	-0.0396335	0.98762	-3.51012	-1.92337	51.6891	
0.987945	-0.00611721	0.154685	0.000100813	0.999244	0.0388724	-0.154806	-0.0383882	0.987199	-3.62377	-1.95229	52.4212	
0.987464	-0.00623328	0.157719	0.00029249	0.99929	0.0376622	-0.157842	-0.0371439	0.986766	-3.73967	-1.98029	53.153	
0.986974	-0.00634569	0.160755	0.000487643	0.999335	0.0364541	-0.16088	-0.0359008	0.986321	-3.85782	-2.00737	53.8844	
0.986473	-0.00645443	0.163795	0.000686277	0.999378	0.0352479	-0.16392	-0.0346588	0.985865	-3.97823	-2.03352	54.6155	
0.985963	-0.00655948	0.166836	0.000888395	0.99942	0.0340438	-0.166963	-0.0334177	0.985397	-4.10089	-2.05876	55.3463	
0.985442	-0.00666083	0.169881	0.001094	0.99946	0.0328416	-0.170008	-0.0321777	0.984917	-4.22581	-2.08308	56.0767	
0.984911	-0.00675846	0.172927	0.0013031	0.999498	0.0316413	-0.173054	-0.0309385	0.984426	-4.35298	-2.10648	56.8067	
0.984371	-0.00685237	0.175975	0.0015157	0.999535	0.0304428	-0.176102	-0.0297003	0.983924	-4.48242	-2.12895	57.5364	
0.98382	-0.00694254	0.179025	0.00173179	0.999571	0.0292461	-0.179152	-0.0284628	0.98341	-4.61411	-2.15052	58.2657	
0.983259	-0.00702896	0.182077	0.0019514	0.999605	0.0280511	-0.182202	-0.0272262	0.982884	-4.74807	-2.17116	58.9946	
0.982688	-0.00711163	0.18513	0.00217452	0.999637	0.0268578	-0.185253	-0.0259903	0.982347	-4.88429	-2.19089	59.7231	
0.982108	-0.00719053	0.188183	0.00240116	0.999668	0.0256661	-0.188305	-0.0247551	0.981798	-5.02277	-2.2097	60.4513	
0.981517	-0.00726565	0.191238	0.00263132	0.999697	0.0244761	-0.191358	-0.0235205	0.981238	-5.16351	-2.2276	61.179	
0.980916	-0.00733698	0.194293	0.00286502	0.999725	0.0232876	-0.194411	-0.0222865	0.980667	-5.30652	-2.24458	61.9063	
0.980305	-0.00740452	0.197349	0.00310226	0.999751	0.0221005	-0.197463	-0.021053	0.980084	-5.45179	-2.26064	62.6331	
0.979685	-0.00746826	0.200405	0.00334305	0.999776	0.0209149	-0.200516	-0.0198201	0.97949	-5.59932	-2.2758	63.3596	
0.979054	-0.00752819	0.203461	0.00358739	0.999799	0.0197307	-0.203568	-0.0185876	0.978884	-5.74912	-2.29003	64.0856	
0.978414	-0.00758431	0.206516	0.0038353	0.999821	0.0185479	-0.20662	-0.0173554	0.978267	-5.90118	-2.30336	64.8111	
0.977764	-0.0076366	0.209571	0.00408678	0.999841	0.0173663	-0.209671	-0.0161237	0.977639	-6.0555	-2.31577	65.5362	
0.977103	-0.00768507	0.212626	0.00434185	0.99986	0.016186	-0.21272	-0.0148922	0.977	-6.21209	-2.32727	66.2608	
0.976434	-0.00772971	0.215679	0.0046005	0.999877	0.0150068	-0.215769	-0.013661	0.976349	-6.37093	-2.33785	66.9849	
0.975754	-0.0077705	0.218732	0.00486276	0.999893	0.0138289	-0.218816	-0.0124299	0.975687	-6.53203	-2.34752	67.7085	
0.975065	-0.00780746	0.221783	0.00512863	0.999907	0.0126519	-0.221861	-0.011199	0.975014	-6.6954	-2.35628	68.4316	
0.974366	-0.00784058	0.224832	0.00539813	0.99992	0.0114761	-0.224904	-0.00996822	0.97433	-6.86102	-2.36413	69.1543	
0.973657	-0.00786984	0.22788	0.00567126	0.999931	0.0103012	-0.227946	-0.00873747	0.973635	-7.02889	-2.37106	69.8764	
0.972939	-0.00789526	0.230926	0.00594803	0.999941	0.00912725	-0.230984	-0.00750671	0.972928	-7.19902	-2.37709	70.598	
0.972212	-0.00791683	0.23397	0.00622846	0.999949	0.0079542	-0.234021	-0.00627589	0.972211	-7.3714	-2.3822	71.3191	
0.970351	-0.00789996	0.241571	0.0102234	0.999913	-0.00836619	-0.241483	0.0105878	0.970347	-7.54768	-2.3806	72.0392	
0.968432	-0.00775113	0.249155	0.014343	0.999593	-0.0246524	-0.248863	0.0274479	0.96815	-7.72946	-2.3665	72.7579	
