1	0	0	0	1	0	0	0	1	0	0	0	
0.999999	-2.61944e-07	0.00141811	-2.61944e-07	1	0.000369428	-0.00141811	-0.000369428	0.999999	-0.000583358	-0.000151969	0.822727	
0.999996	-1.05004e-06	0.00283952	-1.04968e-06	1	0.000739461	-0.00283952	-0.000739461	0.999996	-0.00233479	-0.000608126	1.64545	
0.999991	-2.36754e-06	0.00426418	-2.36609e-06	0.999999	0.00111009	-0.00426418	-0.00111009	0.99999	-0.00525699	-0.00136896	2.46817	
0.999984	-4.21764e-06	0.00569205	-4.21401e-06	0.999999	0.00148129	-0.00569205	-0.00148129	0.999983	-0.00935262	-0.00243496	3.29089	
0.999975	-6.60348e-06	0.00712309	-6.5962e-06	0.999998	0.00185306	-0.00712309	-0.00185306	0.999973	-0.0146243	-0.00380659	4.1136	
0.999963	-9.52812e-06	0.00855724	-9.51535e-06	0.999998	0.00222538	-0.00855724	-0.00222538	0.999961	-0.0210746	-0.00548431	4.9363	
0.99995	-1.29946e-05	0.00999445	-1.29741e-05	0.999997	0.00259824	-0.00999445	-0.00259824	0.999947	-0.0287061	-0.00746857	5.75899	
0.999935	-1.70058e-05	0.0114347	-1.6975e-05	0.999996	0.00297163	-0.0114347	-0.00297162	0.99993	-0.0375213	-0.00975981	6.58167	
0.999917	-2.15646e-05	0.0128779	-2.15206e-05	0.999994	0.00334552	-0.0128779	-0.00334552	0.999911	-0.0475226	-0.0123585	7.40433	
0.999897	-2.6674e-05	0.014324	-2.66133e-05	0.999993	0.00371992	-0.014324	-0.00371992	0.99989	-0.0587125	-0.0152649	8.22697	
0.999876	-3.23365e-05	0.0157731	-3.22554e-05	0.999992	0.0040948	-0.0157731	-0.0040948	0.999867	-0.0710934	-0.0184796	9.0496	
0.999852	-3.85549e-05	0.0172249	-3.84493e-05	0.99999	0.00447016	-0.0172249	-0.00447016	0.999842	-0.0846675	-0.0220029	9.87221	
0.999826	-4.53319e-05	0.0186796	-4.51972e-05	0.999988	0.00484597	-0.0186796	-0.00484597	0.999814	-0.0994373	-0.0258353	10.6948	
0.999797	-5.26699e-05	0.0201369	-5.25012e-05	0.999986	0.00522224	-0.0201369	-0.00522223	0.999784	-0.115405	-0.0299769	11.5174	
0.999767	-6.05716e-05	0.021597	-6.03635e-05	0.999984	0.00559893	-0.021597	-0.00559893	0.999751	-0.132573	-0.0344284	12.3399	
0.999734	-6.90392e-05	0.0230597	-6.87861e-05	0.999982	0.00597604	-0.0230597	-0.00597604	0.999716	-0.150943	-0.0391899	13.1624	
0.999699	-7.80753e-05	0.024525	-7.77709e-05	0.99998	0.00635356	-0.024525	-0.00635356	0.999679	-0.170518	-0.0442619	13.9849	
0.999662	-8.7682e-05	0.0259929	-8.73199e-05	0.999977	0.00673148	-0.0259929	-0.00673147	0.999639	-0.191299	-0.0496446	14.8073	
0.999623	-9.78616e-05	0.0274632	-9.74348e-05	0.999975	0.00710977	-0.0274632	-0.00710977	0.999598	-0.213289	-0.0553383	15.6297	
0.999581	-0.000108616	0.028936	-0.000108117	0.999972	0.00748843	-0.028936	-0.00748843	0.999553	-0.236489	-0.0613435	16.4521	
0.999537	-0.000119948	0.0304112	-0.000119369	0.999969	0.00786745	-0.0304112	-0.00786744	0.999507	-0.260903	-0.0676604	17.2745	
0.999491	-0.000131859	0.0318888	-0.000131192	0.999966	0.0082468	-0.0318888	-0.00824679	0.999457	-0.286531	-0.0742892	18.0968	
0.999443	-0.000144351	0.0333686	-0.000143588	0.999963	0.00862648	-0.0333686	-0.00862647	0.999406	-0.313375	-0.0812302	18.919	
0.999393	-0.000157426	0.0348507	-0.000156558	0.999959	0.00900648	-0.0348507	-0.00900646	0.999352	-0.341438	-0.0884838	19.7412	
0.99934	-0.000171086	0.0363351	-0.000170103	0.999956	0.00938678	-0.0363351	-0.00938676	0.999296	-0.370721	-0.0960501	20.5634	
0.999284	-0.000185333	0.0378216	-0.000184224	0.999952	0.00976736	-0.0378216	-0.00976734	0.999237	-0.401227	-0.103929	21.3855	
0.999227	-0.000200168	0.0393102	-0.000198924	0.999948	0.0101482	-0.0393102	-0.0101482	0.999176	-0.432956	-0.112122	22.2076	
0.999167	-0.000215593	0.0408008	-0.000214203	0.999945	0.0105293	-0.0408008	-0.0105293	0.999112	-0.465911	-0.120628	23.0296	
0.999105	-0.000231609	0.0422935	-0.000230063	0.99994	0.0109107	-0.0422935	-0.0109107	0.999046	-0.500093	-0.129448	23.8516	
0.999041	-0.000248219	0.0437882	-0.000246504	0.999936	0.0112923	-0.0437882	-0.0112923	0.998977	-0.535504	-0.138581	24.6735	
0.998974	-0.000265422	0.0452847	-0.000263527	0.999932	0.0116741	-0.0452848	-0.0116741	0.998906	-0.572145	-0.148029	25.4954	
0.998905	-0.000283222	0.0467832	-0.000281133	0.999927	0.0120562	-0.0467832	-0.0120561	0.998832	-0.610018	-0.15779	26.3172	
0.998834	-0.000301618	0.0482835	-0.000299324	0.999923	0.0124384	-0.0482835	-0.0124384	0.998756	-0.649125	-0.167866	27.1389	
0.99876	-0.000320612	0.0497855	-0.0003181	0.999918	0.0128208	-0.0497855	-0.0128208	0.998678	-0.689467	-0.178257	27.9606	
0.998684	-0.000340206	0.0512893	-0.000337461	0.999913	0.0132034	-0.0512893	-0.0132033	0.998597	-0.731046	-0.188962	28.7822	
0.998605	-0.0003604	0.0527947	-0.000357408	0.999908	0.0135862	-0.0527947	-0.0135861	0.998513	-0.773862	-0.199983	29.6037	
0.998524	-0.000381195	0.0543018	-0.000377943	0.999902	0.013969	-0.0543018	-0.0139689	0.998427	-0.817918	-0.211318	30.4252	
0.998441	-0.000402593	0.0558104	-0.000399064	0.999897	0.0143521	-0.0558104	-0.014352	0.998338	-0.863214	-0.222968	31.2466	
0.998356	-0.000424594	0.0573206	-0.000420773	0.999891	0.0147352	-0.0573206	-0.0147351	0.998247	-0.909752	-0.234933	32.0679	
0.998268	-0.000447198	0.0588322	-0.000443071	0.999886	0.0151184	-0.0588322	-0.0151183	0.998153	-0.957533	-0.247214	32.8892	
0.998177	-0.000470407	0.0603453	-0.000465956	0.99988	0.0155018	-0.0603453	-0.0155016	0.998057	-1.00656	-0.25981	33.7103	
0.998085	-0.000494222	0.0618597	-0.000489431	0.999874	0.0158852	-0.0618598	-0.015885	0.997958	-1.05683	-0.272721	34.5314	
0.99799	-0.000518642	0.0633755	-0.000513493	0.999868	0.0162686	-0.0633756	-0.0162685	0.997857	-1.10835	-0.285948	35.3524	
0.997892	-0.000543668	0.0648926	-0.000538145	0.999861	0.0166522	-0.0648926	-0.016652	0.997753	-1.16111	-0.29949	36.1733	
0.997792	-0.000569301	0.0664109	-0.000563385	0.999855	0.0170357	-0.066411	-0.0170356	0.997647	-1.21512	-0.313348	36.9942	
0.99769	-0.000595541	0.0679304	-0.000589214	0.999848	0.0174193	-0.0679304	-0.0174191	0.997538	-1.27039	-0.327522	37.8149	
0.997585	-0.000622388	0.069451	-0.000615631	0.999841	0.017803	-0.0694511	-0.0178027	0.997426	-1.3269	-0.342011	38.6356	
0.997478	-0.000649843	0.0709727	-0.000642636	0.999834	0.0181866	-0.0709728	-0.0181863	0.997312	-1.38467	-0.356815	39.4561	
0.997369	-0.000677905	0.0724955	-0.00067023	0.999827	0.0185702	-0.0724955	-0.0185699	0.997196	-1.44368	-0.371935	40.2766	
0.997257	-0.000706575	0.0740192	-0.000698411	0.99982	0.0189538	-0.0740193	-0.0189535	0.997077	-1.50396	-0.387371	41.097	
0.997142	-0.000735852	0.0755439	-0.000727178	0.999813	0.0193373	-0.0755439	-0.019337	0.996955	-1.56548	-0.403122	41.9173	
0.997025	-0.000765737	0.0770694	-0.000756533	0.999805	0.0197208	-0.0770695	-0.0197204	0.996831	-1.62826	-0.419189	42.7374	
0.996906	-0.00079623	0.0785958	-0.000786474	0.999798	0.0201042	-0.0785959	-0.0201039	0.996704	-1.6923	-0.435571	43.5575	
0.996785	-0.000827329	0.080123	-0.000816999	0.99979	0.0204876	-0.0801231	-0.0204872	0.996574	-1.75759	-0.452269	44.3775	
0.996661	-0.000859036	0.0816509	-0.00084811	0.999782	0.0208709	-0.081651	-0.0208704	0.996442	-1.82413	-0.469282	45.1973	
0.996534	-0.000891348	0.0831795	-0.000879804	0.999774	0.021254	-0.0831797	-0.0212536	0.996308	-1.89194	-0.48661	46.0171	
0.996484	-0.000903433	0.0837813	-0.000671656	0.999824	0.0187699	-0.0837835	-0.0187602	0.996307	-1.96062	-0.503071	46.8367	
0.996433	-0.00091408	0.084387	-0.000461912	0.999867	0.0162848	-0.0843907	-0.0162657	0.9963	-2.0298	-0.517479	47.6564	
0.996381	-0.000923268	0.0849966	-0.000250569	0.999905	0.0137987	-0.0850012	-0.0137701	0.996286	-2.09948	-0.529835	48.4761	
0.996328	-0.000930975	0.0856098	-3.76187e-05	0.999936	0.0113117	-0.0856148	-0.0112734	0.996265	-2.16967	-0.540137	49.2958	
0.996275	-0.000937182	0.0862266	0.000176942	0.999961	0.00882398	-0.0862315	-0.00877586	0.996236	-2.24036	-0.548384	50.1154	
0.996221	-0.000941868	0.0868469	0.000393119	0.99998	0.00633547	-0.0868511	-0.00627739	0.996202	-2.31156	-0.554576	50.935	
0.996167	-0.000945016	0.0874706	0.000610915	0.999992	0.00384628	-0.0874736	-0.0037781	0.99616	-2.38327	-0.558713	51.7546	
0.996111	-0.000946607	0.0880976	0.000830335	0.999999	0.00135645	-0.0880987	-0.00127803	0.996111	-2.4555	-0.560793	52.5742	
0.996055	-0.000946625	0.0887277	0.00105138	0.999999	-0.00113394	-0.0887265	0.00122275	0.996055	-2.52824	-0.560816	53.3937	
0.995999	-0.000945053	0.0893608	0.00127406	0.999993	-0.00362483	-0.0893568	0.00372418	0.995993	-2.60149	-0.558781	54.2131	
0.995942	-0.000941875	0.0899969	0.00149837	0.99998	-0.00611616	-0.0899894	0.00622619	0.995923	-2.67527	-0.554687	55.0325	
0.995884	-0.000937078	0.0906358	0.00172432	0.999961	-0.00860788	-0.0906243	0.00872873	0.995847	-2.74957	-0.548535	55.8519	
0.995825	-0.000930647	0.0912775	0.00195191	0.999936	-0.0110999	-0.0912613	0.0112317	0.995764	-2.82439	-0.540324	56.6711	
0.995766	-0.000922571	0.0919217	0.00218114	0.999905	-0.0135922	-0.0919004	0.0137352	0.995673	-2.89973	-0.530054	57.4904	
0.995706	-0.000912836	0.0925684	0.00241201	0.999868	-0.0160847	-0.0925414	0.0162389	0.995576	-2.97561	-0.517724	58.3095	
0.995645	-0.000901432	0.0932174	0.00264452	0.999824	-0.0185773	-0.0931843	0.018743	0.995472	-3.05201	-0.503333	59.1285	
0.995584	-0.000888349	0.0938688	0.00287868	0.999774	-0.0210701	-0.0938288	0.0212472	0.995362	-3.12894	-0.486883	59.9475	
0.995522	-0.000873577	0.0945222	0.00311448	0.999718	-0.0235628	-0.0944749	0.0237517	0.995244	-3.2064	-0.468372	60.7663	
0.99546	-0.000857107	0.0951777	0.00335193	0.999655	-0.0260555	-0.0951226	0.0262562	0.995119	-3.28439	-0.447801	61.5851	
0.995397	-0.000838933	0.0958352	0.00359103	0.999586	-0.0285481	-0.0957715	0.0287608	0.994988	-3.36292	-0.425168	62.4038	
0.995333	-0.000819046	0.0964944	0.00383176	0.999511	-0.0310405	-0.0964217	0.0312654	0.994849	-3.44198	-0.400476	63.2223	
0.995269	-0.000797442	0.0971553	0.00407414	0.999429	-0.0335327	-0.0970731	0.0337699	0.994704	-3.52158	-0.373723	64.0407	
0.995204	-0.000774115	0.0978178	0.00431817	0.999342	-0.0360247	-0.0977255	0.0362743	0.994552	-3.60171	-0.344909	64.8591	
0.995139	-0.000749061	0.0984817	0.00456383	0.999248	-0.0385163	-0.0983788	0.0387785	0.994393	-3.68238	-0.314035	65.6772	
0.995073	-0.000722277	0.099147	0.00481114	0.999147	-0.0410075	-0.0990329	0.0412824	0.994227	-3.76359	-0.281101	66.4953	
0.995006	-0.000693759	0.0998136	0.00506007	0.999041	-0.0434982	-0.0996876	0.043786	0.994055	-3.84534	-0.246107	67.3132	
0.994939	-0.000663508	0.100481	0.00531065	0.998928	-0.0459884	-0.100343	0.0462893	0.993876	-3.92762	-0.209053	68.1309	
0.994871	-0.000631521	0.10115	0.00556285	0.998809	-0.0484781	-0.100999	0.0487921	0.993689	-4.01045	-0.16994	68.9486	
0.994803	-0.000597799	0.101819	0.00581668	0.998683	-0.0509671	-0.101655	0.0512945	0.993496	-4.09381	-0.128768	69.766	
0.994734	-0.000562343	0.10249	0.00607214	0.998552	-0.0534554	-0.102311	0.0537963	0.993297	-4.17772	-0.0855375	70.5833	
0.994665	-0.000525155	0.103161	0.00632921	0.998414	-0.055943	-0.102968	0.0562975	0.99309	-4.26216	-0.0402489	71.4004	
0.995266	-0.000923041	0.0971856	0.00829414	0.997114	-0.075469	-0.0968354	0.0759177	0.992401	-4.34435	0.0141416	72.2172	
0.99583	-0.00143892	0.0912159	0.010138	0.995428	-0.0949772	-0.0906622	0.0955059	0.991292	-4.42149	0.0846615	73.0333	
0.996357	-0.00207257	0.0852541	0.0118602	0.993357	-0.11446	-0.0844506	0.115054	0.989763	-4.49352	0.171281	73.8482	
0.996847	-0.00282373	0.0793028	0.0134597	0.990902	-0.133908	-0.0782033	0.134553	0.987816	-4.56044	0.273964	74.6618	
0.997298	-0.00369208	0.0733645	0.0149361	0.988065	-0.153313	-0.0719229	0.153995	0.98545	-4.62219	0.392666	75.4735	
0.997712	-0.00467726	0.0674417	0.0162887	0.984845	-0.172668	-0.065612	0.173372	0.982668	-4.67877	0.527338	76.2832	
0.998088	-0.00577883	0.0615369	0.0175169	0.981245	-0.191965	-0.0592735	0.192676	0.979471	-4.73015	0.677921	77.0904	
0.998426	-0.00699635	0.0556526	0.0186201	0.977267	-0.211194	-0.0529098	0.211898	0.975859	-4.7763	0.844354	77.8947	
0.998725	-0.00832929	0.0497912	0.019598	0.972911	-0.230348	-0.0465238	0.23103	0.971834	-4.8172	1.02657	78.696	
0.998986	-0.00977709	0.0439553	0.02045	0.96818	-0.249419	-0.0401181	0.250065	0.967398	-4.85285	1.22448	79.4937	
0.999208	-0.0113391	0.0381474	0.0211759	0.963075	-0.268399	-0.0336954	0.268994	0.962552	-4.88321	1.43801	80.2877	
0.999391	-0.0130148	0.0323698	0.0217754	0.957599	-0.287279	-0.0272584	0.287809	0.9573	-4.90829	1.66706	81.0775	
