1	0	0	0	1	0	0	0	1	0	0	0	
1	2.25711e-07	-0.000109114	2.25711e-07	0.999991	0.00413714	0.000109114	-0.00413714	0.999991	4.06424e-05	-0.00154098	0.744947	
1	8.94062e-07	-0.000216809	8.99966e-07	0.999966	0.00827455	0.000216809	-0.00827455	0.999966	0.000162041	-0.00616403	1.48988	
1	1.99334e-06	-0.000323082	2.01696e-06	0.999923	0.0124122	0.000323082	-0.0124122	0.999923	0.000363137	-0.0138693	2.23479	
1	3.51183e-06	-0.000427931	3.57087e-06	0.999863	0.0165499	0.000427931	-0.0165499	0.999863	0.00064287	-0.024657	2.97966	
1	5.43779e-06	-0.000531354	5.55588e-06	0.999786	0.0206877	0.000531353	-0.0206877	0.999786	0.00100018	-0.0385271	3.72448	
1	7.75946e-06	-0.00063335	7.96613e-06	0.999692	0.0248254	0.000633347	-0.0248254	0.999692	0.001434	-0.0554796	4.46924	
1	1.04651e-05	-0.000733916	1.07958e-05	0.99958	0.0289631	0.000733911	-0.0289631	0.99958	0.00194327	-0.0755145	5.21392	
1	1.35429e-05	-0.000833051	1.4039e-05	0.999452	0.0331006	0.000833043	-0.0331006	0.999452	0.00252692	-0.0986317	5.95851	
1	1.69811e-05	-0.000930752	1.76898e-05	0.999306	0.0372378	0.000930739	-0.0372378	0.999306	0.00318389	-0.124831	6.70299	
0.999999	2.0768e-05	-0.00102702	2.17424e-05	0.999144	0.0413746	0.001027	-0.0413746	0.999143	0.0039131	-0.154112	7.44737	
0.999999	2.48916e-05	-0.00112185	2.61908e-05	0.998964	0.0455111	0.00112182	-0.0455111	0.998963	0.00471348	-0.186475	8.19161	
0.999999	2.93402e-05	-0.00121524	3.10292e-05	0.998767	0.049647	0.0012152	-0.049647	0.998766	0.00558396	-0.221919	8.93572	
0.999999	3.41021e-05	-0.0013072	3.62517e-05	0.998553	0.0537824	0.00130714	-0.0537824	0.998552	0.00652348	-0.260444	9.67967	
0.999999	3.91652e-05	-0.00139771	4.18522e-05	0.998321	0.0579171	0.00139764	-0.0579172	0.99832	0.00753094	-0.302049	10.4235	
0.999999	4.45178e-05	-0.00148679	4.78249e-05	0.998073	0.0620512	0.00148668	-0.0620512	0.998072	0.00860528	-0.346734	11.1671	
0.999999	5.01482e-05	-0.00157442	5.41638e-05	0.997807	0.0661844	0.00157429	-0.0661844	0.997806	0.00974541	-0.394499	11.9105	
0.999999	5.60443e-05	-0.00166061	6.08629e-05	0.997525	0.0703167	0.00166044	-0.0703167	0.997523	0.0109503	-0.445342	12.6537	
0.999998	6.21944e-05	-0.00174535	6.79163e-05	0.997225	0.0744481	0.00174514	-0.0744481	0.997223	0.0122188	-0.499264	13.3967	
0.999998	6.85865e-05	-0.00182865	7.5318e-05	0.996908	0.0785785	0.00182838	-0.0785785	0.996906	0.0135498	-0.556262	14.1394	
0.999998	7.52089e-05	-0.0019105	8.3062e-05	0.996574	0.0827077	0.00191017	-0.0827077	0.996572	0.0149423	-0.616337	14.882	
0.999998	8.20497e-05	-0.0019909	9.11422e-05	0.996223	0.0868358	0.00199051	-0.0868358	0.996221	0.0163952	-0.679488	15.6242	
0.999998	8.90969e-05	-0.00206986	9.95528e-05	0.995854	0.0909626	0.00206939	-0.0909626	0.995852	0.0179074	-0.745714	16.3662	
0.999998	9.63387e-05	-0.00214737	0.000108288	0.995469	0.0950881	0.0021468	-0.0950881	0.995467	0.0194779	-0.815013	17.1079	
0.999998	0.000103763	-0.00222343	0.000117341	0.995066	0.0992121	0.00222276	-0.0992121	0.995064	0.0211054	-0.887385	17.8494	
0.999997	0.000111359	-0.00229805	0.000126706	0.994647	0.103335	0.00229725	-0.103335	0.994644	0.022789	-0.962829	18.5905	
0.999997	0.000119113	-0.00237121	0.000136377	0.99421	0.107456	0.00237028	-0.107456	0.994207	0.0245276	-1.04134	19.3313	
0.999997	0.000127014	-0.00244292	0.000146349	0.993756	0.111575	0.00244184	-0.111575	0.993753	0.02632	-1.12293	20.0718	
0.999997	0.000135051	-0.00251319	0.000156614	0.993285	0.115693	0.00251194	-0.115693	0.993282	0.0281651	-1.20758	20.8119	
0.999997	0.000143211	-0.002582	0.000167168	0.992797	0.119809	0.00258056	-0.119809	0.992794	0.0300619	-1.2953	21.5516	
0.999996	0.000151482	-0.00264937	0.000178003	0.992292	0.123922	0.00264772	-0.123923	0.992288	0.0320093	-1.38608	22.291	
0.999996	0.000159853	-0.00271529	0.000189114	0.99177	0.128034	0.0027134	-0.128035	0.991766	0.0340062	-1.47993	23.03	
0.999996	0.000168311	-0.00277975	0.000200495	0.99123	0.132144	0.00277762	-0.132145	0.991227	0.0360515	-1.57684	23.7687	
0.999996	0.000176845	-0.00284277	0.000212139	0.990674	0.136252	0.00284035	-0.136252	0.99067	0.0381441	-1.67681	24.5069	
0.999996	0.000185443	-0.00290434	0.000224041	0.990101	0.140358	0.00290162	-0.140358	0.990097	0.0402828	-1.77984	25.2447	
0.999996	0.000194093	-0.00296446	0.000236194	0.98951	0.144462	0.0029614	-0.144462	0.989506	0.0424666	-1.88593	25.982	
0.999995	0.000202783	-0.00302313	0.000248593	0.988903	0.148563	0.00301971	-0.148563	0.988898	0.0446944	-1.99507	26.7189	
0.999995	0.000211501	-0.00308036	0.000261231	0.988279	0.152661	0.00307654	-0.152661	0.988274	0.0469651	-2.10727	27.4554	
0.999995	0.000220236	-0.00313613	0.000274101	0.987637	0.156758	0.00313189	-0.156758	0.987632	0.0492776	-2.22252	28.1913	
0.999995	0.000228975	-0.00319047	0.000287199	0.986979	0.160851	0.00318575	-0.160851	0.986973	0.0516308	-2.34082	28.9268	
0.999995	0.000237707	-0.00324335	0.000300517	0.986303	0.164942	0.00323814	-0.164942	0.986298	0.0540235	-2.46217	29.6618	
0.999995	0.00024642	-0.0032948	0.00031405	0.985611	0.169031	0.00328904	-0.169031	0.985605	0.0564548	-2.58657	30.3963	
0.999994	0.000255102	-0.0033448	0.000327791	0.984901	0.173116	0.00333846	-0.173116	0.984896	0.0589233	-2.71401	31.1303	
0.999994	0.00026374	-0.00339335	0.000341734	0.984175	0.177199	0.00338639	-0.177199	0.984169	0.0614282	-2.8445	31.8637	
0.999994	0.000272325	-0.00344047	0.000355874	0.983432	0.181279	0.00343283	-0.181279	0.983426	0.0639682	-2.97802	32.5966	
0.999994	0.000280842	-0.00348615	0.000370203	0.982671	0.185355	0.00347779	-0.185356	0.982665	0.0665422	-3.11458	33.3289	
0.999994	0.000289281	-0.00353038	0.000384716	0.981894	0.189429	0.00352126	-0.189429	0.981888	0.0691492	-3.25418	34.0606	
0.999994	0.000297631	-0.00357318	0.000399407	0.9811	0.1935	0.00356324	-0.1935	0.981094	0.071788	-3.39681	34.7918	
0.999993	0.000305878	-0.00361455	0.000414269	0.980289	0.197567	0.00360373	-0.197567	0.980283	0.0744575	-3.54248	35.5224	
0.999993	0.000314012	-0.00365448	0.000429296	0.979461	0.201631	0.00364273	-0.201631	0.979455	0.0771566	-3.69117	36.2523	
0.999993	0.00032202	-0.00369297	0.000444482	0.978617	0.205691	0.00368024	-0.205692	0.97861	0.0798843	-3.84288	36.9817	
0.999993	0.000329891	-0.00373004	0.000459821	0.977755	0.209748	0.00371626	-0.209749	0.977748	0.0826393	-3.99763	37.7104	
0.999993	0.000337613	-0.00376568	0.000475306	0.976877	0.213802	0.00375078	-0.213802	0.97687	0.0854206	-4.15539	38.4384	
0.999996	0.000100846	-0.00268816	0.000480606	0.976521	0.21542	0.00264677	-0.215421	0.976518	0.0878035	-4.31526	39.166	
0.999999	-0.000138997	-0.0016052	0.000484076	0.976163	0.21704	0.00153677	-0.21704	0.976161	0.0893618	-4.47634	39.8933	
1	-0.000381908	-0.000516943	0.000485702	0.975801	0.218661	0.000420925	-0.218661	0.975801	0.0900909	-4.63863	40.6204	
1	-0.000627878	0.000576464	0.000485469	0.975436	0.220283	-0.000700615	-0.220283	0.975436	0.0899868	-4.80213	41.3472	
0.999998	-0.000876895	0.00167488	0.000483364	0.975068	0.221907	-0.00182771	-0.221906	0.975066	0.089045	-4.96683	42.0737	
0.999996	-0.00112895	0.00277817	0.000479373	0.974696	0.223533	-0.00296023	-0.22353	0.974692	0.0872616	-5.13275	42.7999	
0.999991	-0.00138403	0.00388618	0.000473482	0.974322	0.225159	-0.00409802	-0.225155	0.974314	0.0846326	-5.29987	43.5259	
0.999986	-0.00164212	0.00499877	0.00046568	0.973944	0.226787	-0.00524094	-0.226781	0.973932	0.0811541	-5.4682	44.2515	
0.999979	-0.0019032	0.0061158	0.000455952	0.973564	0.228416	-0.00638884	-0.228408	0.973544	0.0768223	-5.63775	44.9769	
0.999971	-0.00216727	0.00723712	0.000444287	0.97318	0.230046	-0.00754159	-0.230036	0.973153	0.0716336	-5.80851	45.702	
0.999962	-0.00243431	0.0083626	0.000430674	0.972793	0.231677	-0.00869905	-0.231665	0.972757	0.0655843	-5.98048	46.4268	
0.999951	-0.0027043	0.00949207	0.0004151	0.972403	0.233309	-0.00986105	-0.233294	0.972356	0.0586712	-6.15367	47.1513	
0.999939	-0.00297722	0.0106254	0.000397555	0.972009	0.234942	-0.0110275	-0.234924	0.971951	0.0508907	-6.32807	47.8755	
0.999926	-0.00325307	0.0117625	0.000378028	0.971613	0.236576	-0.0121982	-0.236554	0.971542	0.0422397	-6.50368	48.5994	
0.999911	-0.00353181	0.0129031	0.000356509	0.971213	0.238211	-0.013373	-0.238185	0.971128	0.0327151	-6.68051	49.323	
0.999894	-0.00381343	0.0140471	0.000332988	0.970811	0.239847	-0.0145518	-0.239817	0.970709	0.0223139	-6.85855	50.0463	
0.999876	-0.0040979	0.0151945	0.000307455	0.970405	0.241483	-0.0157344	-0.241449	0.970286	0.0110331	-7.03781	50.7693	
0.999857	-0.00438522	0.0163449	0.000279902	0.969996	0.24312	-0.0169207	-0.243081	0.969858	-0.00113013	-7.21829	51.4919	
0.999836	-0.00467535	0.0174984	0.00025032	0.969584	0.244758	-0.0181105	-0.244713	0.969426	-0.0141784	-7.39998	52.2143	
0.999814	-0.00496828	0.0186547	0.000218701	0.969169	0.246396	-0.0193037	-0.246346	0.96899	-0.0281142	-7.58289	52.9363	
0.99979	-0.00526398	0.0198137	0.000185037	0.968751	0.248035	-0.0205002	-0.247979	0.968549	-0.0429402	-7.76701	53.658	
0.999765	-0.00556242	0.0209753	0.000149321	0.96833	0.249674	-0.0216998	-0.249612	0.968103	-0.0586586	-7.95235	54.3793	
0.999738	-0.00586359	0.0221393	0.000111546	0.967906	0.251313	-0.0229023	-0.251245	0.967653	-0.0752718	-8.13891	55.1003	
0.999709	-0.00616745	0.0233055	7.17051e-05	0.967479	0.252953	-0.0241076	-0.252878	0.967198	-0.0927818	-8.32668	55.821	
0.99968	-0.00647398	0.0244739	2.97933e-05	0.967048	0.254593	-0.0253156	-0.254511	0.966739	-0.111191	-8.51567	56.5414	
0.999648	-0.00678316	0.0256442	-1.41954e-05	0.966615	0.256233	-0.0265261	-0.256143	0.966275	-0.130501	-8.70587	57.2614	
0.999615	-0.00709494	0.0268164	-6.0266e-05	0.966179	0.257873	-0.027739	-0.257776	0.965806	-0.150713	-8.8973	57.981	
0.999581	-0.00740931	0.0279902	-0.000108423	0.965739	0.259514	-0.0289541	-0.259408	0.965334	-0.17183	-9.08993	58.7003	
0.999545	-0.00772624	0.0291656	-0.000158671	0.965297	0.261154	-0.0301712	-0.26104	0.964856	-0.193852	-9.28379	59.4193	
0.999507	-0.00804569	0.0303424	-0.000211013	0.964852	0.262795	-0.0313902	-0.262671	0.964375	-0.216782	-9.47886	60.1379	
0.999468	-0.00836763	0.0315204	-0.000265453	0.964404	0.264435	-0.0326111	-0.264302	0.963888	-0.240621	-9.67514	60.8561	
0.999427	-0.00869204	0.0326995	-0.000321993	0.963952	0.266075	-0.0338335	-0.265933	0.963398	-0.26537	-9.87264	61.574	
0.999385	-0.00901887	0.0338796	-0.000380636	0.963498	0.267714	-0.0350574	-0.267563	0.962902	-0.29103	-10.0714	62.2915	
0.999341	-0.00934809	0.0350605	-0.000441384	0.963041	0.269354	-0.0362827	-0.269192	0.962403	-0.317603	-10.2713	63.0086	
0.999296	-0.00967968	0.0362421	-0.000504237	0.962581	0.270993	-0.0375091	-0.270821	0.961899	-0.345088	-10.4724	63.7253	
0.999249	-0.0100136	0.0374242	-0.000569198	0.962118	0.272632	-0.0387365	-0.272448	0.96139	-0.373488	-10.6748	64.4417	
0.999201	-0.0103498	0.0386067	-0.000636265	0.961653	0.27427	-0.0399649	-0.274075	0.960878	-0.402802	-10.8783	65.1577	
0.999151	-0.0106882	0.0397894	-0.00070544	0.961184	0.275907	-0.0411939	-0.275701	0.96036	-0.433032	-11.0831	65.8733	
0.999099	-0.0110289	0.0409723	-0.000776721	0.960713	0.277544	-0.0424236	-0.277326	0.959839	-0.464177	-11.2891	66.5885	
0.999046	-0.0113717	0.042155	-0.000850109	0.960238	0.27918	-0.0436536	-0.27895	0.959313	-0.496239	-11.4963	67.3034	
0.998992	-0.0117167	0.0433376	-0.0009256	0.959761	0.280816	-0.044884	-0.280573	0.958783	-0.529217	-11.7047	68.0178	
0.998936	-0.0120638	0.0445199	-0.00100319	0.959281	0.28245	-0.0461145	-0.282195	0.958248	-0.563112	-11.9143	68.7319	
0.998878	-0.0124129	0.0457016	-0.00108289	0.958799	0.284084	-0.047345	-0.283815	0.95771	-0.597923	-12.1252	69.4455	
0.998819	-0.012764	0.0468828	-0.00116468	0.958313	0.285717	-0.0485753	-0.285434	0.957167	-0.633651	-12.3372	70.1588	
0.998375	-0.0150988	0.0549569	-0.000287738	0.962922	0.26978	-0.0569925	-0.269357	0.961352	-0.672973	-12.5438	70.8734	
0.99786	-0.017298	0.0630648	0.000728881	0.967263	0.253776	-0.06539	-0.253187	0.965205	-0.718559	-12.7385	71.591	
0.997274	-0.0193606	0.0712037	0.00188483	0.971334	0.237711	-0.0737648	-0.236929	0.968723	-0.770392	-12.921	72.3114	
