1	0	0	0	1	0	0	0	1	0	0	0	
0.999999	2.90601e-06	0.00105444	2.90601e-06	0.999985	-0.00551192	-0.00105444	0.00551192	0.999984	-0.000521361	0.00272535	0.988884	
0.999998	1.16313e-05	0.00210974	1.16262e-05	0.999939	-0.0110235	-0.00210974	0.0110235	0.999937	-0.00208588	0.0109012	1.97774	
0.999995	2.61856e-05	0.00316589	2.6165e-05	0.999863	-0.0165346	-0.00316589	0.0165346	0.999858	-0.00469439	0.0245273	2.96653	
0.999991	4.6578e-05	0.00422284	4.65266e-05	0.999757	-0.0220451	-0.00422284	0.0220451	0.999748	-0.00834771	0.0436028	3.95522	
0.999986	7.28179e-05	0.00528056	7.27151e-05	0.99962	-0.0275547	-0.00528056	0.0275547	0.999606	-0.0130466	0.0681272	4.9438	
0.99998	0.000104914	0.00633902	0.000104734	0.999453	-0.0330633	-0.00633902	0.0330633	0.999433	-0.0187919	0.0980996	5.93221	
0.999973	0.000142876	0.00739819	0.000142588	0.999256	-0.0385707	-0.00739819	0.0385707	0.999228	-0.0255842	0.133519	6.92044	
0.999964	0.000186711	0.00845802	0.000186279	0.999028	-0.0440768	-0.00845803	0.0440767	0.998992	-0.0334242	0.174383	7.90845	
0.999955	0.000236428	0.00951849	0.000235812	0.99877	-0.0495813	-0.0095185	0.0495813	0.998725	-0.0423127	0.220692	8.89622	
0.999944	0.000292036	0.0105796	0.000291188	0.998482	-0.055084	-0.0105796	0.055084	0.998426	-0.0522501	0.272443	9.8837	
0.999932	0.000353543	0.0116412	0.000352412	0.998163	-0.0605849	-0.0116412	0.0605849	0.998095	-0.0632371	0.329636	10.8709	
0.999919	0.000420955	0.0127034	0.000419486	0.997814	-0.0660838	-0.0127034	0.0660838	0.997733	-0.0752742	0.392266	11.8577	
0.999905	0.000494281	0.013766	0.000492412	0.997435	-0.0715804	-0.0137661	0.0715804	0.99734	-0.0883619	0.460334	12.8442	
0.99989	0.000573529	0.0148292	0.000571192	0.997025	-0.0770746	-0.0148293	0.0770746	0.996915	-0.102501	0.533836	13.8302	
0.999873	0.000658705	0.0158927	0.00065583	0.996585	-0.0825662	-0.0158929	0.0825662	0.996459	-0.117691	0.612769	14.8158	
0.999856	0.000749817	0.0169567	0.000746326	0.996115	-0.088055	-0.0169568	0.088055	0.995971	-0.133934	0.697132	15.801	
0.999837	0.000846872	0.018021	0.000842682	0.995615	-0.093541	-0.0180212	0.0935409	0.995452	-0.151228	0.786922	16.7856	
0.999817	0.000949875	0.0190857	0.000944901	0.995085	-0.0990238	-0.0190859	0.0990237	0.994902	-0.169576	0.882134	17.7697	
0.999796	0.00105883	0.0201506	0.00105298	0.994524	-0.104503	-0.0201509	0.104503	0.99432	-0.188976	0.982767	18.7533	
0.999774	0.00117375	0.0212158	0.00116693	0.993933	-0.109979	-0.0212162	0.109979	0.993707	-0.20943	1.08882	19.7363	
0.999751	0.00129464	0.0222812	0.00128674	0.993312	-0.115452	-0.0222817	0.115452	0.993063	-0.230937	1.20028	20.7186	
0.999726	0.00142151	0.0233468	0.00141242	0.992661	-0.12092	-0.0233474	0.12092	0.992388	-0.253498	1.31715	21.7003	
0.999701	0.00155435	0.0244126	0.00154397	0.99198	-0.126385	-0.0244132	0.126385	0.991681	-0.277113	1.43943	22.6813	
0.999674	0.00169317	0.0254784	0.00168138	0.991269	-0.131846	-0.0254792	0.131846	0.990943	-0.301783	1.56711	23.6616	
0.999646	0.00183799	0.0265444	0.00182466	0.990528	-0.137302	-0.0265453	0.137302	0.990174	-0.327506	1.70019	24.6412	
0.999617	0.0019888	0.0276104	0.00197381	0.989756	-0.142754	-0.0276115	0.142753	0.989373	-0.354283	1.83866	25.62	
0.999586	0.00214561	0.0286764	0.00212883	0.988955	-0.148201	-0.0286776	0.1482	0.988541	-0.382115	1.98253	26.5979	
0.999555	0.00230843	0.0297424	0.00228971	0.988124	-0.153643	-0.0297438	0.153643	0.987679	-0.411002	2.13177	27.5751	
0.999522	0.00247725	0.0308083	0.00245646	0.987263	-0.15908	-0.03081	0.15908	0.986785	-0.440942	2.2864	28.5513	
0.999488	0.00265209	0.0318741	0.00262908	0.986372	-0.164512	-0.031876	0.164512	0.98586	-0.471937	2.44639	29.5267	
0.999453	0.00283295	0.0329398	0.00280756	0.985451	-0.169939	-0.032942	0.169938	0.984904	-0.503986	2.61176	30.5011	
0.999417	0.00301982	0.0340054	0.00299191	0.9845	-0.17536	-0.0340078	0.175359	0.983917	-0.537089	2.78249	31.4746	
0.99938	0.00321273	0.0350707	0.00318212	0.983519	-0.180775	-0.0350735	0.180775	0.982899	-0.571246	2.95858	32.4471	
0.999341	0.00341166	0.0361358	0.00337819	0.982509	-0.186185	-0.0361389	0.186184	0.98185	-0.606457	3.14002	33.4186	
0.999301	0.00361662	0.0372006	0.00358012	0.981469	-0.191589	-0.0372042	0.191588	0.98077	-0.642721	3.32681	34.389	
0.99926	0.00382761	0.0382651	0.00378791	0.980399	-0.196986	-0.0382691	0.196985	0.979659	-0.680038	3.51894	35.3583	
0.999218	0.00404464	0.0393293	0.00400155	0.9793	-0.202377	-0.0393337	0.202376	0.978518	-0.718409	3.7164	36.3265	
0.999175	0.00426772	0.0403931	0.00422105	0.97817	-0.207761	-0.040398	0.20776	0.977345	-0.757832	3.91919	37.2936	
0.99913	0.00449683	0.0414565	0.0044464	0.977012	-0.213139	-0.0414619	0.213138	0.976142	-0.798307	4.1273	38.2595	
0.999084	0.00473199	0.0425194	0.0046776	0.975824	-0.21851	-0.0425254	0.218509	0.974908	-0.839834	4.34073	39.2242	
0.999037	0.00497319	0.0435818	0.00491464	0.974606	-0.223873	-0.0435885	0.223872	0.973643	-0.882413	4.55946	40.1876	
0.998989	0.00522045	0.0446437	0.00515753	0.973359	-0.22923	-0.044651	0.229229	0.972348	-0.926042	4.7835	41.1498	
0.99894	0.00547375	0.0457051	0.00540625	0.972082	-0.234579	-0.0457131	0.234577	0.971022	-0.970723	5.01282	42.1107	
0.998889	0.0057331	0.0467658	0.00566081	0.970776	-0.239921	-0.0467746	0.239919	0.969665	-1.01645	5.24744	43.0703	
0.998838	0.00599851	0.047826	0.00592121	0.969441	-0.245254	-0.0478356	0.245252	0.968278	-1.06323	5.48733	44.0285	
0.998785	0.00626997	0.0488854	0.00618743	0.968076	-0.25058	-0.0488959	0.250578	0.966861	-1.11106	5.73249	44.9853	
0.998731	0.00654748	0.0499442	0.00645948	0.966682	-0.255898	-0.0499556	0.255896	0.965413	-1.15994	5.98291	45.9407	
0.998675	0.00683105	0.0510022	0.00673735	0.965259	-0.261208	-0.0510146	0.261205	0.963934	-1.20986	6.23859	46.8946	
0.998619	0.00712067	0.0520594	0.00702104	0.963807	-0.266509	-0.052073	0.266506	0.962426	-1.26083	6.49951	47.8471	
0.998561	0.00741635	0.0531158	0.00731054	0.962326	-0.271801	-0.0531305	0.271798	0.960886	-1.31285	6.76568	48.7981	
0.998502	0.00771808	0.0541714	0.00760584	0.960815	-0.277085	-0.0541873	0.277082	0.959317	-1.36591	7.03707	49.7475	
0.998442	0.00802586	0.0552261	0.00790695	0.959276	-0.28236	-0.0552433	0.282357	0.957718	-1.42002	7.31368	50.6954	
0.99838	0.0083397	0.0562799	0.00821386	0.957708	-0.287626	-0.0562984	0.287622	0.956088	-1.47517	7.5955	51.6417	
0.998318	0.00865959	0.0573327	0.00852656	0.95611	-0.292882	-0.0573526	0.292879	0.954428	-1.53137	7.88253	52.5863	
0.998254	0.00898553	0.0583845	0.00884505	0.954484	-0.29813	-0.0584059	0.298125	0.952738	-1.5886	8.17475	53.5293	
0.998189	0.00931753	0.0594353	0.00916931	0.95283	-0.303367	-0.0594583	0.303363	0.951018	-1.64688	8.47215	54.4706	
0.998122	0.00965557	0.060485	0.00949936	0.951146	-0.308595	-0.0605097	0.30859	0.949268	-1.7062	8.77473	55.4102	
0.998055	0.00999966	0.0615336	0.00983517	0.949434	-0.313813	-0.0615601	0.313808	0.947489	-1.76655	9.08247	56.3481	
0.997986	0.0103498	0.0625811	0.0101767	0.947693	-0.319021	-0.0626095	0.319015	0.945679	-1.82795	9.39537	57.2841	
0.997916	0.010706	0.0636274	0.0105241	0.945924	-0.324219	-0.0636577	0.324213	0.94384	-1.89038	9.71341	58.2184	
0.997845	0.0110682	0.0646725	0.0108772	0.944126	-0.329406	-0.0647049	0.329399	0.941971	-1.95385	10.0366	59.1508	
0.997773	0.0114365	0.0657163	0.011236	0.942299	-0.334582	-0.0657509	0.334576	0.940072	-2.01835	10.3649	60.0814	
0.997699	0.0118108	0.0667589	0.0116005	0.940445	-0.339748	-0.0667957	0.339741	0.938144	-2.08389	10.6983	61.0101	
0.997477	0.0129271	0.069801	0.0121777	0.937543	-0.347655	-0.0699357	0.347628	0.935021	-2.1515	11.0382	61.9362	
0.997245	0.0140687	0.0728322	0.0127814	0.934575	-0.355536	-0.0730691	0.355487	0.931821	-2.22221	11.3858	62.8593	
0.997003	0.0152356	0.0758522	0.0134115	0.931541	-0.36339	-0.0761959	0.363318	0.928544	-2.29601	11.7412	63.7792	
0.99675	0.0164277	0.078861	0.0140681	0.92844	-0.371216	-0.079316	0.371119	0.925192	-2.3729	12.1044	64.6957	
0.996488	0.0176449	0.0818585	0.0147511	0.925273	-0.379015	-0.0824292	0.378891	0.921763	-2.45288	12.4752	65.609	
0.996215	0.0188872	0.0848446	0.0154603	0.922041	-0.386784	-0.0855354	0.386632	0.918259	-2.53593	12.8537	66.5187	
0.995933	0.0201546	0.0878191	0.0161958	0.918743	-0.394524	-0.0886347	0.394342	0.914679	-2.62204	13.2399	67.425	
0.99564	0.021447	0.090782	0.0169574	0.91538	-0.402234	-0.0917267	0.402019	0.911025	-2.71122	13.6336	68.3278	
0.995337	0.0227644	0.0937331	0.017745	0.911953	-0.409912	-0.0948116	0.409663	0.907296	-2.80346	14.035	69.2268	
0.993861	0.0288301	0.10681	0.0197848	0.903568	-0.427987	-0.108849	0.427473	0.897451	-2.90416	14.4489	70.1192	
0.992183	0.035152	0.11974	0.0221051	0.89483	-0.44586	-0.12282	0.445021	0.887058	-3.01871	14.8803	71.0016	
0.990302	0.0417262	0.132516	0.0247045	0.885742	-0.463519	-0.136716	0.462298	0.876122	-3.14705	15.329	71.8734	
0.988221	0.0485488	0.145129	0.0275814	0.876312	-0.480954	-0.150528	0.479292	0.864651	-3.28908	15.7946	72.7342	
0.98594	0.0556155	0.157572	0.030734	0.866544	-0.498154	-0.164248	0.495992	0.852651	-3.44473	16.2768	73.5833	
0.983461	0.0629221	0.169838	0.0341605	0.856444	-0.515108	-0.177868	0.51239	0.84013	-3.61389	16.7754	74.4204	
0.980786	0.070464	0.181918	0.0378587	0.84602	-0.531806	-0.19138	0.528475	0.827096	-3.79648	17.2901	75.2448	
0.977915	0.0782366	0.193806	0.0418264	0.835276	-0.548238	-0.204774	0.544236	0.813557	-3.99236	17.8205	76.056	
0.974852	0.0862353	0.205494	0.0460612	0.82422	-0.564394	-0.218043	0.559665	0.79952	-4.20143	18.3664	76.8536	
0.971597	0.094455	0.216975	0.0505604	0.812858	-0.580263	-0.231179	0.574752	0.784994	-4.42356	18.9273	77.6371	
0.968152	0.102891	0.228242	0.0553213	0.801197	-0.595837	-0.244173	0.589488	0.769989	-4.65861	19.503	78.406	
0.964521	0.111538	0.239289	0.060341	0.789245	-0.611106	-0.257019	0.603864	0.754513	-4.90643	20.0931	79.1598	
0.960704	0.12039	0.250107	0.0656164	0.777009	-0.62606	-0.269707	0.61787	0.738576	-5.16688	20.6972	79.8981	
0.956705	0.129443	0.260692	0.0711444	0.764496	-0.640691	-0.28223	0.631499	0.722188	-5.4398	21.3149	80.6204	
0.952526	0.13869	0.271035	0.0769215	0.751714	-0.654988	-0.294581	0.644741	0.705358	-5.72501	21.946	81.3263	
0.948168	0.148127	0.281132	0.0829441	0.73867	-0.668944	-0.306752	0.65759	0.688097	-6.02235	22.59	82.0153	
0.943636	0.157746	0.290975	0.0892087	0.725373	-0.682551	-0.318736	0.670037	0.670416	-6.33164	23.2464	82.6871	
0.938932	0.167543	0.30056	0.0957114	0.711831	-0.695799	-0.330524	0.682075	0.652325	-6.65268	23.915	83.3411	
0.934058	0.177512	0.309879	0.102448	0.698052	-0.70868	-0.342111	0.693695	0.633835	-6.98527	24.5953	83.9771	
0.929018	0.187646	0.318928	0.109415	0.684044	-0.721188	-0.353488	0.704892	0.614958	-7.32923	25.2869	84.5946	
0.923814	0.197939	0.3277	0.116608	0.669817	-0.733313	-0.36465	0.715657	0.595705	-7.68433	25.9893	85.1932	
0.918451	0.208385	0.33619	0.124021	0.655378	-0.745049	-0.375589	0.725986	0.576088	-8.05035	26.7021	85.7726	
0.91293	0.218977	0.344394	0.131652	0.640737	-0.756389	-0.386298	0.735871	0.556119	-8.42708	27.425	86.3325	
0.907256	0.229709	0.352306	0.139495	0.625902	-0.767325	-0.396771	0.745306	0.53581	-8.81428	28.1574	86.8724	
0.901432	0.240575	0.359921	0.147545	0.610883	-0.777851	-0.407001	0.754285	0.515174	-9.21173	28.8989	87.3921	
0.895462	0.251568	0.367235	0.155798	0.595688	-0.787961	-0.416983	0.762804	0.494222	-9.61916	29.649	87.8912	
0.889349	0.26268	0.374243	0.164248	0.580328	-0.797648	-0.42671	0.770856	0.472969	-10.0363	30.4074	88.3695	
