1	0	0	0	1	0	0	0	1	0	0	0	
0.999984	5.29014e-06	-0.00572252	5.29014e-06	0.999998	0.00184887	0.00572252	-0.00184887	0.999982	0.00303179	-0.00097953	1.05959	
0.999935	2.11577e-05	-0.0114453	2.1149e-05	0.999993	0.0036963	0.0114453	-0.0036963	0.999928	0.0121273	-0.00391736	2.11914	
0.999853	4.7596e-05	-0.0171681	4.75611e-05	0.999985	0.00554221	0.0171681	-0.00554221	0.999837	0.0272867	-0.00881192	3.17862	
0.999738	8.45979e-05	-0.0228908	8.45106e-05	0.999973	0.00738656	0.0228908	-0.00738656	0.999711	0.0485099	-0.0156616	4.23798	
0.999591	0.000132156	-0.0286131	0.000131981	0.999957	0.00922925	0.0286131	-0.00922925	0.999548	0.0757966	-0.0244646	5.29718	
0.99941	0.000190262	-0.0343348	0.000189956	0.999939	0.0110702	0.0343348	-0.0110702	0.999349	0.109146	-0.0352193	6.3562	
0.999197	0.000258908	-0.0400557	0.000258419	0.999917	0.0129095	0.0400557	-0.0129094	0.999114	0.148558	-0.0479237	7.41498	
0.998952	0.000338085	-0.0457757	0.000337352	0.999891	0.0147468	0.0457757	-0.0147468	0.998843	0.194032	-0.062576	8.4735	
0.998673	0.000427784	-0.0514944	0.000426736	0.999862	0.0165823	0.0514944	-0.0165823	0.998536	0.245566	-0.0791741	9.53171	
0.998362	0.000527995	-0.0572117	0.000526555	0.99983	0.0184158	0.0572118	-0.0184157	0.998192	0.303158	-0.097716	10.5896	
0.998018	0.000638709	-0.0629274	0.000636789	0.999795	0.0202472	0.0629275	-0.0202471	0.997813	0.366808	-0.1182	11.6471	
0.997641	0.000759915	-0.0686413	0.00075742	0.999756	0.0220765	0.0686414	-0.0220765	0.997397	0.436513	-0.140623	12.7041	
0.997232	0.000891603	-0.0743532	0.000888428	0.999714	0.0239037	0.0743532	-0.0239036	0.996945	0.512271	-0.164983	13.7607	
0.996789	0.00103376	-0.0800628	0.00102979	0.999668	0.0257286	0.0800628	-0.0257285	0.996458	0.594081	-0.191278	14.8168	
0.996314	0.00118638	-0.0857699	0.0011815	0.99962	0.0275513	0.08577	-0.027551	0.995934	0.681939	-0.219505	15.8724	
0.995807	0.00134944	-0.0914744	0.00134351	0.999568	0.0293715	0.0914745	-0.0293712	0.995374	0.775843	-0.249663	16.9274	
0.995266	0.00152294	-0.097176	0.00151583	0.999512	0.0311893	0.0971761	-0.031189	0.994778	0.87579	-0.281748	17.9818	
0.994693	0.00170686	-0.102875	0.00169842	0.999454	0.0330047	0.102875	-0.0330042	0.994147	0.981777	-0.315757	19.0355	
0.994087	0.0019012	-0.10857	0.00189126	0.999392	0.0348174	0.10857	-0.0348169	0.993479	1.0938	-0.351689	20.0885	
0.993448	0.00210592	-0.114262	0.00209434	0.999327	0.0366276	0.114262	-0.0366269	0.992775	1.21186	-0.38954	21.1409	
0.992777	0.00232103	-0.11995	0.00230762	0.999258	0.038435	0.11995	-0.0384342	0.992036	1.33594	-0.429307	22.1924	
0.992073	0.00254651	-0.125634	0.00253109	0.999187	0.0402397	0.125634	-0.0402387	0.99126	1.46605	-0.470988	23.2432	
0.991337	0.00278234	-0.131314	0.00276472	0.999112	0.0420416	0.131314	-0.0420404	0.990449	1.60218	-0.514579	24.2931	
0.990568	0.00302851	-0.136989	0.00300849	0.999034	0.0438406	0.13699	-0.0438392	0.989602	1.74433	-0.560078	25.3421	
0.989766	0.003285	-0.142661	0.00326238	0.998953	0.0456366	0.142661	-0.045635	0.988719	1.89249	-0.607482	26.3902	
0.988932	0.0035518	-0.148327	0.00352635	0.998868	0.0474297	0.148328	-0.0474278	0.9878	2.04665	-0.656786	27.4374	
0.988065	0.00382889	-0.153988	0.0038004	0.998781	0.0492197	0.153989	-0.0492175	0.986846	2.20682	-0.707989	28.4835	
0.987166	0.00411625	-0.159645	0.00408448	0.99869	0.0510065	0.159646	-0.051004	0.985856	2.37299	-0.761086	29.5287	
0.986234	0.00441387	-0.165296	0.00437859	0.998596	0.0527902	0.165297	-0.0527872	0.98483	2.54514	-0.816075	30.5727	
0.98527	0.00472173	-0.170941	0.00468268	0.998499	0.0545706	0.170942	-0.0545672	0.983769	2.72328	-0.872951	31.6157	
0.984273	0.00503982	-0.176581	0.00499674	0.998399	0.0563477	0.176582	-0.0563438	0.982672	2.9074	-0.931712	32.6575	
0.983244	0.00536811	-0.182214	0.00532074	0.998295	0.0581214	0.182216	-0.058117	0.98154	3.09749	-0.992353	33.6982	
0.982183	0.00570658	-0.187842	0.00565465	0.998189	0.0598916	0.187843	-0.0598867	0.980372	3.29354	-1.05487	34.7376	
0.981089	0.00605522	-0.193463	0.00599844	0.998079	0.0616584	0.193464	-0.0616528	0.979168	3.49556	-1.11926	35.7757	
0.979963	0.00641401	-0.199077	0.00635209	0.997967	0.0634216	0.199079	-0.0634153	0.977929	3.70353	-1.18552	36.8126	
0.978804	0.00678293	-0.204685	0.00671557	0.997851	0.0651811	0.204687	-0.0651742	0.976655	3.91745	-1.25365	37.8482	
0.977614	0.00716196	-0.210285	0.00708885	0.997732	0.066937	0.210288	-0.0669292	0.975346	4.1373	-1.32364	38.8823	
0.976391	0.00755107	-0.215879	0.00747191	0.99761	0.0686891	0.215882	-0.0686805	0.974001	4.36308	-1.39548	39.9151	
0.975136	0.00795026	-0.221465	0.00786471	0.997485	0.0704375	0.221468	-0.0704279	0.972621	4.59479	-1.46918	40.9464	
0.973849	0.00835948	-0.227043	0.00826722	0.997357	0.0721819	0.227047	-0.0721713	0.971206	4.83241	-1.54473	41.9762	
0.97253	0.00877874	-0.232614	0.00867942	0.997226	0.0739225	0.232617	-0.0739108	0.969756	5.07594	-1.62213	43.0046	
0.971178	0.00920799	-0.238176	0.00910128	0.997092	0.075659	0.23818	-0.0756461	0.968271	5.32537	-1.70136	44.0313	
0.969795	0.00964723	-0.24373	0.00953276	0.996955	0.0773916	0.243735	-0.0773774	0.96675	5.58069	-1.78243	45.0565	
0.96838	0.0100964	-0.249276	0.00997384	0.996815	0.07912	0.249281	-0.0791044	0.965195	5.84189	-1.86534	46.0801	
0.966933	0.0105556	-0.254813	0.0104245	0.996672	0.0808442	0.254819	-0.0808272	0.963605	6.10896	-1.95007	47.1019	
0.965454	0.0110246	-0.260342	0.0108846	0.996526	0.0825643	0.260348	-0.0825457	0.96198	6.3819	-2.03663	48.1221	
0.963943	0.0115035	-0.265861	0.0113543	0.996377	0.08428	0.265867	-0.0842598	0.96032	6.66069	-2.125	49.1405	
0.9624	0.0119923	-0.271371	0.0118335	0.996226	0.0859914	0.271378	-0.0859694	0.958626	6.94532	-2.21519	50.1572	
0.960826	0.0124909	-0.276872	0.0123221	0.996071	0.0876985	0.276879	-0.0876746	0.956897	7.23578	-2.30718	51.172	
0.95922	0.0129994	-0.282362	0.01282	0.995913	0.089401	0.282371	-0.0893751	0.955133	7.53207	-2.40098	52.185	
0.957582	0.0135176	-0.287844	0.0133274	0.995753	0.0910991	0.287852	-0.0910711	0.953335	7.83418	-2.49658	53.1961	
0.955913	0.0140456	-0.293314	0.0138441	0.995589	0.0927926	0.293324	-0.0927623	0.951502	8.14209	-2.59398	54.2053	
0.954212	0.0145834	-0.298775	0.0143701	0.995423	0.0944815	0.298786	-0.0944488	0.949635	8.45578	-2.69316	55.2125	
0.95248	0.0151308	-0.304225	0.0149054	0.995254	0.0961657	0.304237	-0.0961305	0.947734	8.77527	-2.79413	56.2178	
0.950716	0.0156879	-0.309665	0.0154499	0.995082	0.0978452	0.309677	-0.0978073	0.945798	9.10052	-2.89688	57.221	
0.948921	0.0162547	-0.315094	0.0160036	0.994907	0.0995199	0.315107	-0.0994792	0.943828	9.43153	-3.0014	58.2221	
0.947095	0.0168311	-0.320512	0.0165665	0.994729	0.10119	0.320525	-0.101146	0.941824	9.76828	-3.10769	59.2211	
0.945238	0.0174172	-0.325918	0.0171385	0.994549	0.102855	0.325933	-0.102808	0.939786	10.1108	-3.21575	60.218	
0.943349	0.0180128	-0.331313	0.0177196	0.994365	0.104515	0.331329	-0.104465	0.937714	10.459	-3.32556	61.2127	
0.941429	0.0186179	-0.336696	0.0183098	0.994179	0.10617	0.336713	-0.106116	0.935609	10.8129	-3.43713	62.2052	
0.939478	0.0192326	-0.342068	0.018909	0.993991	0.10782	0.342086	-0.107762	0.933469	11.1726	-3.55044	63.1954	
0.937497	0.0198567	-0.347427	0.0195172	0.993799	0.109464	0.347446	-0.109403	0.931296	11.5379	-3.66549	64.1833	
0.935484	0.0204903	-0.352774	0.0201344	0.993605	0.111104	0.352795	-0.111039	0.929089	11.9089	-3.78228	65.169	
0.933441	0.0211333	-0.358109	0.0207604	0.993408	0.112738	0.358131	-0.112669	0.926848	12.2855	-3.9008	66.1523	
0.931366	0.0217858	-0.363431	0.0213954	0.993208	0.114368	0.363454	-0.114294	0.924574	12.6678	-4.02105	67.1331	
0.930552	0.0220411	-0.365495	0.021425	0.993199	0.114443	0.365532	-0.114326	0.923751	13.054	-4.14217	68.1124	
0.929733	0.0222965	-0.367558	0.0214543	0.99319	0.114516	0.367608	-0.114355	0.922923	13.4424	-4.26333	69.0907	
0.938259	0.0196917	-0.345374	0.0173874	0.994432	0.103934	0.345497	-0.103522	0.932692	13.8203	-4.37876	70.0739	
0.946252	0.0173469	-0.322964	0.0135741	0.995551	0.0932433	0.323145	-0.0926157	0.941807	14.1745	-4.48268	71.0671	
0.953709	0.0152636	-0.300344	0.0100171	0.996545	0.0824528	0.300565	-0.0816445	0.95026	14.505	-4.57501	72.0695	
0.960623	0.0134433	-0.27753	0.00671875	0.997413	0.0715696	0.277774	-0.0706161	0.958047	14.8114	-4.65568	73.0806	
0.96699	0.0118873	-0.254538	0.00368152	0.998155	0.0606015	0.254789	-0.0595381	0.965162	15.0936	-4.72464	74.0996	
0.972805	0.0105967	-0.231384	0.000907482	0.998771	0.049556	0.231624	-0.0484183	0.9716	15.3513	-4.78184	75.1257	
0.978064	0.00957233	-0.208084	-0.00160142	0.99926	0.038441	0.208298	-0.0372646	0.977355	15.5844	-4.82724	76.1583	
0.982764	0.00881498	-0.184654	-0.00384341	0.999621	0.0272643	0.184825	-0.0260847	0.982425	15.7927	-4.8608	77.1967	
0.986901	0.00832517	-0.161112	-0.00581694	0.999855	0.0160337	0.161222	-0.0148865	0.986806	15.976	-4.88251	78.2401	
0.990472	0.00810323	-0.137473	-0.0075206	0.99996	0.00475703	0.137506	-0.00367782	0.990494	16.1343	-4.89235	79.2877	
0.993475	0.00814932	-0.113755	-0.00895321	0.999938	-0.00655772	0.113694	0.0075334	0.993487	16.2674	-4.8903	80.3389	
0.995908	0.00846342	-0.0899726	-0.0101138	0.999789	-0.0179026	0.0898021	0.0187393	0.995783	16.3752	-4.87638	81.3928	
0.997769	0.00904529	-0.0661441	-0.0110014	0.999511	-0.0292697	0.065847	0.0299321	0.997381	16.4577	-4.8506	82.4489	
0.999057	0.00989453	-0.0422858	-0.0116156	0.999106	-0.0406511	0.0418458	0.0411039	0.998278	16.5147	-4.81296	83.5062	
0.99977	0.0110106	-0.0184144	-0.0119559	0.998573	-0.0520387	0.0178152	0.0522469	0.998475	16.5463	-4.7635	84.5642	
0.999908	0.0123926	0.00545328	-0.0120219	0.997914	-0.0634245	-0.00622789	0.0633531	0.997972	16.5525	-4.70225	85.6219	
0.999472	0.0140396	0.0293006	-0.0118138	0.997129	-0.0748006	-0.0302666	0.074415	0.996768	16.5331	-4.62926	86.6788	
0.998461	0.0159505	0.0531108	-0.0113316	0.996217	-0.086159	-0.0542841	0.0854246	0.994865	16.4883	-4.54457	87.734	
0.996877	0.0181239	0.0768671	-0.0105757	0.99518	-0.0974917	-0.0782635	0.0963743	0.992263	16.4181	-4.44825	88.7869	
0.994719	0.0205583	0.100553	-0.00954657	0.994019	-0.108791	-0.102188	0.107256	0.988966	16.3225	-4.34036	89.8366	
0.991991	0.0232521	0.124152	-0.00824496	0.992734	-0.120048	-0.126041	0.118063	0.984975	16.2016	-4.22098	90.8824	
0.988693	0.0262032	0.147646	-0.0066718	0.991326	-0.131256	-0.149805	0.128787	0.980292	16.0554	-4.09019	91.9237	
0.984828	0.0294096	0.171021	-0.00482818	0.989796	-0.142407	-0.173464	0.139421	0.974922	15.8841	-3.94808	92.9596	
0.980399	0.0328692	0.194259	-0.00271539	0.988146	-0.153492	-0.197002	0.149956	0.968867	15.6879	-3.79476	93.9895	
0.975409	0.0365793	0.217345	-0.000334921	0.986376	-0.164505	-0.220401	0.160387	0.962133	15.4667	-3.63034	95.0126	
0.969862	0.0405376	0.240261	0.00231156	0.984488	-0.175437	-0.243646	0.170705	0.954723	15.2208	-3.45491	96.0282	
0.96376	0.0447411	0.262992	0.0052222	0.982483	-0.186281	-0.266719	0.180903	0.946644	14.9504	-3.26862	97.0356	
0.957109	0.0491869	0.285522	0.00839495	0.980362	-0.197028	-0.289606	0.190974	0.9379	14.6557	-3.07159	98.0341	
0.949913	0.053872	0.307835	0.0118276	0.978127	-0.207672	-0.312289	0.200912	0.928499	14.3368	-2.86396	99.023	
0.942178	0.0587929	0.329915	0.0155177	0.975779	-0.218206	-0.334754	0.210708	0.918446	13.9939	-2.64587	100.002	
0.933908	0.0639463	0.351748	0.0194627	0.973321	-0.22862	-0.356983	0.220356	0.907748	13.6274	-2.41748	100.969	
0.92511	0.0693286	0.373317	0.0236598	0.970754	-0.23891	-0.378962	0.22985	0.896413	13.2375	-2.17895	101.925	
