1	0	0	0	1	0	0	0	1	0	0	0	
0.999993	4.61222e-06	0.0038164	4.61222e-06	0.999997	-0.00241704	-0.0038164	0.00241704	0.99999	-0.00151596	0.000960104	0.794442	
0.999971	1.8449e-05	0.007633	1.84467e-05	0.999988	-0.00483361	-0.007633	0.00483361	0.999959	-0.00606393	0.00384023	1.58887	
0.999934	4.15096e-05	0.0114497	4.15005e-05	0.999974	-0.00724965	-0.0114497	0.00724965	0.999908	-0.013644	0.00863997	2.38326	
0.999883	7.37934e-05	0.0152664	7.37707e-05	0.999953	-0.00966512	-0.0152664	0.00966512	0.999837	-0.0242563	0.0153589	3.1776	
0.999818	0.000115299	0.0190831	0.000115254	0.999927	-0.01208	-0.0190831	0.01208	0.999745	-0.0379007	0.0239966	3.97188	
0.999738	0.000166026	0.0228997	0.000165947	0.999895	-0.0144941	-0.0228997	0.0144941	0.999633	-0.0545773	0.0345524	4.76608	
0.999643	0.000225973	0.0267161	0.000225845	0.999857	-0.0169076	-0.0267161	0.0169076	0.9995	-0.0742858	0.0470259	5.56018	
0.999534	0.000295137	0.0305322	0.000294946	0.999813	-0.0193203	-0.0305322	0.0193203	0.999347	-0.0970262	0.0614164	6.35417	
0.99941	0.000373518	0.034348	0.000373245	0.999764	-0.0217321	-0.034348	0.0217321	0.999174	-0.122798	0.0777234	7.14803	
0.999271	0.000461113	0.0381633	0.000460738	0.999708	-0.0241431	-0.0381633	0.0241431	0.99898	-0.151601	0.0959461	7.94174	
0.999118	0.000557921	0.0419781	0.000557421	0.999647	-0.0265532	-0.0419781	0.0265532	0.998766	-0.183435	0.116084	8.73529	
0.998951	0.000663938	0.0457923	0.000663288	0.99958	-0.0289623	-0.0457923	0.0289623	0.998531	-0.2183	0.138136	9.52866	
0.998769	0.000779163	0.0496059	0.000778336	0.999508	-0.0313704	-0.0496059	0.0313704	0.998276	-0.256194	0.162101	10.3218	
0.998572	0.000903593	0.0534187	0.000902559	0.999429	-0.0337775	-0.0534187	0.0337774	0.998001	-0.297118	0.18798	11.1148	
0.99836	0.00103722	0.0572307	0.00103595	0.999345	-0.0361834	-0.0572307	0.0361833	0.997705	-0.34107	0.21577	11.9075	
0.998135	0.00118006	0.0610417	0.00117851	0.999255	-0.0385881	-0.0610418	0.0385881	0.997389	-0.388051	0.245471	12.7	
0.997894	0.00133208	0.0648518	0.00133023	0.999159	-0.0409917	-0.0648519	0.0409916	0.997053	-0.438058	0.277081	13.4923	
0.997639	0.0014933	0.0686609	0.0014911	0.999057	-0.043394	-0.0686609	0.0433939	0.996696	-0.491093	0.310601	14.2842	
0.997369	0.00166371	0.0724688	0.00166112	0.998949	-0.0457949	-0.0724689	0.0457948	0.996319	-0.547153	0.346029	15.0759	
0.997085	0.0018433	0.0762755	0.00184028	0.998836	-0.0481945	-0.0762756	0.0481944	0.995921	-0.606238	0.383364	15.8673	
0.996786	0.00203207	0.0800809	0.00202857	0.998717	-0.0505928	-0.080081	0.0505926	0.995504	-0.668346	0.422604	16.6583	
0.996473	0.00223002	0.083885	0.002226	0.998593	-0.0529895	-0.0838851	0.0529893	0.995066	-0.733477	0.463749	17.449	
0.996145	0.00243714	0.0876876	0.00243254	0.998462	-0.0553848	-0.0876877	0.0553846	0.994607	-0.80163	0.506798	18.2394	
0.995803	0.00265343	0.0914886	0.0026482	0.998326	-0.0577785	-0.0914888	0.0577782	0.994129	-0.872803	0.551749	19.0293	
0.995446	0.00287888	0.0952881	0.00287298	0.998184	-0.0601706	-0.0952883	0.0601703	0.99363	-0.946995	0.598601	19.8189	
0.995074	0.00311349	0.0990859	0.00310685	0.998036	-0.062561	-0.0990861	0.0625607	0.99311	-1.0242	0.647352	20.6081	
0.994688	0.00335725	0.102882	0.00334981	0.997883	-0.0649498	-0.102882	0.0649494	0.992571	-1.10443	0.698002	21.3969	
0.994287	0.00361016	0.106676	0.00360187	0.997724	-0.0673368	-0.106676	0.0673364	0.992011	-1.18767	0.750549	22.1852	
0.993872	0.00387221	0.110468	0.003863	0.997559	-0.069722	-0.110469	0.0697215	0.991431	-1.27393	0.804992	22.973	
0.993442	0.0041434	0.114259	0.0041332	0.997388	-0.0721054	-0.114259	0.0721048	0.990831	-1.36319	0.861328	23.7604	
0.992998	0.00442371	0.118047	0.00441246	0.997212	-0.0744869	-0.118047	0.0744862	0.99021	-1.45547	0.919558	24.5474	
0.992539	0.00471315	0.121833	0.00470078	0.99703	-0.0768664	-0.121834	0.0768657	0.98957	-1.55076	0.979678	25.3338	
0.992066	0.00501171	0.125617	0.00499815	0.996843	-0.079244	-0.125617	0.0792431	0.988909	-1.64905	1.04169	26.1197	
0.991578	0.00531938	0.129398	0.00530455	0.996649	-0.0816195	-0.129399	0.0816186	0.988228	-1.75035	1.10559	26.905	
0.991076	0.00563616	0.133178	0.00561998	0.99645	-0.083993	-0.133178	0.0839919	0.987527	-1.85465	1.17137	27.6898	
0.990559	0.00596203	0.136954	0.00594443	0.996246	-0.0863643	-0.136955	0.0863631	0.986805	-1.96195	1.23904	28.4741	
0.990028	0.006297	0.140729	0.00627789	0.996036	-0.0887334	-0.140729	0.0887321	0.986064	-2.07226	1.30859	29.2578	
0.989483	0.00664105	0.1445	0.00662035	0.99582	-0.0911003	-0.144501	0.0910988	0.985302	-2.18556	1.38002	30.0408	
0.988922	0.00699417	0.148269	0.0069718	0.995598	-0.093465	-0.14827	0.0934633	0.98452	-2.30185	1.45334	30.8233	
0.988348	0.00735637	0.152035	0.00733224	0.995371	-0.0958273	-0.152036	0.0958254	0.983719	-2.42114	1.52853	31.6051	
0.987759	0.00772762	0.155798	0.00770164	0.995138	-0.0981872	-0.1558	0.0981852	0.982897	-2.54342	1.60559	32.3863	
0.987155	0.00810793	0.159559	0.00808001	0.9949	-0.100545	-0.15956	0.100543	0.982055	-2.66869	1.68453	33.1668	
0.986537	0.00849728	0.163316	0.00846732	0.994656	-0.1029	-0.163318	0.102897	0.981193	-2.79694	1.76534	33.9467	
0.985905	0.00889567	0.16707	0.00886358	0.994406	-0.105252	-0.167072	0.10525	0.980311	-2.92818	1.84802	34.7258	
0.985258	0.00930309	0.170821	0.00926877	0.994151	-0.107602	-0.170823	0.107599	0.979409	-3.0624	1.93257	35.5043	
0.984597	0.00971952	0.174569	0.00968288	0.99389	-0.10995	-0.174571	0.109947	0.978487	-3.1996	2.01899	36.282	
0.983921	0.010145	0.178314	0.0101059	0.993624	-0.112295	-0.178316	0.112291	0.977545	-3.33978	2.10726	37.059	
0.983231	0.0105794	0.182055	0.0105378	0.993352	-0.114637	-0.182058	0.114633	0.976583	-3.48292	2.1974	37.8352	
0.982527	0.0110229	0.185793	0.0109786	0.993074	-0.116976	-0.185796	0.116972	0.975601	-3.62904	2.2894	38.6107	
0.981808	0.0114753	0.189527	0.0114283	0.992791	-0.119312	-0.18953	0.119308	0.974599	-3.77813	2.38326	39.3853	
0.981075	0.0119367	0.193258	0.0118868	0.992502	-0.121646	-0.193261	0.121641	0.973578	-3.93018	2.47897	40.1592	
0.980328	0.012407	0.196985	0.0123542	0.992208	-0.123977	-0.196988	0.123972	0.972536	-4.0852	2.57653	40.9322	
0.979566	0.0128864	0.200708	0.0128304	0.991909	-0.126305	-0.200711	0.126299	0.971475	-4.24318	2.67594	41.7044	
0.97879	0.0133746	0.204427	0.0133155	0.991603	-0.12863	-0.204431	0.128623	0.970394	-4.40411	2.7772	42.4758	
0.977445	0.0142195	0.21071	0.0140674	0.991131	-0.132142	-0.21072	0.132125	0.968576	-4.56902	2.88078	43.246	
0.976059	0.0150871	0.216981	0.0148423	0.990646	-0.135648	-0.216998	0.135621	0.966705	-4.73892	2.98714	44.0147	
0.974633	0.0159772	0.223239	0.0156401	0.990148	-0.139148	-0.223263	0.139109	0.964781	-4.9138	3.09626	44.782	
0.973166	0.0168899	0.229484	0.0164607	0.989638	-0.142641	-0.229515	0.142591	0.962803	-5.09365	3.20816	45.5476	
0.971658	0.0178251	0.235716	0.0173042	0.989114	-0.146128	-0.235755	0.146066	0.960773	-5.27847	3.32282	46.3117	
0.970111	0.0187827	0.241934	0.0181704	0.988578	-0.149609	-0.241981	0.149533	0.958689	-5.46824	3.44024	47.0742	
0.968523	0.0197628	0.248139	0.0190593	0.98803	-0.153082	-0.248194	0.152993	0.956553	-5.66295	3.56041	47.835	
0.966895	0.0207652	0.254329	0.0199709	0.987468	-0.156548	-0.254393	0.156445	0.954363	-5.86259	3.68333	48.594	
0.965227	0.0217899	0.260505	0.0209052	0.986895	-0.160007	-0.260577	0.159889	0.952121	-6.06714	3.80898	49.3513	
0.963519	0.0228368	0.266665	0.021862	0.986308	-0.163458	-0.266747	0.163324	0.949827	-6.27661	3.93737	50.1068	
0.961771	0.0239059	0.272811	0.0228413	0.985709	-0.166901	-0.272902	0.166752	0.94748	-6.49097	4.06849	50.8605	
0.959983	0.0249972	0.278941	0.0238431	0.985098	-0.170336	-0.279042	0.17017	0.945081	-6.71022	4.20232	51.6123	
0.958156	0.0261106	0.285055	0.0248672	0.984474	-0.173762	-0.285166	0.17358	0.942629	-6.93433	4.33887	52.3621	
0.956289	0.0272459	0.291153	0.0259138	0.983837	-0.177181	-0.291274	0.176981	0.940126	-7.16331	4.47812	53.11	
0.954382	0.0284033	0.297234	0.0269826	0.983188	-0.18059	-0.297366	0.180372	0.937571	-7.39713	4.62007	53.8559	
0.952436	0.0295825	0.303298	0.0280736	0.982527	-0.18399	-0.303442	0.183754	0.934964	-7.63579	4.76471	54.5997	
0.950451	0.0307836	0.309345	0.0291868	0.981853	-0.187382	-0.3095	0.187126	0.932305	-7.87926	4.91203	55.3414	
0.948427	0.0320065	0.315375	0.0303221	0.981168	-0.190763	-0.315542	0.190488	0.929596	-8.12754	5.06203	56.081	
0.946364	0.0332511	0.321387	0.0314794	0.980469	-0.194136	-0.321565	0.19384	0.926834	-8.38062	5.21469	56.8184	
0.944262	0.0345174	0.327381	0.0326587	0.979759	-0.197498	-0.327571	0.197182	0.924022	-8.63847	5.37001	57.5536	
0.942121	0.0358052	0.333356	0.0338598	0.979037	-0.20085	-0.333559	0.200513	0.921158	-8.90109	5.52799	58.2866	
0.939941	0.0371146	0.339312	0.0350828	0.978302	-0.204193	-0.339528	0.203833	0.918244	-9.16845	5.6886	59.0172	
0.937723	0.0384454	0.34525	0.0363275	0.977555	-0.207524	-0.345479	0.207142	0.915279	-9.44056	5.85185	59.7455	
0.935466	0.0397976	0.351167	0.0375938	0.976796	-0.210845	-0.35141	0.21044	0.912264	-9.71738	6.01773	60.4715	
0.933172	0.0411711	0.357066	0.0388818	0.976025	-0.214155	-0.357322	0.213727	0.909198	-9.9989	6.18622	61.195	
0.930838	0.0425659	0.362944	0.0401913	0.975243	-0.217454	-0.363214	0.217002	0.906083	-10.2851	6.35731	61.9161	
0.928467	0.0439818	0.368801	0.0415222	0.974448	-0.220742	-0.369086	0.220265	0.902917	-10.576	6.531	62.6347	
0.926058	0.0454188	0.374638	0.0428744	0.973641	-0.224018	-0.374938	0.223516	0.899701	-10.8715	6.70728	63.3507	
0.923611	0.0468768	0.380454	0.0442479	0.972823	-0.227283	-0.380769	0.226755	0.896436	-11.1717	6.88614	64.0642	
0.921126	0.0483557	0.386249	0.0456426	0.971993	-0.230535	-0.386579	0.229981	0.893121	-11.4765	7.06757	64.775	
0.918604	0.0498555	0.392022	0.0470584	0.971151	-0.233776	-0.392368	0.233195	0.889757	-11.786	7.25155	65.4832	
0.916044	0.0513761	0.397773	0.0484952	0.970298	-0.237004	-0.398135	0.236396	0.886344	-12.1	7.43809	66.1887	
0.913447	0.0529173	0.403502	0.0499529	0.969432	-0.24022	-0.40388	0.239584	0.882882	-12.4185	7.62716	66.8915	
0.910813	0.0544792	0.409209	0.0514314	0.968556	-0.243422	-0.409603	0.242759	0.879371	-12.7417	7.81876	67.5915	
0.908142	0.0560616	0.414892	0.0529307	0.967668	-0.246613	-0.415303	0.24592	0.875812	-13.0694	8.01287	68.2887	
0.905434	0.0576645	0.420552	0.0544506	0.966768	-0.249789	-0.420981	0.249067	0.872205	-13.4015	8.20949	68.9831	
0.897735	0.0621997	0.436122	0.0580948	0.964621	-0.25716	-0.436688	0.256198	0.862361	-13.7422	8.4102	69.6721	
0.889757	0.0668621	0.451512	0.0618718	0.962414	-0.264445	-0.452222	0.263227	0.852177	-14.0953	8.61653	70.3532	
0.8815	0.0716497	0.466715	0.06578	0.960148	-0.271642	-0.467579	0.270153	0.841658	-14.4607	8.82841	71.026	
0.87297	0.0765607	0.481727	0.069818	0.957823	-0.278748	-0.482751	0.276972	0.830806	-14.8382	9.04575	71.6904	
0.86417	0.0815931	0.496542	0.0739841	0.955441	-0.285761	-0.497732	0.283682	0.819626	-15.2277	9.26846	72.346	
0.855102	0.086745	0.511152	0.0782766	0.953002	-0.292677	-0.512517	0.29028	0.808123	-15.629	9.49646	72.9926	
0.84577	0.0920143	0.525554	0.082694	0.950508	-0.299494	-0.527101	0.296763	0.796302	-16.042	9.72965	73.6299	
0.836178	0.0973989	0.53974	0.0872344	0.947959	-0.30621	-0.541476	0.30313	0.784166	-16.4665	9.96795	74.2578	
0.826331	0.102897	0.553706	0.091896	0.945356	-0.312821	-0.555637	0.309377	0.771721	-16.9023	10.2113	74.8758	
