1	0	0	0	1	0	0	0	1	0	0	0	
0.999989	-5.385e-06	-0.00478382	-5.385e-06	0.999997	-0.00225132	0.00478382	0.00225132	0.999986	0.00226386	0.0010654	0.94646	
0.999954	-2.15423e-05	-0.00956714	-2.15505e-05	0.99999	-0.00450413	0.00956714	0.00450413	0.999944	0.00905522	0.00426231	1.89289	
0.999897	-4.84771e-05	-0.0143498	-4.85099e-05	0.999977	-0.00675834	0.0143498	0.00675834	0.999874	0.0203735	0.00959208	2.83927	
0.999817	-8.61944e-05	-0.0191317	-8.62764e-05	0.999959	-0.0090139	0.0191317	0.0090139	0.999776	0.0362181	0.017056	3.78558	
0.999714	-0.000134698	-0.0239127	-0.000134862	0.999936	-0.0112707	0.0239127	0.0112707	0.999651	0.0565882	0.0266554	4.73177	
0.999588	-0.000193993	-0.0286926	-0.00019428	0.999908	-0.0135288	0.0286926	0.0135288	0.999497	0.0814828	0.0383914	5.67784	
0.99944	-0.000264083	-0.0334713	-0.000264542	0.999875	-0.015788	0.0334713	0.015788	0.999315	0.110901	0.0522651	6.62374	
0.999268	-0.000344971	-0.0382487	-0.00034566	0.999837	-0.0180483	0.0382487	0.0180483	0.999105	0.144841	0.0682775	7.56946	
0.999074	-0.00043666	-0.0430245	-0.000437644	0.999794	-0.0203095	0.0430245	0.0203096	0.998868	0.183302	0.0864297	8.51497	
0.998857	-0.000539152	-0.0477987	-0.000540505	0.999745	-0.0225718	0.0477987	0.0225718	0.998602	0.226283	0.106723	9.46024	
0.998617	-0.00065245	-0.0525712	-0.000654254	0.999691	-0.0248348	0.0525712	0.0248349	0.998308	0.273781	0.129157	10.4052	
0.998354	-0.000776556	-0.0573417	-0.000778901	0.999632	-0.0270987	0.0573417	0.0270988	0.997987	0.325796	0.153734	11.35	
0.998069	-0.000911471	-0.0621102	-0.000914455	0.999568	-0.0293634	0.0621102	0.0293635	0.997637	0.382324	0.180454	12.2944	
0.997761	-0.0010572	-0.0668765	-0.00106093	0.999499	-0.0316287	0.0668764	0.0316288	0.99726	0.443365	0.209317	13.2384	
0.99743	-0.00121373	-0.0716404	-0.00121832	0.999425	-0.0338946	0.0716404	0.0338948	0.996854	0.508916	0.240325	14.1821	
0.997076	-0.00138108	-0.0764019	-0.00138665	0.999345	-0.036161	0.0764018	0.0361613	0.996421	0.578974	0.273478	15.1254	
0.9967	-0.00155924	-0.0811608	-0.00156593	0.99926	-0.038428	0.0811606	0.0384282	0.99596	0.653538	0.308776	16.0682	
0.996301	-0.00174821	-0.0859168	-0.00175615	0.99917	-0.0406953	0.0859167	0.0406956	0.995471	0.732605	0.34622	17.0106	
0.995879	-0.00194799	-0.09067	-0.00195733	0.999075	-0.0429629	0.0906698	0.0429633	0.994954	0.816171	0.385811	17.9526	
0.995435	-0.00215858	-0.0954202	-0.00216947	0.998974	-0.0452308	0.0954199	0.0452313	0.994409	0.904235	0.427547	18.894	
0.994968	-0.00237997	-0.100167	-0.00239259	0.998868	-0.0474989	0.100167	0.0474995	0.993836	0.996793	0.47143	19.8349	
0.994478	-0.00261217	-0.104911	-0.00262668	0.998757	-0.0497671	0.10491	0.0497678	0.993236	1.09384	0.517461	20.7753	
0.993966	-0.00285518	-0.109651	-0.00287175	0.998641	-0.0520353	0.109651	0.0520363	0.992607	1.19538	0.565638	21.715	
0.993431	-0.00310898	-0.114388	-0.00312782	0.99852	-0.0543036	0.114387	0.0543047	0.991951	1.3014	0.615962	22.6542	
0.992874	-0.00337359	-0.11912	-0.00339487	0.998393	-0.0565718	0.11912	0.056573	0.991267	1.41191	0.668433	23.5927	
0.992294	-0.00364899	-0.123849	-0.00367293	0.998261	-0.0588398	0.123849	0.0588413	0.990555	1.52689	0.723051	24.5306	
0.991692	-0.00393517	-0.128574	-0.00396199	0.998123	-0.0611076	0.128573	0.0611093	0.989815	1.64634	0.779815	25.4678	
0.991067	-0.00423215	-0.133295	-0.00426205	0.997981	-0.063375	0.133294	0.0633771	0.989048	1.77027	0.838726	26.4042	
0.99042	-0.00453991	-0.138012	-0.00457312	0.997833	-0.0656422	0.13801	0.0656445	0.988253	1.89866	0.899784	27.3399	
0.989751	-0.00485844	-0.142724	-0.00489521	0.99768	-0.0679089	0.142722	0.0679115	0.98743	2.03151	0.962987	28.2749	
0.989059	-0.00518775	-0.147431	-0.00522831	0.997521	-0.0701751	0.14743	0.0701781	0.98658	2.16882	1.02834	29.2091	
0.988344	-0.00552782	-0.152134	-0.00557243	0.997357	-0.0724407	0.152132	0.0724441	0.985702	2.31058	1.09583	30.1424	
0.987608	-0.00587865	-0.156832	-0.00592756	0.997188	-0.0747057	0.15683	0.0747096	0.984796	2.45679	1.16547	31.0749	
0.986849	-0.00624024	-0.161525	-0.00629372	0.997014	-0.07697	0.161523	0.0769744	0.983862	2.60745	1.23725	32.0066	
0.986068	-0.00661258	-0.166213	-0.0066709	0.996834	-0.0792335	0.16621	0.0792384	0.982902	2.76254	1.31117	32.9373	
0.985264	-0.00699565	-0.170895	-0.00705911	0.996649	-0.0814962	0.170892	0.0815017	0.981913	2.92207	1.38724	33.8671	
0.984439	-0.00738946	-0.175572	-0.00745834	0.996458	-0.0837579	0.175569	0.0837641	0.980897	3.08603	1.46545	34.796	
0.983591	-0.007794	-0.180244	-0.00786859	0.996262	-0.0860187	0.180241	0.0860255	0.979854	3.25441	1.5458	35.7239	
0.982721	-0.00820925	-0.18491	-0.00828987	0.996061	-0.0882784	0.184906	0.088286	0.978783	3.42721	1.62829	36.6508	
0.981829	-0.00863521	-0.18957	-0.00872216	0.995855	-0.090537	0.189566	0.0905453	0.977684	3.60442	1.71292	37.5766	
0.980915	-0.00907187	-0.194224	-0.00916548	0.995643	-0.0927944	0.19422	0.0928036	0.976558	3.78604	1.79969	38.5014	
0.979979	-0.00951922	-0.198872	-0.00961982	0.995426	-0.0950505	0.198867	0.0950606	0.975405	3.97206	1.88859	39.4252	
0.979021	-0.00997725	-0.203514	-0.0100852	0.995203	-0.0973053	0.203509	0.0973164	0.974225	4.16248	1.97963	40.3478	
0.978041	-0.010446	-0.20815	-0.0105615	0.994976	-0.0995587	0.208144	0.0995709	0.973017	4.35729	2.0728	41.2693	
0.977039	-0.0109253	-0.212779	-0.0110489	0.994742	-0.101811	0.212772	0.101824	0.971782	4.55648	2.16811	42.1897	
0.976016	-0.0114153	-0.217401	-0.0115473	0.994504	-0.104061	0.217394	0.104076	0.970519	4.76005	2.26555	43.1088	
0.97497	-0.011916	-0.222017	-0.0120567	0.99426	-0.10631	0.222009	0.106326	0.96923	4.96799	2.36512	44.0268	
0.973903	-0.0124273	-0.226626	-0.0125771	0.994011	-0.108557	0.226617	0.108574	0.967913	5.18029	2.46682	44.9435	
0.972814	-0.0129492	-0.231227	-0.0131085	0.993756	-0.110802	0.231218	0.110821	0.96657	5.39696	2.57064	45.859	
0.971703	-0.0134817	-0.235822	-0.0136509	0.993496	-0.113046	0.235812	0.113066	0.965199	5.61797	2.67659	46.7731	
0.97057	-0.0140248	-0.240409	-0.0142043	0.993231	-0.115287	0.240399	0.115309	0.963801	5.84333	2.78467	47.686	
0.969416	-0.0145784	-0.244989	-0.0147687	0.99296	-0.117527	0.244978	0.11755	0.962376	6.07303	2.89486	48.5975	
0.968241	-0.0151427	-0.249561	-0.015344	0.992684	-0.119764	0.249549	0.11979	0.960924	6.30705	3.00718	49.5077	
0.967043	-0.0157174	-0.254126	-0.0159303	0.992402	-0.122	0.254113	0.122027	0.959446	6.5454	3.12162	50.4165	
0.965825	-0.0163028	-0.258683	-0.0165276	0.992115	-0.124233	0.258668	0.124263	0.95794	6.78807	3.23817	51.3239	
0.964585	-0.0168986	-0.263232	-0.0171358	0.991823	-0.126464	0.263216	0.126496	0.956408	7.03504	3.35684	52.2298	
0.963323	-0.017505	-0.267772	-0.017755	0.991526	-0.128693	0.267756	0.128727	0.954849	7.28631	3.47762	53.1343	
0.96204	-0.0181218	-0.272305	-0.0183851	0.991223	-0.130919	0.272287	0.130956	0.953263	7.54188	3.60051	54.0372	
0.960736	-0.0187491	-0.276829	-0.0190261	0.990914	-0.133143	0.27681	0.133182	0.95165	7.80173	3.72551	54.9387	
0.959411	-0.0193869	-0.281345	-0.0196781	0.9906	-0.135365	0.281324	0.135407	0.950011	8.06586	3.85261	55.8386	
0.958064	-0.0200352	-0.285852	-0.020341	0.990281	-0.137583	0.28583	0.137628	0.948346	8.33426	3.98182	56.737	
0.956697	-0.0206938	-0.29035	-0.0210148	0.989957	-0.139799	0.290327	0.139847	0.946654	8.60691	4.11313	57.6338	
0.955416	-0.021319	-0.294493	-0.0227106	0.989129	-0.145284	0.294389	0.145495	0.944545	8.88362	4.24817	58.5288	
0.954115	-0.0219697	-0.298633	-0.0244305	0.988269	-0.150759	0.298442	0.151137	0.942385	9.16417	4.38854	59.4217	
0.952795	-0.022646	-0.302768	-0.0261744	0.987375	-0.156222	0.302483	0.156772	0.940174	9.44855	4.53426	60.3126	
0.951456	-0.0233477	-0.306897	-0.027942	0.986449	-0.161673	0.306513	0.1624	0.937911	9.73674	4.6853	61.2014	
0.950098	-0.0240749	-0.31102	-0.0297334	0.985489	-0.167112	0.31053	0.168021	0.935596	10.0288	4.84167	62.088	
0.948722	-0.0248274	-0.315136	-0.0315484	0.984497	-0.172539	0.314534	0.173633	0.933231	10.3246	5.00335	62.9724	
0.947326	-0.0256052	-0.319245	-0.0333868	0.983473	-0.177952	0.318525	0.179237	0.930815	10.6241	5.17034	63.8545	
0.945912	-0.0264082	-0.323345	-0.0352486	0.982415	-0.183352	0.322501	0.184832	0.928348	10.9275	5.34263	64.7343	
0.94448	-0.0272363	-0.327437	-0.0371335	0.981325	-0.188737	0.326463	0.190417	0.925831	11.2346	5.52021	65.6118	
0.94303	-0.0280893	-0.331519	-0.0390415	0.980203	-0.194108	0.330408	0.195993	0.923264	11.5455	5.70307	66.4869	
0.941562	-0.0289672	-0.335591	-0.0409724	0.979048	-0.199464	0.334338	0.201558	0.920648	11.86	5.89121	67.3595	
0.940077	-0.0298699	-0.339652	-0.0429261	0.977861	-0.204805	0.33825	0.207112	0.917982	12.1783	6.0846	68.2296	
0.938574	-0.0307971	-0.343702	-0.0449023	0.976642	-0.21013	0.342145	0.212655	0.915268	12.5003	6.28325	69.0971	
0.937054	-0.0317488	-0.347739	-0.0469009	0.975391	-0.215438	0.346021	0.218186	0.912504	12.826	6.48714	69.9621	
0.937812	-0.0312429	-0.345734	-0.0550147	0.969979	-0.236883	0.342756	0.241172	0.90794	13.1519	6.70453	70.8236	
0.938563	-0.0306865	-0.34374	-0.0630493	0.964028	-0.258214	0.339298	0.264023	0.902867	13.4747	6.94362	71.6806	
0.939307	-0.0300799	-0.341757	-0.0710002	0.95754	-0.27942	0.335651	0.286726	0.897289	13.7942	7.20426	72.5325	
0.940042	-0.0294236	-0.339787	-0.0788629	0.95052	-0.300488	0.331816	0.309268	0.891208	14.11	7.48632	73.3789	
0.940768	-0.0287177	-0.337832	-0.0866331	0.94297	-0.321408	0.327795	0.331637	0.884628	14.4222	7.78963	74.2194	
0.941486	-0.0279628	-0.335891	-0.0943064	0.934895	-0.342166	0.323591	0.353821	0.877553	14.7305	8.11403	75.0533	
0.942194	-0.0271592	-0.333966	-0.101879	0.9263	-0.362752	0.319205	0.375807	0.869987	15.0347	8.45933	75.8803	
0.942892	-0.0263075	-0.332059	-0.109345	0.91719	-0.383154	0.314641	0.397582	0.861934	15.3346	8.82534	76.7	
0.94358	-0.025408	-0.33017	-0.116702	0.907569	-0.403361	0.3099	0.419134	0.853398	15.6302	9.21185	77.5118	
0.944257	-0.0244613	-0.3283	-0.123946	0.897443	-0.42336	0.304986	0.440452	0.844384	15.9212	9.61865	78.3153	
0.944923	-0.0234679	-0.32645	-0.131071	0.886817	-0.443142	0.299902	0.461524	0.834898	16.2075	10.0455	79.11	
0.945578	-0.0224284	-0.324622	-0.138075	0.875699	-0.462695	0.294649	0.482337	0.824944	16.4889	10.4922	79.8955	
0.946221	-0.0213434	-0.322817	-0.144953	0.864093	-0.482008	0.289231	0.50288	0.814529	16.7652	10.9585	80.6714	
0.946852	-0.0202134	-0.321035	-0.151702	0.852006	-0.501071	0.283652	0.523141	0.803657	17.0363	11.444	81.4372	
0.94747	-0.0190391	-0.319277	-0.158317	0.839446	-0.519871	0.277914	0.54311	0.792336	17.3021	11.9486	82.1925	
0.948076	-0.0178212	-0.317545	-0.164795	0.826419	-0.5384	0.27202	0.562774	0.780571	17.5623	12.472	82.9369	
0.948668	-0.0165603	-0.315839	-0.171133	0.812932	-0.556647	0.265974	0.582123	0.768369	17.8169	13.0138	83.67	
0.949247	-0.0152571	-0.31416	-0.177326	0.798993	-0.574601	0.259779	0.601147	0.755736	18.0657	13.5738	84.3912	
0.949813	-0.0139124	-0.31251	-0.183372	0.78461	-0.592252	0.253438	0.619834	0.742681	18.3086	14.1517	85.1004	
0.950364	-0.0125269	-0.310889	-0.189266	0.76979	-0.609591	0.246956	0.638174	0.72921	18.5454	14.747	85.797	
0.9509	-0.0111014	-0.309298	-0.195007	0.754543	-0.626607	0.240335	0.656156	0.715331	18.776	15.3596	86.4806	
0.951422	-0.00963676	-0.307738	-0.200589	0.738877	-0.643292	0.23358	0.673772	0.701051	19.0003	15.989	87.1509	
0.951929	-0.00813368	-0.30621	-0.206011	0.7228	-0.659636	0.226694	0.69101	0.686378	19.2182	16.6348	87.8075	
