1	0	0	0	1	0	0	0	1	0	0	0	
1	4.62372e-07	-0.0001574	4.62372e-07	0.999983	0.00587505	0.0001574	-0.00587505	0.999983	8.22777e-05	-0.00307106	1.04545	
1	1.86379e-06	-0.000316411	1.85448e-06	0.999931	0.011751	0.000316411	-0.011751	0.999931	0.000329953	-0.0122847	2.09086	
1	4.22338e-06	-0.000477026	4.1861e-06	0.999845	0.0176276	0.000477026	-0.0176276	0.999845	0.000744705	-0.0276417	3.1362	
1	7.5602e-06	-0.000639239	7.46699e-06	0.999724	0.0235047	0.00063924	-0.0235047	0.999724	0.00132821	-0.0491428	4.18143	
1	1.18933e-05	-0.000803045	1.17069e-05	0.999568	0.029382	0.000803048	-0.029382	0.999568	0.00208213	-0.0767881	5.22652	
1	1.72418e-05	-0.000968438	1.69154e-05	0.999378	0.0352593	0.000968444	-0.0352593	0.999378	0.00300814	-0.110578	6.27143	
0.999999	2.36245e-05	-0.00113541	2.31023e-05	0.999154	0.0411364	0.00113542	-0.0411364	0.999153	0.0041079	-0.150512	7.31612	
0.999999	3.10604e-05	-0.00130396	3.02771e-05	0.998894	0.047013	0.00130398	-0.047013	0.998893	0.00538304	-0.19659	8.36055	
0.999999	3.95686e-05	-0.00147408	3.84494e-05	0.9986	0.0528891	0.00147411	-0.0528891	0.998599	0.00683523	-0.248812	9.4047	
0.999999	4.91677e-05	-0.00164575	4.76287e-05	0.998272	0.0587642	0.0016458	-0.0587642	0.998271	0.00846609	-0.307177	10.4485	
0.999998	5.98767e-05	-0.00181898	5.78245e-05	0.997909	0.0646383	0.00181905	-0.0646383	0.997907	0.0102773	-0.371683	11.492	
0.999998	7.17143e-05	-0.00199376	6.90464e-05	0.997511	0.070511	0.00199385	-0.070511	0.997509	0.0122704	-0.442329	12.535	
0.999998	8.46994e-05	-0.00217008	8.13036e-05	0.997079	0.0763823	0.00217021	-0.0763823	0.997076	0.0144471	-0.519114	13.5777	
0.999997	9.88505e-05	-0.00234793	9.46057e-05	0.996612	0.0822517	0.0023481	-0.0822517	0.996609	0.0168089	-0.602037	14.6198	
0.999997	0.000114186	-0.0025273	0.000108962	0.99611	0.0881193	0.00252753	-0.0881193	0.996107	0.0193575	-0.691095	15.6615	
0.999996	0.000130726	-0.00270819	0.000124382	0.995574	0.0939846	0.00270849	-0.0939846	0.99557	0.0220945	-0.786286	16.7026	
0.999996	0.000148487	-0.00289059	0.000140874	0.995003	0.0998475	0.00289097	-0.0998475	0.994999	0.0250215	-0.887607	17.7431	
0.999995	0.000167488	-0.00307449	0.000158448	0.994397	0.105708	0.00307497	-0.105708	0.994392	0.0281401	-0.995057	18.783	
0.999995	0.000187749	-0.00325988	0.000177114	0.993757	0.111565	0.00326047	-0.111565	0.993752	0.0314518	-1.10863	19.8223	
0.999994	0.000209286	-0.00344675	0.000196879	0.993082	0.11742	0.00344748	-0.11742	0.993076	0.0349583	-1.22833	20.8609	
0.999993	0.00023212	-0.0036351	0.000217754	0.992373	0.123271	0.00363599	-0.123271	0.992366	0.038661	-1.35414	21.8987	
0.999993	0.000256267	-0.00382492	0.000239748	0.991629	0.129118	0.00382599	-0.129118	0.991622	0.0425616	-1.48608	22.9358	
0.999992	0.000281746	-0.0040162	0.000262869	0.990851	0.134962	0.00401748	-0.134962	0.990843	0.0466616	-1.62412	23.9721	
0.999991	0.000308576	-0.00420892	0.000287126	0.990038	0.140802	0.00421044	-0.140802	0.990029	0.0509626	-1.76827	25.0075	
0.99999	0.000336774	-0.00440308	0.000312529	0.98919	0.146638	0.00440487	-0.146638	0.98918	0.055466	-1.91852	26.0421	
0.999989	0.000366358	-0.00459867	0.000339086	0.988308	0.15247	0.00460076	-0.15247	0.988297	0.0601735	-2.07487	27.0758	
0.999988	0.000397347	-0.00479568	0.000366806	0.987392	0.158296	0.00479811	-0.158296	0.98738	0.0650866	-2.23732	28.1086	
0.999987	0.000429758	-0.0049941	0.000395698	0.986441	0.164119	0.00499691	-0.164118	0.986428	0.0702067	-2.40586	29.1403	
0.999986	0.00046361	-0.00519392	0.000425771	0.985455	0.169936	0.00519716	-0.169935	0.985441	0.0755355	-2.58048	30.1711	
0.999985	0.000498919	-0.00539513	0.000457033	0.984435	0.175747	0.00539884	-0.175747	0.984421	0.0810743	-2.76117	31.2008	
0.999984	0.000535704	-0.00559772	0.000489493	0.983381	0.181554	0.00560195	-0.181554	0.983365	0.0868247	-2.94794	32.2294	
0.999983	0.000573982	-0.00580167	0.00052316	0.982292	0.187354	0.00580648	-0.187354	0.982275	0.0927882	-3.14078	33.2569	
0.999982	0.000613772	-0.00600699	0.000558042	0.981169	0.193149	0.00601242	-0.193149	0.981151	0.0989663	-3.33968	34.2832	
0.99998	0.000655089	-0.00621365	0.000594148	0.980012	0.198938	0.00621978	-0.198938	0.979992	0.10536	-3.54464	35.3084	
0.999979	0.000697953	-0.00642165	0.000631486	0.97882	0.20472	0.00642853	-0.20472	0.978799	0.111972	-3.75564	36.3323	
0.999978	0.000742379	-0.00663098	0.000670065	0.977594	0.210496	0.00663867	-0.210496	0.977572	0.118803	-3.97269	37.3549	
0.999976	0.000788386	-0.00684161	0.000709892	0.976334	0.216265	0.0068502	-0.216265	0.976311	0.125854	-4.19577	38.3763	
0.999975	0.00083599	-0.00705355	0.000750978	0.97504	0.222028	0.00706311	-0.222027	0.975015	0.133127	-4.42488	39.3963	
0.999973	0.00088521	-0.00726678	0.000793329	0.973712	0.227783	0.00727739	-0.227782	0.973685	0.140623	-4.66	40.415	
0.999972	0.00093606	-0.00748129	0.000836954	0.972349	0.23353	0.00749303	-0.23353	0.972321	0.148344	-4.90115	41.4322	
0.99997	0.00098856	-0.00769707	0.000881861	0.970953	0.23927	0.00771002	-0.23927	0.970923	0.156291	-5.14829	42.448	
0.999968	0.00104272	-0.0079141	0.000928059	0.969522	0.245002	0.00792837	-0.245002	0.96949	0.164465	-5.40143	43.4623	
0.999966	0.00109857	-0.00813238	0.000975555	0.968057	0.250727	0.00814805	-0.250726	0.968024	0.172869	-5.66057	44.4751	
0.999964	0.00115612	-0.00835188	0.00102436	0.966559	0.256443	0.00836906	-0.256442	0.966523	0.181503	-5.92568	45.4863	
0.999963	0.00121538	-0.0085726	0.00107447	0.965027	0.26215	0.0085914	-0.262149	0.964989	0.190369	-6.19676	46.496	
0.999961	0.00127637	-0.00879453	0.00112591	0.96346	0.267849	0.00881505	-0.267848	0.963421	0.199468	-6.4738	47.504	
0.999958	0.00133911	-0.00901764	0.00117868	0.96186	0.273539	0.00904001	-0.273538	0.961819	0.208801	-6.7568	48.5104	
0.999956	0.00140362	-0.00924194	0.00123279	0.960226	0.27922	0.00926627	-0.279219	0.960183	0.21837	-7.04574	49.5151	
0.999954	0.00146991	-0.0094674	0.00128825	0.958559	0.284891	0.00949383	-0.28489	0.958513	0.228177	-7.34062	50.518	
0.999952	0.00153799	-0.00969401	0.00134506	0.956858	0.290553	0.00972266	-0.290553	0.95681	0.238222	-7.64142	51.5192	
0.999949	0.00160789	-0.00992177	0.00140323	0.955123	0.296206	0.00995277	-0.296205	0.955073	0.248507	-7.94814	52.5186	
0.999947	0.00167961	-0.0101506	0.00146276	0.953355	0.301848	0.0101842	-0.301847	0.953302	0.259033	-8.26076	53.5162	
0.999945	0.00175319	-0.0103806	0.00152368	0.951553	0.307481	0.0104168	-0.30748	0.951498	0.269801	-8.57927	54.5119	
0.999942	0.00182862	-0.0106117	0.00158598	0.949718	0.313103	0.0106507	-0.313101	0.94966	0.280814	-8.90366	55.5057	
0.999939	0.00190592	-0.0108439	0.00164967	0.947849	0.318714	0.0108858	-0.318713	0.947789	0.292072	-9.23393	56.4975	
0.999937	0.00198512	-0.0110771	0.00171476	0.945948	0.324315	0.0111222	-0.324313	0.945884	0.303576	-9.57006	57.4874	
0.999934	0.00206623	-0.0113114	0.00178126	0.944013	0.329905	0.0113598	-0.329903	0.943946	0.315328	-9.91204	58.4753	
0.999931	0.00214926	-0.0115467	0.00184917	0.942044	0.335483	0.0115986	-0.335482	0.941975	0.327329	-10.2599	59.4611	
0.999928	0.00223422	-0.0117831	0.0019185	0.940043	0.341051	0.0118386	-0.341049	0.939971	0.33958	-10.6135	60.4448	
0.999925	0.00232114	-0.0120205	0.00198927	0.938009	0.346606	0.0120798	-0.346604	0.937934	0.352083	-10.973	61.4265	
0.999922	0.00241003	-0.0122588	0.00206146	0.935941	0.35215	0.0123222	-0.352148	0.935863	0.364839	-11.3382	62.406	
0.999919	0.0025009	-0.0124982	0.0021351	0.933841	0.357682	0.0125658	-0.35768	0.93376	0.377848	-11.7093	63.3833	
0.999915	0.00259376	-0.0127385	0.00221019	0.931708	0.363202	0.0128106	-0.363199	0.931623	0.391113	-12.0861	64.3584	
0.999912	0.00268864	-0.0129797	0.00228674	0.929542	0.368709	0.0130565	-0.368707	0.929454	0.404635	-12.4687	65.3312	
0.999909	0.00278554	-0.0132219	0.00236475	0.927343	0.374204	0.0133036	-0.374201	0.927252	0.418414	-12.857	66.3018	
0.999932	0.00206789	-0.0114666	0.00247707	0.9239	0.382626	0.0113853	-0.382628	0.923832	0.43132	-13.2526	67.2694	
0.999952	0.00133516	-0.00972001	0.00257195	0.92038	0.391016	0.00946817	-0.391022	0.920332	0.44222	-13.657	68.2334	
0.999968	0.000587338	-0.0079819	0.0026494	0.916784	0.399375	0.00755225	-0.399383	0.916753	0.451117	-14.0702	69.1937	
0.999971	-0.00542013	0.00541112	0.00265337	0.907934	0.419105	-0.00718454	-0.419079	0.907922	0.45131	-14.4981	70.1475	
0.999757	-0.0117146	0.0186699	0.0023387	0.898661	0.438638	-0.0219164	-0.438488	0.89847	0.436097	-14.9464	71.0918	
0.999327	-0.0182918	0.0317855	0.0017056	0.888971	0.457959	-0.0366333	-0.457597	0.888405	0.40549	-15.4148	72.0259	
0.998682	-0.0251473	0.0447489	0.0007545	0.878872	0.477057	-0.0513252	-0.476394	0.877733	0.359509	-15.903	72.9492	
0.997821	-0.0322763	0.0575512	-0.000513949	0.86837	0.495917	-0.0659821	-0.494866	0.866461	0.298185	-16.4108	73.861	
0.996745	-0.039674	0.0701837	-0.00209888	0.857472	0.514527	-0.0805938	-0.512999	0.854597	0.221562	-16.9376	74.7607	
0.995455	-0.0473353	0.0826377	-0.00399921	0.846185	0.532874	-0.0951505	-0.530782	0.84215	0.12969	-17.4833	75.6477	
0.993952	-0.055255	0.0949048	-0.00621365	0.834518	0.550945	-0.109642	-0.548203	0.829127	0.0226334	-18.0473	76.5213	
0.992236	-0.0634277	0.106977	-0.00874067	0.822478	0.568729	-0.124059	-0.565249	0.815539	-0.0995356	-18.6294	77.3811	
0.99031	-0.0718477	0.118845	-0.0115786	0.810074	0.586213	-0.138391	-0.581909	0.801393	-0.236733	-19.2291	78.2264	
0.988174	-0.0805095	0.130501	-0.0147254	0.797314	0.603385	-0.152629	-0.598171	0.786699	-0.388866	-19.846	79.0566	
0.98583	-0.0894069	0.141938	-0.018179	0.784206	0.620234	-0.166762	-0.614025	0.771469	-0.55583	-20.4797	79.8711	
0.983279	-0.098534	0.153148	-0.021937	0.770761	0.636747	-0.180781	-0.62946	0.755711	-0.73751	-21.1297	80.6694	
0.980523	-0.107885	0.164122	-0.0259968	0.756986	0.652914	-0.194677	-0.644464	0.739437	-0.933784	-21.7957	81.451	
0.977564	-0.117452	0.174854	-0.0303557	0.742891	0.668724	-0.20844	-0.659028	0.722658	-1.14452	-22.4771	82.2154	
0.974404	-0.12723	0.185335	-0.0350108	0.728486	0.684165	-0.222061	-0.673142	0.705385	-1.36956	-23.1735	82.9619	
0.971045	-0.137212	0.19556	-0.0399587	0.713781	0.699228	-0.23553	-0.686797	0.687631	-1.60877	-23.8844	83.6901	
0.96749	-0.147391	0.205521	-0.0451962	0.698786	0.713902	-0.248838	-0.699982	0.669407	-1.86198	-24.6093	84.3995	
0.963741	-0.15776	0.21521	-0.0507196	0.68351	0.728177	-0.261976	-0.712689	0.650725	-2.12901	-25.3478	85.0896	
0.9598	-0.168312	0.224623	-0.0565253	0.667966	0.742042	-0.274935	-0.724909	0.631599	-2.40968	-26.0993	85.7599	
0.95567	-0.179039	0.233751	-0.0626091	0.652162	0.75549	-0.287706	-0.736634	0.612042	-2.70381	-26.8634	86.4101	
0.951354	-0.189936	0.242589	-0.068967	0.63611	0.76851	-0.300281	-0.747856	0.592067	-3.01118	-27.6394	87.0395	
0.946855	-0.200993	0.251131	-0.0755947	0.619821	0.781094	-0.31265	-0.758567	0.571687	-3.3316	-28.4269	87.6479	
0.942177	-0.212203	0.259371	-0.0824875	0.603306	0.793233	-0.324806	-0.76876	0.550917	-3.66483	-29.2253	88.2347	
0.937321	-0.223559	0.267303	-0.0896409	0.586576	0.804918	-0.33674	-0.778428	0.52977	-4.01066	-30.0341	88.7997	
0.932292	-0.235054	0.274922	-0.0970498	0.569643	0.816142	-0.348445	-0.787564	0.508261	-4.36884	-30.8527	89.3423	
0.927092	-0.246678	0.282223	-0.104709	0.552518	0.826898	-0.359911	-0.796162	0.486406	-4.73914	-31.6807	89.8623	
0.921727	-0.258425	0.2892	-0.112614	0.535213	0.837177	-0.371131	-0.804216	0.464218	-5.1213	-32.5173	90.3592	
0.916198	-0.270286	0.29585	-0.120759	0.51774	0.846973	-0.382098	-0.811721	0.441713	-5.51505	-33.362	90.8328	
0.91051	-0.282253	0.302167	-0.129138	0.50011	0.856279	-0.392804	-0.818671	0.418906	-5.92014	-34.2143	91.2827	
0.904667	-0.294318	0.308147	-0.137745	0.482337	0.865088	-0.403241	-0.825063	0.395813	-6.33628	-35.0736	91.7086	
