1	0	0	0	1	0	0	0	1	0	0	0	
1	-1.44461e-07	0.000551578	-1.44461e-07	1	0.00052381	-0.000551578	-0.00052381	1	-0.00027955	-0.000265477	1.01364	
0.999999	-5.8264e-07	0.00110772	-5.82649e-07	0.999999	0.00105197	-0.00110772	-0.00105197	0.999999	-0.00112051	-0.00106411	2.02727	
0.999999	-1.32173e-06	0.00166839	-1.32177e-06	0.999999	0.00158445	-0.00166839	-0.00158445	0.999997	-0.0025275	-0.0024003	3.04091	
0.999998	-2.36892e-06	0.00223357	-2.36901e-06	0.999998	0.00212123	-0.00223357	-0.00212123	0.999995	-0.00450509	-0.00427841	4.05454	
0.999996	-3.73141e-06	0.00280323	-3.73159e-06	0.999996	0.00266227	-0.00280323	-0.00266227	0.999993	-0.00705783	-0.00670277	5.06817	
0.999994	-5.41636e-06	0.00337733	-5.41668e-06	0.999995	0.00320756	-0.00337733	-0.00320756	0.999989	-0.0101903	-0.00967771	6.0818	
0.999992	-7.43096e-06	0.00395585	-7.43148e-06	0.999993	0.00375705	-0.00395585	-0.00375705	0.999985	-0.0139068	-0.0132075	7.09542	
0.99999	-9.78236e-06	0.00453875	-9.78316e-06	0.999991	0.00431073	-0.00453875	-0.00431073	0.99998	-0.0182121	-0.0172964	8.10904	
0.999987	-1.24777e-05	0.00512601	-1.24789e-05	0.999988	0.00486856	-0.00512601	-0.00486856	0.999975	-0.0231103	-0.0219486	9.12265	
0.999984	-1.55242e-05	0.00571759	-1.55258e-05	0.999985	0.00543052	-0.00571759	-0.00543052	0.999969	-0.0286061	-0.0271684	10.1363	
0.99998	-1.89289e-05	0.00631347	-1.8931e-05	0.999982	0.00599657	-0.00631347	-0.00599657	0.999962	-0.0347036	-0.0329599	11.1499	
0.999976	-2.26989e-05	0.00691361	-2.27017e-05	0.999978	0.00656669	-0.00691361	-0.00656669	0.999955	-0.0414073	-0.0393271	12.1635	
0.999972	-2.68413e-05	0.00751798	-2.68449e-05	0.999975	0.00714085	-0.00751798	-0.00714085	0.999946	-0.0487215	-0.0462744	13.177	
0.999967	-3.13632e-05	0.00812655	-3.13677e-05	0.99997	0.00771902	-0.00812655	-0.00771902	0.999937	-0.0566505	-0.0538056	14.1906	
0.999962	-3.62716e-05	0.00873929	-3.62772e-05	0.999966	0.00830116	-0.00873929	-0.00830116	0.999927	-0.0651984	-0.0619249	15.2042	
0.999956	-4.15736e-05	0.00935616	-4.15804e-05	0.999961	0.00888725	-0.00935616	-0.00888725	0.999917	-0.0743695	-0.0706363	16.2177	
0.99995	-4.72761e-05	0.00997714	-4.72843e-05	0.999955	0.00947726	-0.00997714	-0.00947726	0.999905	-0.084168	-0.0799438	17.2313	
0.999944	-5.33861e-05	0.0106022	-5.3396e-05	0.999949	0.0100712	-0.0106022	-0.0100712	0.999893	-0.0945979	-0.0898513	18.2448	
0.999937	-5.99106e-05	0.0112313	-5.99222e-05	0.999943	0.0106689	-0.0112313	-0.0106689	0.99988	-0.105664	-0.100363	19.2583	
0.99993	-6.68564e-05	0.0118644	-6.68701e-05	0.999936	0.0112705	-0.0118644	-0.0112705	0.999866	-0.117369	-0.111482	20.2719	
0.999922	-7.42304e-05	0.0125015	-7.42464e-05	0.999929	0.0118759	-0.0125015	-0.0118759	0.999851	-0.129718	-0.123213	21.2853	
0.999914	-8.20395e-05	0.0131425	-8.20579e-05	0.999922	0.012485	-0.0131425	-0.012485	0.999836	-0.142715	-0.13556	22.2988	
0.999905	-9.02904e-05	0.0137874	-9.03116e-05	0.999914	0.0130979	-0.0137874	-0.0130979	0.999819	-0.156363	-0.148525	23.3123	
0.999896	-9.89899e-05	0.0144362	-9.90142e-05	0.999906	0.0137145	-0.0144362	-0.0137145	0.999802	-0.170668	-0.162114	24.3257	
0.999886	-0.000108145	0.0150888	-0.000108172	0.999897	0.0143347	-0.0150888	-0.0143347	0.999783	-0.185631	-0.17633	25.3392	
0.999876	-0.000117762	0.0157453	-0.000117793	0.999888	0.0149586	-0.0157453	-0.0149586	0.999764	-0.201259	-0.191177	26.3526	
0.999865	-0.000127847	0.0164055	-0.000127883	0.999879	0.0155861	-0.0164055	-0.0155861	0.999744	-0.217553	-0.206657	27.366	
0.999854	-0.000138408	0.0170695	-0.000138448	0.999868	0.0162171	-0.0170695	-0.0162171	0.999723	-0.234519	-0.222776	28.3793	
0.999843	-0.000149451	0.0177371	-0.000149495	0.999858	0.0168517	-0.0177371	-0.0168517	0.999701	-0.25216	-0.239535	29.3927	
0.999831	-0.000160981	0.0184084	-0.000161031	0.999847	0.0174898	-0.0184084	-0.0174898	0.999678	-0.270479	-0.25694	30.406	
0.999818	-0.000173007	0.0190834	-0.000173062	0.999836	0.0181314	-0.0190834	-0.0181314	0.999653	-0.28948	-0.274994	31.4193	
0.999805	-0.000185534	0.019762	-0.000185594	0.999824	0.0187764	-0.019762	-0.0187764	0.999628	-0.309168	-0.293699	32.4326	
0.999791	-0.000198568	0.0204441	-0.000198635	0.999811	0.0194248	-0.0204441	-0.0194248	0.999602	-0.329545	-0.313061	33.4458	
0.999777	-0.000212116	0.0211298	-0.000212189	0.999798	0.0200766	-0.0211298	-0.0200766	0.999575	-0.350615	-0.333081	34.459	
0.999762	-0.000226183	0.0218189	-0.000226264	0.999785	0.0207318	-0.0218189	-0.0207318	0.999547	-0.372383	-0.353763	35.4722	
0.999747	-0.000240777	0.0225115	-0.000240866	0.999771	0.0213903	-0.0225115	-0.0213903	0.999518	-0.39485	-0.375111	36.4854	
0.999731	-0.000255904	0.0232076	-0.000256	0.999757	0.022052	-0.0232076	-0.022052	0.999487	-0.418021	-0.397129	37.4985	
0.999714	-0.000271568	0.023907	-0.000271674	0.999742	0.0227169	-0.023907	-0.022717	0.999456	-0.4419	-0.419818	38.5116	
0.999697	-0.000287777	0.0246098	-0.000287892	0.999726	0.0233851	-0.0246098	-0.0233851	0.999424	-0.466489	-0.443184	39.5247	
0.999679	-0.000304536	0.0253158	-0.00030466	0.999711	0.0240565	-0.0253158	-0.0240565	0.99939	-0.491792	-0.467228	40.5377	
0.999661	-0.00032185	0.0260252	-0.000321985	0.999694	0.024731	-0.0260252	-0.024731	0.999355	-0.517813	-0.491954	41.5507	
0.999642	-0.000339727	0.0267378	-0.000339873	0.999677	0.0254085	-0.0267378	-0.0254085	0.99932	-0.544554	-0.517366	42.5637	
0.999623	-0.000358171	0.0274536	-0.000358329	0.99966	0.0260892	-0.0274536	-0.0260892	0.999283	-0.572019	-0.543466	43.5766	
0.999603	-0.000377189	0.0281726	-0.000377358	0.999641	0.0267729	-0.0281726	-0.0267729	0.999244	-0.600212	-0.570257	44.5895	
0.999582	-0.000396785	0.0288947	-0.000396967	0.999623	0.0274596	-0.0288947	-0.0274596	0.999205	-0.629134	-0.597743	45.6023	
0.999561	-0.000416965	0.0296199	-0.000417161	0.999604	0.0281492	-0.0296199	-0.0281492	0.999165	-0.658791	-0.625927	46.6152	
0.999539	-0.000437735	0.0303482	-0.000437945	0.999584	0.0288418	-0.0303482	-0.0288418	0.999123	-0.689184	-0.654811	47.6279	
0.999517	-0.0004591	0.0310794	-0.000459325	0.999564	0.0295373	-0.0310794	-0.0295373	0.99908	-0.720316	-0.684399	48.6406	
0.999494	-0.000481065	0.0318137	-0.000481305	0.999543	0.0302356	-0.0318137	-0.0302356	0.999036	-0.752192	-0.714693	49.6533	
0.99947	-0.000503635	0.0325509	-0.000503892	0.999521	0.0309367	-0.0325509	-0.0309367	0.998991	-0.784813	-0.745696	50.666	
0.999446	-0.000526816	0.033291	-0.00052709	0.999499	0.0316407	-0.033291	-0.0316407	0.998945	-0.818183	-0.777411	51.6786	
0.999421	-0.000550612	0.034034	-0.000550904	0.999477	0.0323474	-0.034034	-0.0323474	0.998897	-0.852304	-0.809842	52.6911	
0.999395	-0.000575029	0.0347798	-0.00057534	0.999453	0.0330567	-0.0347798	-0.0330567	0.998848	-0.88718	-0.84299	53.7036	
0.999368	-0.000600071	0.0355284	-0.000600401	0.999429	0.0337688	-0.0355284	-0.0337688	0.998798	-0.922814	-0.876858	54.716	
0.999341	-0.000625743	0.0362797	-0.000626094	0.999405	0.0344835	-0.0362797	-0.0344835	0.998747	-0.959207	-0.911449	55.7284	
0.999314	-0.000652049	0.0370338	-0.000652422	0.99938	0.0352008	-0.0370338	-0.0352008	0.998694	-0.996364	-0.946767	56.7408	
0.999285	-0.000678995	0.0377905	-0.00067939	0.999354	0.0359207	-0.0377905	-0.0359207	0.99864	-1.03429	-0.982812	57.7531	
0.999256	-0.000706585	0.0385499	-0.000707002	0.999328	0.0366431	-0.0385498	-0.0366431	0.998585	-1.07298	-1.01959	58.7653	
0.999227	-0.000734822	0.0393118	-0.000735264	0.999301	0.037368	-0.0393118	-0.037368	0.998528	-1.11244	-1.0571	59.7775	
0.999196	-0.000763712	0.0400763	-0.000764179	0.999274	0.0380954	-0.0400763	-0.0380954	0.99847	-1.15267	-1.09535	60.7896	
0.999165	-0.000793259	0.0408434	-0.000793752	0.999246	0.0388251	-0.0408434	-0.0388251	0.998411	-1.19369	-1.13433	61.8016	
0.999133	-0.000823466	0.0416129	-0.000823986	0.999217	0.0395573	-0.0416129	-0.0395573	0.99835	-1.23548	-1.17406	62.8136	
0.999101	-0.000854338	0.0423848	-0.000854886	0.999188	0.0402918	-0.0423848	-0.0402918	0.998289	-1.27805	-1.21452	63.8256	
0.999068	-0.000885878	0.0431592	-0.000886456	0.999158	0.0410286	-0.0431592	-0.0410286	0.998225	-1.3214	-1.25574	64.8374	
0.999081	-0.00087287	0.0428585	-0.0010717	0.998972	0.0453278	-0.042854	-0.0453321	0.998052	-1.365	-1.29951	65.8492	
0.999094	-0.000858699	0.0425607	-0.00125572	0.998767	0.0496286	-0.0425508	-0.049637	0.997861	-1.40828	-1.34764	66.8607	
0.999106	-0.000843379	0.0422655	-0.00143854	0.998544	0.0539307	-0.0422495	-0.0539433	0.99765	-1.45126	-1.40014	67.8721	
0.999118	-0.000826922	0.0419729	-0.00162015	0.998302	0.0582339	-0.0419498	-0.0582505	0.99742	-1.49393	-1.457	68.8832	
0.999131	-0.000809334	0.0416825	-0.00180056	0.998041	0.062538	-0.0416515	-0.0625587	0.997172	-1.5363	-1.51823	69.8941	
0.999143	-0.000790621	0.0413942	-0.00197975	0.997762	0.0668428	-0.0413544	-0.0668674	0.996904	-1.57837	-1.58382	70.9048	
0.999154	-0.000770786	0.0411078	-0.00215773	0.997463	0.0711481	-0.0410583	-0.0711766	0.996618	-1.62014	-1.65379	71.9151	
0.999428	-0.000160604	0.0338107	-0.00306419	0.995443	0.0953045	-0.033672	-0.0953536	0.994874	-1.65802	-1.73819	72.9245	
0.999648	0.000626528	0.0265289	-0.00379121	0.992838	0.119411	-0.026264	-0.119469	0.99249	-1.6884	-1.84707	73.9318	
0.999813	0.0015901	0.0192668	-0.0043383	0.989648	0.143452	-0.0188392	-0.143508	0.98947	-1.71126	-1.98036	74.9363	
0.999924	0.0027295	0.0120291	-0.00470512	0.985876	0.167411	-0.0114023	-0.167455	0.985814	-1.72658	-2.13797	75.9375	
0.99998	0.004044	0.00482061	-0.00489144	0.981524	0.191275	-0.00395804	-0.191295	0.981525	-1.73437	-2.3198	76.9346	
0.999982	0.00553274	-0.00235416	-0.00489713	0.976596	0.215026	0.00348875	-0.215011	0.976605	-1.73461	-2.52574	77.9271	
0.999929	0.00719478	-0.00949059	-0.0047222	0.971094	0.238651	0.0109333	-0.23859	0.971059	-1.7273	-2.75564	78.9143	
0.999822	0.00902904	-0.0165841	-0.00436674	0.965022	0.262134	0.0183708	-0.262015	0.964889	-1.71244	-3.00937	79.8955	
0.99966	0.0110343	-0.0236301	-0.003831	0.958383	0.285459	0.0257966	-0.285272	0.958099	-1.69006	-3.28676	80.8702	
0.999444	0.0132094	-0.0306241	-0.00311532	0.951183	0.308613	0.0332057	-0.308346	0.950695	-1.66015	-3.58763	81.8376	
0.999173	0.0155529	-0.0375616	-0.00222015	0.943425	0.331579	0.0405936	-0.331221	0.942679	-1.62275	-3.9118	82.7973	
0.998849	0.0180631	-0.0444382	-0.00114607	0.935115	0.354343	0.0479553	-0.353885	0.934059	-1.57787	-4.25904	83.7485	
0.998471	0.0207387	-0.0512493	0.000106235	0.926257	0.376891	0.0552863	-0.37632	0.924839	-1.52554	-4.62914	84.6907	
0.998039	0.0235778	-0.0579908	0.00153595	0.916859	0.399209	0.0625818	-0.398515	0.915024	-1.4658	-5.02186	85.6232	
0.997553	0.0265785	-0.0646581	0.00314217	0.906925	0.421281	0.0698371	-0.420453	0.904623	-1.39868	-5.43695	86.5455	
0.997015	0.0297391	-0.0712471	0.00492385	0.896462	0.443093	0.0770476	-0.442121	0.89364	-1.32424	-5.87414	87.4569	
0.996424	0.0330574	-0.0777536	0.00687985	0.885477	0.464632	0.0842085	-0.463506	0.882083	-1.2425	-6.33316	88.3569	
0.995781	0.0365313	-0.0841732	0.00900892	0.873977	0.485884	0.0913154	-0.484593	0.869961	-1.15354	-6.81369	89.2449	
0.995086	0.0401586	-0.090502	0.0113097	0.861969	0.506835	0.0983637	-0.505368	0.857279	-1.0574	-7.31545	90.1204	
0.99434	0.043937	-0.0967358	0.0137807	0.849461	0.527472	0.105349	-0.52582	0.844047	-0.954152	-7.8381	90.9827	
0.993542	0.047864	-0.102871	0.0164203	0.83646	0.547781	0.112266	-0.545933	0.830273	-0.843855	-8.38132	91.8313	
0.992695	0.0519371	-0.108903	0.0192269	0.822977	0.56775	0.119112	-0.565696	0.815966	-0.726582	-8.94474	92.6657	
0.991797	0.0561537	-0.114828	0.0221986	0.809018	0.587365	0.125881	-0.585096	0.801135	-0.602409	-9.52801	93.4853	
0.99085	0.0605111	-0.120643	0.0253335	0.794593	0.606614	0.132569	-0.60412	0.785789	-0.471415	-10.1308	94.2896	
0.989854	0.0650065	-0.126343	0.0286297	0.779711	0.625485	0.139172	-0.622756	0.769939	-0.333685	-10.7526	95.0782	
0.988811	0.069637	-0.131925	0.0320849	0.764382	0.643965	0.145685	-0.640992	0.753595	-0.189307	-11.3931	95.8504	
0.987719	0.0743996	-0.137386	0.0356971	0.748616	0.662043	0.152105	-0.658817	0.736766	-0.0383731	-12.0519	96.6057	
0.986582	0.0792913	-0.142722	0.0394638	0.732422	0.679706	0.158427	-0.676218	0.719465	0.119019	-12.7286	97.3438	
