1	0	0	0	1	0	0	0	1	0	0	0	
1	6.64732e-07	0.000485641	6.64732e-07	0.999996	-0.00273754	-0.000485641	0.00273754	0.999996	-0.000198058	0.00111645	0.815656	
1	2.66264e-06	0.000971789	2.66449e-06	0.999985	-0.00548174	-0.000971789	0.00548174	0.999985	-0.00079244	0.0044685	1.6313	
0.999999	5.99966e-06	0.00145843	6.00707e-06	0.999966	-0.00823252	-0.00145843	0.00823252	0.999965	-0.00178355	0.0100616	2.44694	
0.999998	1.06815e-05	0.00194553	1.07001e-05	0.99994	-0.0109898	-0.00194553	0.0109898	0.999938	-0.00317178	0.017901	3.26256	
0.999997	1.67139e-05	0.00243309	1.67511e-05	0.999905	-0.0137535	-0.00243309	0.0137535	0.999902	-0.00495751	0.027992	4.07815	
0.999996	2.41021e-05	0.00292107	2.41675e-05	0.999863	-0.0165235	-0.00292107	0.0165235	0.999859	-0.00714109	0.0403398	4.89371	
0.999994	3.28516e-05	0.00340948	3.29564e-05	0.999814	-0.0192997	-0.00340948	0.0192997	0.999808	-0.00972286	0.0549495	5.70923	
0.999992	4.29675e-05	0.00389827	4.3125e-05	0.999756	-0.022082	-0.00389827	0.022082	0.999749	-0.0127032	0.0718261	6.52471	
0.99999	5.44547e-05	0.00438745	5.46803e-05	0.999691	-0.0248704	-0.00438744	0.0248704	0.999681	-0.0160823	0.0909746	7.34013	
0.999988	6.73181e-05	0.00487698	6.7629e-05	0.999617	-0.0276648	-0.00487697	0.0276648	0.999605	-0.0198606	0.1124	8.1555	
0.999986	8.15623e-05	0.00536685	8.19778e-05	0.999536	-0.030465	-0.00536684	0.030465	0.999521	-0.0240383	0.136107	8.9708	
0.999983	9.7192e-05	0.00585704	9.77332e-05	0.999446	-0.033271	-0.00585703	0.033271	0.999429	-0.0286158	0.1621	9.78603	
0.99998	0.000114211	0.00634753	0.000114902	0.999349	-0.0360827	-0.00634752	0.0360827	0.999329	-0.0335931	0.190385	10.6012	
0.999977	0.000132625	0.00683831	0.00013349	0.999243	-0.0389001	-0.0068383	0.0389001	0.99922	-0.0389707	0.220965	11.4162	
0.999973	0.000152436	0.00732936	0.000153503	0.999129	-0.0417229	-0.00732934	0.0417229	0.999102	-0.0447486	0.253845	12.2312	
0.999969	0.00017365	0.00782066	0.000174947	0.999007	-0.0445512	-0.00782063	0.0445512	0.998976	-0.0509272	0.28903	13.0461	
0.999965	0.000196269	0.00831218	0.000197829	0.998877	-0.0473848	-0.00831214	0.0473848	0.998842	-0.0575066	0.326524	13.8609	
0.999961	0.000220297	0.00880392	0.000222154	0.998738	-0.0502236	-0.00880387	0.0502236	0.998699	-0.064487	0.366332	14.6755	
0.999957	0.000245738	0.00929585	0.000247927	0.998591	-0.0530676	-0.00929579	0.0530676	0.998548	-0.0718686	0.408457	15.49	
0.999952	0.000272596	0.00978796	0.000275155	0.998435	-0.0559167	-0.00978789	0.0559167	0.998387	-0.0796515	0.452904	16.3045	
0.999947	0.000300872	0.0102802	0.000303841	0.998271	-0.0587707	-0.0102801	0.0587708	0.998219	-0.0878358	0.499677	17.1187	
0.999942	0.00033057	0.0107726	0.000333991	0.998099	-0.0616297	-0.0107725	0.0616297	0.998041	-0.0964217	0.54878	17.9329	
0.999936	0.000361694	0.0112652	0.000365611	0.997918	-0.0644934	-0.011265	0.0644935	0.997855	-0.105409	0.600216	18.7468	
0.999931	0.000394245	0.0117578	0.000398705	0.997729	-0.0673619	-0.0117576	0.0673619	0.997659	-0.114799	0.653991	19.5607	
0.999925	0.000428227	0.0122505	0.000433278	0.99753	-0.070235	-0.0122503	0.070235	0.997455	-0.12459	0.710107	20.3743	
0.999919	0.000463641	0.0127433	0.000469334	0.997324	-0.0731126	-0.0127431	0.0731126	0.997242	-0.134783	0.768568	21.1878	
0.999912	0.00050049	0.0132362	0.000506879	0.997108	-0.0759946	-0.0132359	0.0759947	0.99702	-0.145378	0.829378	22.0011	
0.999906	0.000538776	0.013729	0.000545915	0.996884	-0.078881	-0.0137288	0.0788811	0.996789	-0.156375	0.892541	22.8143	
0.999899	0.000578501	0.0142219	0.000586447	0.996651	-0.0817717	-0.0142216	0.0817717	0.99655	-0.167774	0.95806	23.6272	
0.999892	0.000619666	0.0147148	0.00062848	0.996409	-0.0846665	-0.0147145	0.0846666	0.996301	-0.179575	1.02594	24.44	
0.999884	0.000662274	0.0152077	0.000672017	0.996159	-0.0875654	-0.0152073	0.0875655	0.996043	-0.191778	1.09618	25.2525	
0.999876	0.000706326	0.0157005	0.000717061	0.995899	-0.0904683	-0.0157001	0.0904684	0.995776	-0.204382	1.16879	26.0648	
0.999869	0.000751822	0.0161933	0.000763617	0.995631	-0.0933751	-0.0161928	0.0933752	0.995499	-0.217389	1.24376	26.8769	
0.99986	0.000798765	0.0166861	0.000811688	0.995353	-0.0962857	-0.0166854	0.0962858	0.995214	-0.230798	1.32111	27.6888	
0.999852	0.000847156	0.0171787	0.000861277	0.995067	-0.0992	-0.017178	0.0992001	0.994919	-0.244608	1.40084	28.5004	
0.999843	0.000896994	0.0176712	0.000912387	0.994772	-0.102118	-0.0176704	0.102118	0.994615	-0.258821	1.48294	29.3118	
0.999835	0.000948282	0.0181636	0.000965022	0.994468	-0.105039	-0.0181628	0.10504	0.994302	-0.273434	1.56742	30.1229	
0.999825	0.00100102	0.0186559	0.00101918	0.994154	-0.107964	-0.0186549	0.107964	0.99398	-0.28845	1.65429	30.9338	
0.999816	0.00105521	0.019148	0.00107487	0.993832	-0.110893	-0.0191469	0.110893	0.993648	-0.303866	1.74355	31.7444	
0.999807	0.00111084	0.01964	0.0011321	0.9935	-0.113824	-0.0196388	0.113824	0.993307	-0.319684	1.8352	32.5548	
0.999797	0.00116793	0.0201317	0.00119086	0.99316	-0.116759	-0.0201304	0.116759	0.992956	-0.335903	1.92923	33.3648	
0.999787	0.00122647	0.0206233	0.00125115	0.99281	-0.119697	-0.0206218	0.119697	0.992596	-0.352523	2.02567	34.1746	
0.999776	0.00128646	0.0211146	0.00131299	0.992451	-0.122637	-0.021113	0.122638	0.992227	-0.369544	2.1245	34.9841	
0.999766	0.0013479	0.0216057	0.00137637	0.992082	-0.125581	-0.0216039	0.125581	0.991848	-0.386965	2.22573	35.7932	
0.999755	0.00141079	0.0220966	0.00144129	0.991705	-0.128528	-0.0220946	0.128528	0.99146	-0.404786	2.32936	36.6021	
0.999744	0.00147512	0.0225871	0.00150775	0.991318	-0.131477	-0.022585	0.131477	0.991062	-0.423008	2.4354	37.4106	
0.999732	0.00154091	0.0230774	0.00157577	0.990922	-0.134429	-0.0230751	0.134429	0.990655	-0.44163	2.54384	38.2188	
0.999721	0.00160814	0.0235674	0.00164533	0.990517	-0.137383	-0.0235648	0.137383	0.990238	-0.460651	2.6547	39.0267	
0.999709	0.00167682	0.0240571	0.00171644	0.990102	-0.14034	-0.0240543	0.14034	0.989811	-0.480071	2.76796	39.8342	
0.999697	0.00174695	0.0245464	0.0017891	0.989678	-0.143299	-0.0245433	0.1433	0.989375	-0.499891	2.88364	40.6414	
0.999685	0.00181852	0.0250354	0.00186331	0.989244	-0.146261	-0.0250321	0.146261	0.988929	-0.520109	3.00173	41.4482	
0.999672	0.00189153	0.025524	0.00193908	0.988801	-0.149224	-0.0255204	0.149225	0.988474	-0.540726	3.12224	42.2546	
0.99966	0.00196599	0.0260122	0.00201639	0.988349	-0.15219	-0.0260083	0.152191	0.988009	-0.56174	3.24516	43.0607	
0.999647	0.00204188	0.0265	0.00209527	0.987888	-0.155158	-0.0264958	0.155158	0.987534	-0.583153	3.37051	43.8664	
0.999634	0.00211921	0.0269874	0.0021757	0.987416	-0.158127	-0.0269829	0.158128	0.98705	-0.604963	3.49828	44.6716	
0.99962	0.00219798	0.0274744	0.00225768	0.986936	-0.161099	-0.0274696	0.161099	0.986556	-0.627171	3.62847	45.4765	
0.999628	0.00215299	0.0272039	0.00241926	0.985966	-0.16693	-0.0271815	0.166933	0.985593	-0.649459	3.76225	46.2808	
0.999635	0.00210684	0.0269362	0.00257925	0.984961	-0.172758	-0.0268951	0.172765	0.984596	-0.671513	3.90079	47.0843	
0.999642	0.00205954	0.0266713	0.00273765	0.983921	-0.178585	-0.0266103	0.178594	0.983563	-0.693334	4.04408	47.887	
0.999649	0.00201113	0.0264091	0.00289446	0.982845	-0.184409	-0.0263269	0.184421	0.982495	-0.714923	4.19213	48.6888	
0.999656	0.00196159	0.0261494	0.00304968	0.981735	-0.19023	-0.026045	0.190244	0.981391	-0.736282	4.34493	49.4898	
0.999663	0.00191095	0.0258923	0.00320332	0.980589	-0.196047	-0.0257643	0.196064	0.980253	-0.757412	4.50247	50.2898	
0.99967	0.00185921	0.0256375	0.00335539	0.979409	-0.201861	-0.0254849	0.20188	0.979079	-0.778312	4.66477	51.0888	
0.999676	0.00180638	0.0253851	0.00350587	0.978193	-0.20767	-0.0252066	0.207692	0.97787	-0.798986	4.8318	51.887	
0.999683	0.00175246	0.0251349	0.00365478	0.976942	-0.213475	-0.0249294	0.213499	0.976625	-0.819433	5.00358	52.6841	
0.999689	0.00169745	0.0248868	0.00380212	0.975656	-0.219275	-0.0246532	0.219302	0.975346	-0.839654	5.18009	53.4801	
0.999695	0.00164136	0.0246408	0.00394788	0.974335	-0.22507	-0.0243778	0.225099	0.974031	-0.85965	5.36133	54.2751	
0.999701	0.00158419	0.0243967	0.00409206	0.972978	-0.23086	-0.0241032	0.230891	0.972681	-0.879422	5.54729	55.0691	
0.999707	0.00152594	0.0241545	0.00423467	0.971587	-0.236644	-0.0238293	0.236677	0.971296	-0.898971	5.73798	55.8619	
0.999713	0.00146659	0.0239141	0.0043757	0.970161	-0.242421	-0.023556	0.242456	0.969876	-0.918296	5.93338	56.6535	
0.999719	0.00140616	0.0236753	0.00451516	0.9687	-0.248192	-0.0232833	0.248229	0.968421	-0.937398	6.1335	57.444	
0.999724	0.00134463	0.0234382	0.00465304	0.967204	-0.253956	-0.023011	0.253995	0.966932	-0.956278	6.33832	58.2333	
0.99973	0.00128199	0.0232026	0.00478934	0.965674	-0.259713	-0.0227391	0.259754	0.965407	-0.974937	6.54784	59.0214	
0.999735	0.00121823	0.0229685	0.00492406	0.964109	-0.265463	-0.0224675	0.265505	0.963848	-0.993373	6.76206	59.8082	
0.999741	0.00115336	0.0227356	0.0050572	0.962509	-0.271204	-0.022196	0.271249	0.962253	-1.01159	6.98097	60.5937	
0.999746	0.00108734	0.0225041	0.00518874	0.960874	-0.276937	-0.0219247	0.276984	0.960624	-1.02958	7.20455	61.3779	
0.999751	0.00102017	0.0222737	0.0053187	0.959205	-0.282662	-0.0216534	0.28271	0.958961	-1.04735	7.43281	62.1608	
0.999757	0.000951835	0.0220445	0.00544707	0.957501	-0.288378	-0.0213821	0.288427	0.957263	-1.06491	7.66574	62.9423	
0.999762	0.000882316	0.0218162	0.00557384	0.955763	-0.294084	-0.0211106	0.294136	0.955531	-1.08224	7.90332	63.7224	
0.999767	0.000811594	0.0215889	0.00569901	0.953991	-0.299781	-0.0208389	0.299834	0.953764	-1.09934	8.14556	64.501	
0.999772	0.00073965	0.0213624	0.00582257	0.952185	-0.305468	-0.0205669	0.305522	0.951963	-1.11623	8.39244	65.2783	
0.999776	0.000666463	0.0211367	0.00594452	0.950344	-0.311145	-0.0202945	0.311201	0.950128	-1.13289	8.64396	66.054	
0.999781	0.000592009	0.0209116	0.00606485	0.948469	-0.316811	-0.0200216	0.316868	0.948258	-1.14934	8.90011	66.8282	
0.999786	0.000516264	0.0206872	0.00618355	0.946561	-0.322466	-0.0197481	0.322525	0.946355	-1.16556	9.16087	67.6009	
0.999791	0.000439203	0.0204632	0.00630063	0.944619	-0.32811	-0.0194741	0.32817	0.944418	-1.18155	9.42624	68.372	
0.999795	0.000360797	0.0202398	0.00641608	0.942643	-0.333742	-0.0191993	0.333804	0.942447	-1.19732	9.69622	69.1415	
0.9998	0.000281018	0.0200166	0.00652987	0.940633	-0.339363	-0.0189237	0.339425	0.940443	-1.21287	9.97078	69.9094	
0.999804	0.000199836	0.0197938	0.00664202	0.93859	-0.344971	-0.0186472	0.345035	0.938405	-1.22819	10.2499	70.6757	
0.999883	-0.00154452	0.0151905	0.00696099	0.931579	-0.363472	-0.0135898	0.363536	0.931481	-1.24134	10.5389	71.4383	
0.999938	-0.0033796	0.0106223	0.00717982	0.924203	-0.381833	-0.0085267	0.381886	0.92417	-1.25036	10.8429	72.1951	
0.999967	-0.00530463	0.00609098	0.00729842	0.916466	-0.400045	-0.00346008	0.400077	0.916475	-1.25525	11.1618	72.9458	
0.999972	-0.00731882	0.00159851	0.00731674	0.908371	-0.418101	0.00160797	0.418101	0.908399	-1.25601	11.4955	73.69	
0.999952	-0.00942132	-0.00285327	0.00723479	0.899921	-0.435994	0.00667536	0.435952	0.899945	-1.25263	11.8438	74.4276	
0.999906	-0.0116113	-0.00726251	0.00705258	0.891119	-0.453715	0.01174	0.453621	0.891117	-1.24512	12.2067	75.158	
0.999836	-0.0138878	-0.0116274	0.00677019	0.881969	-0.471258	0.0167997	0.471102	0.881919	-1.23348	12.5838	75.8812	
0.999741	-0.0162498	-0.015946	0.00638775	0.872476	-0.488616	0.0218524	0.488387	0.872353	-1.21771	12.9751	76.5966	
0.999621	-0.0186965	-0.0202167	0.00590542	0.862642	-0.50578	0.0268961	0.505469	0.862425	-1.19783	13.3804	77.3041	
0.999476	-0.0212268	-0.0244376	0.00532338	0.852473	-0.522745	0.0319286	0.522341	0.852139	-1.17384	13.7996	78.0034	
0.999306	-0.0238396	-0.028607	0.00464189	0.841971	-0.539502	0.0369478	0.538995	0.841498	-1.14575	14.2325	78.6941	
