1	0	0	0	1	0	0	0	1	0	0	0	
0.999997	-2.68092e-06	-0.00241948	-2.68092e-06	0.999998	-0.0022161	0.00241948	0.0022161	0.999995	0.00116636	0.00106832	0.96414	
0.999988	-1.07485e-05	-0.00484541	-1.07409e-05	0.99999	-0.00443497	0.00484541	0.00443497	0.999978	0.00466856	0.00427461	1.92827	
0.999974	-2.42377e-05	-0.00727767	-2.42073e-05	0.999978	-0.0066565	0.00727767	0.0066565	0.999951	0.0105127	0.00962148	2.89238	
0.999953	-4.31826e-05	-0.00971618	-4.31066e-05	0.999961	-0.0088806	0.00971618	0.0088806	0.999913	0.018705	0.0171115	3.85645	
0.999926	-6.76168e-05	-0.0121608	-6.74645e-05	0.999938	-0.0111072	0.0121608	0.0111072	0.999864	0.0292513	0.026747	4.82049	
0.999893	-9.75732e-05	-0.0146115	-9.73061e-05	0.999911	-0.0133361	0.0146115	0.0133361	0.999804	0.0421574	0.0385304	5.78447	
0.999854	-0.000133084	-0.0170682	-0.000132656	0.999879	-0.0155672	0.0170682	0.0155672	0.999733	0.0574293	0.0524638	6.74839	
0.999809	-0.00017418	-0.0195306	-0.000173537	0.999842	-0.0178006	0.0195306	0.0178006	0.999651	0.0750725	0.0685495	7.71224	
0.999758	-0.000220893	-0.0219989	-0.000219972	0.999799	-0.020036	0.0219989	0.020036	0.999557	0.0950927	0.0867894	8.676	
0.9997	-0.000273253	-0.0244727	-0.000271985	0.999752	-0.0222733	0.0244727	0.0222733	0.999452	0.117495	0.107185	9.63966	
0.999637	-0.000331289	-0.0269521	-0.000329594	0.999699	-0.0245125	0.0269522	0.0245125	0.999336	0.142286	0.129739	10.6032	
0.999567	-0.000395029	-0.029437	-0.000392823	0.999642	-0.0267534	0.029437	0.0267534	0.999209	0.169469	0.154453	11.5667	
0.99949	-0.000464502	-0.0319272	-0.000461689	0.999579	-0.028996	0.0319272	0.028996	0.99907	0.199051	0.181328	12.53	
0.999407	-0.000539735	-0.0344226	-0.000536213	0.999512	-0.0312401	0.0344227	0.0312401	0.998919	0.231037	0.210366	13.4931	
0.999318	-0.000620755	-0.0369232	-0.000616413	0.999439	-0.0334857	0.0369233	0.0334856	0.998757	0.26543	0.241569	14.4562	
0.999222	-0.000707587	-0.0394288	-0.000702306	0.999361	-0.0357326	0.0394289	0.0357325	0.998583	0.302238	0.274937	15.419	
0.99912	-0.000800257	-0.0419393	-0.000793909	0.999278	-0.0379808	0.0419394	0.0379807	0.998398	0.341463	0.310472	16.3817	
0.999011	-0.000898789	-0.0444547	-0.000891239	0.99919	-0.0402301	0.0444548	0.04023	0.998201	0.383111	0.348175	17.3442	
0.998896	-0.00100321	-0.0469748	-0.00099431	0.999097	-0.0424805	0.046975	0.0424803	0.997992	0.427187	0.388047	18.3065	
0.998774	-0.00111353	-0.0494995	-0.00110314	0.998998	-0.0447318	0.0494997	0.0447315	0.997772	0.473694	0.43009	19.2686	
0.998645	-0.00122979	-0.0520287	-0.00121774	0.998895	-0.046984	0.052029	0.0469836	0.99754	0.522639	0.474303	20.2305	
0.998509	-0.001352	-0.0545624	-0.00133812	0.998786	-0.0492369	0.0545627	0.0492365	0.997296	0.574023	0.520688	21.1922	
0.998367	-0.00148018	-0.0571004	-0.00146429	0.998672	-0.0514904	0.0571008	0.0514899	0.99704	0.627853	0.569245	22.1536	
0.998218	-0.00161436	-0.0596425	-0.00159628	0.998553	-0.0537445	0.059643	0.053744	0.996772	0.684132	0.619975	23.1147	
0.998063	-0.00175455	-0.0621888	-0.00173408	0.998429	-0.055999	0.0621894	0.0559984	0.996492	0.742864	0.672879	24.0756	
0.9979	-0.00190077	-0.0647391	-0.00187771	0.9983	-0.0582539	0.0647398	0.0582532	0.9962	0.804053	0.727956	25.0362	
0.997731	-0.00205304	-0.0672933	-0.00202718	0.998166	-0.0605091	0.067294	0.0605082	0.995897	0.867702	0.785208	25.9966	
0.997555	-0.00221138	-0.0698512	-0.00218249	0.998026	-0.0627644	0.0698521	0.0627634	0.995581	0.933817	0.844634	26.9566	
0.997372	-0.0023758	-0.0724129	-0.00234366	0.997881	-0.0650197	0.0724139	0.0650186	0.995253	1.0024	0.906233	27.9163	
0.997182	-0.00254631	-0.0749781	-0.00251069	0.997731	-0.067275	0.0749793	0.0672737	0.994913	1.07345	0.970008	28.8757	
0.996985	-0.00272295	-0.0775468	-0.00268359	0.997576	-0.0695302	0.0775482	0.0695287	0.994561	1.14698	1.03596	29.8348	
0.996781	-0.00290571	-0.0801189	-0.00286236	0.997416	-0.0717851	0.0801204	0.0717834	0.994197	1.22299	1.10408	30.7935	
0.99657	-0.00309461	-0.0826942	-0.00304701	0.997251	-0.0740397	0.082696	0.0740377	0.993821	1.30148	1.17437	31.7519	
0.996352	-0.00328966	-0.0852727	-0.00323754	0.99708	-0.0762939	0.0852747	0.0762917	0.993432	1.38245	1.24684	32.7099	
0.996127	-0.00349088	-0.0878542	-0.00343396	0.996904	-0.0785475	0.0878565	0.078545	0.993032	1.46591	1.32149	33.6675	
0.995895	-0.00369828	-0.0904387	-0.00363626	0.996724	-0.0808005	0.0904412	0.0807977	0.992619	1.55187	1.3983	34.6247	
0.995656	-0.00391186	-0.093026	-0.00384446	0.996538	-0.0830528	0.0930289	0.0830497	0.992194	1.64031	1.47729	35.5816	
0.99541	-0.00413165	-0.0956161	-0.00405854	0.996347	-0.0853043	0.0956192	0.0853008	0.991756	1.73125	1.55844	36.538	
0.995156	-0.00435764	-0.0982088	-0.00427852	0.996151	-0.0875549	0.0982123	0.087551	0.991307	1.82469	1.64177	37.4939	
0.994896	-0.00458984	-0.100804	-0.00450439	0.995949	-0.0898044	0.100808	0.0898001	0.990845	1.92064	1.72727	38.4495	
0.994628	-0.00482826	-0.103402	-0.00473615	0.995743	-0.0920529	0.103406	0.0920481	0.990371	2.01908	1.81493	39.4046	
0.994353	-0.00507292	-0.106002	-0.0049738	0.995531	-0.0943001	0.106006	0.0942949	0.989884	2.12003	1.90476	40.3592	
0.994071	-0.0053238	-0.108604	-0.00521733	0.995315	-0.0965461	0.108609	0.0965403	0.989386	2.22349	1.99676	41.3133	
0.993782	-0.00558093	-0.111208	-0.00546675	0.995093	-0.0987907	0.111214	0.0987843	0.988875	2.32946	2.09092	42.267	
0.993485	-0.0058443	-0.113814	-0.00572204	0.994867	-0.101034	0.11382	0.101027	0.988351	2.43795	2.18724	43.2202	
0.993181	-0.00611392	-0.116422	-0.00598321	0.994635	-0.103275	0.116429	0.103268	0.987816	2.54894	2.28573	44.1728	
0.99287	-0.00638979	-0.119032	-0.00625025	0.994398	-0.105515	0.119039	0.105507	0.987268	2.66245	2.38637	45.1249	
0.992551	-0.00667192	-0.121643	-0.00652315	0.994156	-0.107753	0.121651	0.107744	0.986708	2.77848	2.48917	46.0765	
0.992226	-0.0069603	-0.124256	-0.0068019	0.993909	-0.10999	0.124265	0.10998	0.986135	2.89703	2.59413	47.0276	
0.991893	-0.00725493	-0.126871	-0.0070865	0.993658	-0.112224	0.12688	0.112213	0.98555	3.0181	2.70124	47.9781	
0.991552	-0.00755581	-0.129487	-0.00737694	0.993401	-0.114456	0.129497	0.114445	0.984953	3.1417	2.81051	48.928	
0.991205	-0.00786296	-0.132104	-0.00767321	0.993139	-0.116686	0.132115	0.116674	0.984344	3.26781	2.92192	49.8774	
0.99085	-0.00817635	-0.134722	-0.0079753	0.992872	-0.118914	0.134734	0.118901	0.983722	3.39645	3.03549	50.8261	
0.990487	-0.00849599	-0.137341	-0.0082832	0.992601	-0.12114	0.137354	0.121125	0.983088	3.52762	3.1512	51.7742	
0.990118	-0.00882188	-0.139961	-0.0085969	0.992324	-0.123363	0.139975	0.123347	0.982442	3.66131	3.26905	52.7218	
0.989741	-0.00915402	-0.142582	-0.00891638	0.992043	-0.125584	0.142597	0.125567	0.981784	3.79753	3.38905	53.6687	
0.989356	-0.00949239	-0.145204	-0.00924163	0.991757	-0.127802	0.14522	0.127784	0.981113	3.93628	3.51118	54.6149	
0.988964	-0.00983699	-0.147826	-0.00957265	0.991465	-0.130018	0.147843	0.129998	0.98043	4.07756	3.63545	55.5605	
0.988565	-0.0101878	-0.150449	-0.00990941	0.991169	-0.132231	0.150467	0.13221	0.979735	4.22136	3.76185	56.5055	
0.988159	-0.0105449	-0.153072	-0.0102519	0.990869	-0.134441	0.153092	0.134418	0.979027	4.3677	3.89038	57.4497	
0.987745	-0.0109081	-0.155695	-0.0106001	0.990563	-0.136648	0.155716	0.136624	0.978308	4.51657	4.02105	58.3933	
0.987324	-0.0112776	-0.158319	-0.010954	0.990253	-0.138852	0.158341	0.138826	0.977576	4.66797	4.15383	59.3362	
0.98643	-0.0120477	-0.163737	-0.0109796	0.990231	-0.139007	0.163812	0.138919	0.976661	4.82327	4.28772	60.2783	
0.985506	-0.0128188	-0.169154	-0.0110063	0.990208	-0.139164	0.169281	0.139008	0.975715	4.98384	4.42171	61.2194	
0.984551	-0.0135909	-0.174569	-0.0110341	0.990186	-0.139321	0.174749	0.139095	0.974739	5.14969	4.55577	62.1597	
0.983565	-0.014364	-0.179982	-0.011063	0.990163	-0.13948	0.180215	0.139179	0.973731	5.32081	4.68992	63.099	
0.982548	-0.015138	-0.185393	-0.0110928	0.99014	-0.139639	0.185679	0.139258	0.972692	5.4972	4.82415	64.0373	
0.9815	-0.0159128	-0.1908	-0.0111236	0.990118	-0.139797	0.191139	0.139334	0.971623	5.67885	4.95845	64.9746	
0.980421	-0.0166883	-0.196203	-0.0111553	0.990095	-0.139956	0.196596	0.139405	0.970524	5.86577	5.09282	65.9109	
0.979312	-0.0174644	-0.201602	-0.0111878	0.990072	-0.140114	0.202048	0.139471	0.969394	6.05794	5.22726	66.8461	
0.978172	-0.0182411	-0.206997	-0.011221	0.99005	-0.140271	0.207496	0.139532	0.968234	6.25537	5.36176	67.7801	
0.977001	-0.0190184	-0.212386	-0.0112549	0.990027	-0.140427	0.212938	0.139588	0.967043	6.45805	5.49631	68.7131	
0.9758	-0.019796	-0.217769	-0.0112893	0.990005	-0.140582	0.218375	0.139638	0.965823	6.66597	5.63092	69.6449	
0.974568	-0.020574	-0.223146	-0.0113243	0.989983	-0.140734	0.223806	0.139682	0.964572	6.87914	5.76557	70.5754	
0.970009	-0.0231618	-0.241962	-0.00802857	0.991853	-0.127131	0.242936	0.125261	0.961921	7.10415	5.8933	71.5042	
0.965078	-0.0254672	-0.260722	-0.00446371	0.99352	-0.113569	0.261925	0.110767	0.958711	7.34754	6.00709	72.4301	
0.959777	-0.0274888	-0.279413	-0.000631767	0.994982	-0.100057	0.280761	0.0962088	0.954943	7.60917	6.10687	73.3527	
0.954111	-0.0292254	-0.298025	0.00346504	0.996237	-0.0866015	0.299435	0.0815947	0.950621	7.88887	6.19259	74.2713	
0.94808	-0.0306762	-0.316548	0.00782433	0.997286	-0.0732111	0.317934	0.0669332	0.945747	8.1865	6.26419	75.1856	
0.941691	-0.0318401	-0.334969	0.0124436	0.998127	-0.0598934	0.336249	0.0522328	0.940323	8.50188	6.32164	76.0948	
0.934945	-0.0327166	-0.35328	0.0173201	0.998761	-0.0466561	0.354369	0.0375021	0.934353	8.83482	6.3649	76.9986	
0.927848	-0.033305	-0.371469	0.022451	0.999186	-0.033507	0.372282	0.0227496	0.927841	9.18514	6.39395	77.8964	
0.920403	-0.0336052	-0.389525	0.0278334	0.999403	-0.0204537	0.38998	0.00798385	0.920789	9.55262	6.40876	78.7876	
0.912614	-0.0336169	-0.407438	0.0334641	0.999412	-0.00750375	0.40745	-0.00678653	0.913202	9.93706	6.40934	79.6717	
0.904486	-0.0333401	-0.425198	0.0393399	0.999212	0.00533532	0.424685	-0.021553	0.905085	10.3382	6.39568	80.5483	
0.896024	-0.032775	-0.442794	0.0454573	0.998803	0.018056	0.441672	-0.0363069	0.896442	10.7559	6.36779	81.4168	
0.887233	-0.0319218	-0.460216	0.0518128	0.998186	0.030651	0.458403	-0.0510397	0.887278	11.1898	6.32568	82.2767	
0.878117	-0.0307812	-0.477454	0.0584027	0.997362	0.043113	0.474867	-0.0657428	0.877598	11.6397	6.26938	83.1276	
0.868683	-0.0293537	-0.494498	0.0652232	0.99633	0.0554346	0.491056	-0.0804078	0.867409	12.1054	6.19892	83.9688	
0.858935	-0.0276402	-0.511338	0.0722702	0.995091	0.0676088	0.506959	-0.0950261	0.856716	12.5865	6.11434	84.8	
0.848879	-0.0256416	-0.527964	0.0795398	0.993646	0.0796284	0.522568	-0.109589	0.845525	13.0829	6.0157	85.6207	
0.838522	-0.0233592	-0.544367	0.0870277	0.991996	0.0914866	0.537873	-0.124089	0.833843	13.5941	5.90304	86.4303	
0.827868	-0.0207943	-0.560537	0.0947295	0.990142	0.103176	0.552866	-0.138516	0.821677	14.1199	5.77644	87.2284	
0.816925	-0.0179483	-0.576465	0.102641	0.988084	0.114691	0.567537	-0.152863	0.809033	14.6601	5.63597	88.0146	
0.805698	-0.0148229	-0.592141	0.110757	0.985825	0.126024	0.581879	-0.167121	0.795919	15.2142	5.48171	88.7883	
0.794194	-0.01142	-0.607556	0.119073	0.983365	0.137168	0.595883	-0.181282	0.782343	15.782	5.31375	89.5492	
0.782421	-0.00774144	-0.622702	0.127585	0.980706	0.148117	0.609541	-0.195337	0.768312	16.3631	5.13218	90.2967	
0.770384	-0.00378943	-0.637569	0.136287	0.977849	0.158865	0.622844	-0.209279	0.753835	16.9572	4.93712	91.0305	
0.75809	0.000433755	-0.65215	0.145174	0.974795	0.169406	0.635786	-0.2231	0.73892	17.564	4.72867	91.7502	
