1	0	0	0	1	0	0	0	1	0	0	0	
0.999989	1.03216e-06	0.00463465	1.03216e-06	1	-0.000445406	-0.00463465	0.000445406	0.999989	-0.00189834	0.000182437	0.819189	
0.999957	4.13164e-06	0.00926906	4.13798e-06	1	-0.000892156	-0.00926906	0.000892156	0.999957	-0.00759325	0.000730298	1.63836	
0.999903	9.30454e-06	0.0139031	9.3299e-06	0.999999	-0.00134024	-0.0139031	0.00134024	0.999902	-0.0170845	0.00164468	2.4575	
0.999828	1.65569e-05	0.0185367	1.66203e-05	0.999998	-0.00178965	-0.0185367	0.00178965	0.999827	-0.0303718	0.00292667	3.27658	
0.999732	2.58947e-05	0.0231698	2.60215e-05	0.999997	-0.00224038	-0.0231698	0.00224038	0.999729	-0.0474546	0.00457736	4.09559	
0.999613	3.73238e-05	0.0278022	3.75457e-05	0.999996	-0.0026924	-0.0278022	0.00269241	0.99961	-0.0683326	0.00659781	4.91451	
0.999474	5.08503e-05	0.0324339	5.12052e-05	0.999995	-0.00314573	-0.0324339	0.00314573	0.999469	-0.0930052	0.0089891	5.73333	
0.999313	6.64798e-05	0.0370647	6.70122e-05	0.999994	-0.00360034	-0.0370647	0.00360035	0.999306	-0.121472	0.0117523	6.55202	
0.99913	8.42183e-05	0.0416946	8.49789e-05	0.999992	-0.00405622	-0.0416946	0.00405623	0.999122	-0.153731	0.0148884	7.37057	
0.998926	0.000104071	0.0463235	0.000105117	0.99999	-0.00451336	-0.0463235	0.00451339	0.998916	-0.189783	0.0183985	8.18896	
0.998701	0.000126045	0.0509511	0.000127439	0.999988	-0.00497176	-0.0509511	0.0049718	0.998689	-0.229626	0.0222836	9.00717	
0.998454	0.000150144	0.0555776	0.000151957	0.999985	-0.0054314	-0.0555776	0.00543145	0.99844	-0.27326	0.0265447	9.82519	
0.998186	0.000176376	0.0602026	0.000178682	0.999983	-0.00589228	-0.0602026	0.00589234	0.998169	-0.320683	0.0311829	10.643	
0.997897	0.000204744	0.0648262	0.000207627	0.99998	-0.00635437	-0.0648262	0.00635446	0.997876	-0.371895	0.0361991	11.4606	
0.997586	0.000235255	0.0694483	0.000238803	0.999977	-0.00681767	-0.0694483	0.00681779	0.997562	-0.426893	0.0415945	12.2779	
0.997253	0.000267914	0.0740687	0.000272222	0.999973	-0.00728217	-0.0740687	0.00728233	0.997227	-0.485677	0.0473698	13.095	
0.996899	0.000302727	0.0786874	0.000307896	0.99997	-0.00774786	-0.0786873	0.00774807	0.996869	-0.548246	0.0535262	13.9117	
0.996524	0.000339699	0.0833042	0.000345836	0.999966	-0.00821473	-0.0833041	0.00821499	0.99649	-0.614597	0.0600646	14.7282	
0.996128	0.000378835	0.087919	0.000386054	0.999962	-0.00868276	-0.087919	0.00868308	0.99609	-0.684729	0.066986	15.5444	
0.99571	0.000420141	0.0925318	0.000428562	0.999958	-0.00915195	-0.0925317	0.00915234	0.995668	-0.758641	0.0742914	16.3602	
0.99527	0.000463621	0.0971424	0.00047337	0.999954	-0.00962228	-0.0971423	0.00962275	0.995224	-0.836331	0.0819816	17.1756	
0.99481	0.000509281	0.101751	0.000520491	0.999949	-0.0100937	-0.101751	0.0100943	0.994759	-0.917797	0.0900576	17.9907	
0.994328	0.000557127	0.106357	0.000569936	0.999944	-0.0105663	-0.106357	0.010567	0.994272	-1.00304	0.0985204	18.8054	
0.993825	0.000607162	0.11096	0.000621716	0.999939	-0.01104	-0.11096	0.0110408	0.993764	-1.09205	0.107371	19.6197	
0.9933	0.000659393	0.115561	0.000675843	0.999933	-0.0115148	-0.115561	0.0115157	0.993234	-1.18483	0.11661	20.4336	
0.992754	0.000713824	0.12016	0.000732327	0.999928	-0.0119907	-0.120159	0.0119918	0.992682	-1.28138	0.126239	21.247	
0.992187	0.00077046	0.124755	0.000791179	0.999922	-0.0124676	-0.124755	0.0124689	0.992109	-1.3817	0.136258	22.06	
0.991599	0.000829306	0.129348	0.000852412	0.999916	-0.0129456	-0.129348	0.0129471	0.991515	-1.48578	0.146668	22.8725	
0.990989	0.000890367	0.133938	0.000916035	0.999909	-0.0134247	-0.133937	0.0134264	0.990899	-1.59362	0.15747	23.6844	
0.990359	0.000953647	0.138524	0.00098206	0.999903	-0.0139048	-0.138524	0.0139067	0.990261	-1.70522	0.168666	24.4959	
0.989707	0.00101915	0.143108	0.0010505	0.999896	-0.0143859	-0.143108	0.0143881	0.989603	-1.82057	0.180255	25.3069	
0.989033	0.00108689	0.147688	0.00112136	0.999889	-0.014868	-0.147688	0.0148706	0.988922	-1.93968	0.19224	26.1173	
0.988339	0.00115685	0.152265	0.00119465	0.999881	-0.0153511	-0.152265	0.015354	0.98822	-2.06254	0.20462	26.9271	
0.987624	0.00122906	0.156838	0.00127039	0.999874	-0.0158352	-0.156838	0.0158385	0.987497	-2.18915	0.217396	27.7363	
0.986887	0.00130351	0.161408	0.00134859	0.999866	-0.0163203	-0.161408	0.016324	0.986753	-2.3195	0.23057	28.545	
0.986129	0.0013802	0.165975	0.00142925	0.999858	-0.0168064	-0.165974	0.0168105	0.985987	-2.4536	0.244141	29.353	
0.98535	0.00145915	0.170537	0.00151239	0.999849	-0.0172934	-0.170537	0.0172979	0.985199	-2.59143	0.258112	30.1604	
0.98455	0.00154035	0.175096	0.00159801	0.999841	-0.0177813	-0.175095	0.0177864	0.984391	-2.733	0.272482	30.9672	
0.983729	0.00162381	0.17965	0.00168614	0.999832	-0.0182702	-0.17965	0.0182758	0.983561	-2.8783	0.287253	31.7732	
0.982887	0.00170954	0.184201	0.00177677	0.999822	-0.0187599	-0.1842	0.0187662	0.98271	-3.02733	0.302426	32.5786	
0.982024	0.00179754	0.188747	0.00186992	0.999813	-0.0192506	-0.188747	0.0192575	0.981837	-3.18009	0.318	33.3833	
0.98114	0.00188781	0.19329	0.00196559	0.999803	-0.0197422	-0.193289	0.0197498	0.980943	-3.33657	0.333977	34.1872	
0.980235	0.00198035	0.197827	0.00206381	0.999793	-0.0202346	-0.197827	0.0202429	0.980028	-3.49677	0.350358	34.9904	
0.979309	0.00207518	0.202361	0.00216457	0.999783	-0.0207279	-0.20236	0.020737	0.979092	-3.66069	0.367143	35.7929	
0.978362	0.00217229	0.20689	0.00226789	0.999772	-0.021222	-0.206889	0.021232	0.978134	-3.82831	0.384334	36.5945	
0.977394	0.0022717	0.211414	0.00237378	0.999761	-0.021717	-0.211413	0.0217279	0.977155	-3.99965	0.40193	37.3954	
0.976405	0.00237339	0.215933	0.00248225	0.99975	-0.0222128	-0.215932	0.0222247	0.976155	-4.17469	0.419933	38.1955	
0.975396	0.00247738	0.220448	0.0025933	0.999739	-0.0227093	-0.220447	0.0227223	0.975134	-4.35343	0.438343	38.9947	
0.974365	0.00258368	0.224958	0.00270695	0.999727	-0.0232067	-0.224956	0.0232208	0.974092	-4.53586	0.457161	39.7931	
0.973314	0.00269227	0.229462	0.00282321	0.999715	-0.0237049	-0.229461	0.0237201	0.973029	-4.72199	0.476388	40.5907	
0.972242	0.00280318	0.233962	0.00294209	0.999703	-0.0242038	-0.23396	0.0242203	0.971944	-4.91181	0.496024	41.3873	
0.971149	0.0029164	0.238456	0.00306359	0.99969	-0.0247035	-0.238454	0.0247213	0.970839	-5.10531	0.51607	42.1831	
0.970035	0.00303193	0.242945	0.00318773	0.999677	-0.0252039	-0.242943	0.0252231	0.969713	-5.30248	0.536528	42.9779	
0.968901	0.00314978	0.247429	0.00331451	0.999664	-0.025705	-0.247426	0.0257257	0.968565	-5.50334	0.557396	43.7718	
0.967746	0.00326996	0.251907	0.00344394	0.999651	-0.0262068	-0.251904	0.0262291	0.967397	-5.70786	0.578677	44.5648	
0.96657	0.00339246	0.256379	0.00357604	0.999637	-0.0267094	-0.256376	0.0267333	0.966207	-5.91605	0.60037	45.3568	
0.964658	0.00359565	0.263481	0.00404066	0.999587	-0.0284347	-0.263475	0.0284944	0.964245	-6.12898	0.622991	46.1475	
0.962693	0.00381182	0.27057	0.00451751	0.999535	-0.0301549	-0.27056	0.0302522	0.962228	-6.34772	0.647053	46.9366	
0.960675	0.00404096	0.277645	0.00500655	0.999479	-0.0318699	-0.27763	0.0320066	0.960155	-6.57226	0.672554	47.724	
0.958605	0.00428303	0.284706	0.00550776	0.999421	-0.0335796	-0.284685	0.0337577	0.958027	-6.80258	0.699491	48.5097	
0.956483	0.00453801	0.291752	0.00602112	0.999359	-0.0352841	-0.291725	0.0355054	0.955843	-7.03868	0.727861	49.2936	
0.954309	0.00480589	0.298782	0.0065466	0.999294	-0.0369834	-0.298749	0.0372496	0.953604	-7.28054	0.757662	50.0757	
0.952083	0.00508664	0.305797	0.00708416	0.999227	-0.0386774	-0.305757	0.0389904	0.951311	-7.52814	0.788889	50.8559	
0.949805	0.00538023	0.312795	0.00763379	0.999156	-0.040366	-0.312748	0.0407277	0.948962	-7.78148	0.821542	51.6343	
0.947476	0.00568664	0.319777	0.00819547	0.999082	-0.0420494	-0.319723	0.0424615	0.946559	-8.04054	0.855616	52.4107	
0.945095	0.00600584	0.326742	0.00876916	0.999005	-0.0437274	-0.326679	0.0441917	0.944102	-8.3053	0.891109	53.1851	
0.942662	0.00633782	0.333689	0.00935484	0.998925	-0.0454	-0.333618	0.0459184	0.941589	-8.57576	0.928018	53.9575	
0.940178	0.00668254	0.340618	0.0099525	0.998842	-0.0470672	-0.340538	0.0476415	0.939023	-8.85189	0.96634	54.7278	
0.937643	0.00703997	0.347528	0.0105621	0.998756	-0.048729	-0.347439	0.049361	0.936402	-9.13369	1.00607	55.4959	
0.935057	0.0074101	0.35442	0.0111837	0.998667	-0.0503853	-0.354321	0.0510769	0.933728	-9.42113	1.04721	56.2619	
0.93242	0.00779288	0.361292	0.0118171	0.998575	-0.0520362	-0.361183	0.0527891	0.930999	-9.71419	1.08975	57.0257	
0.929732	0.00818831	0.368145	0.0124625	0.99848	-0.0536816	-0.368025	0.0544976	0.928217	-10.0129	1.1337	57.7873	
0.926994	0.00859634	0.374977	0.0131197	0.998382	-0.0553215	-0.374846	0.0562023	0.925382	-10.3172	1.17904	58.5465	
0.924206	0.00901696	0.381789	0.0137888	0.998281	-0.0569559	-0.381646	0.0579033	0.922493	-10.627	1.22578	59.3034	
0.921367	0.00945012	0.388579	0.0144697	0.998178	-0.0585847	-0.388425	0.0596006	0.919551	-10.9424	1.27391	60.0579	
0.918478	0.00989581	0.395348	0.0151624	0.998071	-0.0602079	-0.395181	0.061294	0.916556	-11.2634	1.32343	60.8099	
0.915539	0.010354	0.402095	0.015867	0.997961	-0.0618255	-0.401915	0.0629837	0.913508	-11.5899	1.37433	61.5595	
0.912551	0.0108246	0.40882	0.0165833	0.997848	-0.0634374	-0.408627	0.0646694	0.910408	-11.9219	1.42662	62.3066	
0.909513	0.0113077	0.415521	0.0173114	0.997732	-0.0650437	-0.415315	0.0663513	0.907255	-12.2594	1.48028	63.0511	
0.906426	0.0118032	0.4222	0.0180513	0.997613	-0.0666443	-0.421979	0.0680293	0.90405	-12.6023	1.53532	63.793	
0.90329	0.012311	0.428855	0.018803	0.997492	-0.0682391	-0.428619	0.0697034	0.900793	-12.9507	1.59174	64.5323	
0.900104	0.0128312	0.435485	0.0195663	0.997367	-0.0698282	-0.435235	0.0713736	0.897483	-13.3046	1.64952	65.2689	
0.89687	0.0133637	0.442091	0.0203414	0.997239	-0.0714116	-0.441825	0.0730397	0.894123	-13.6638	1.70868	66.0027	
0.893588	0.0139085	0.448673	0.0211283	0.997109	-0.0729891	-0.448391	0.0747019	0.890711	-14.0284	1.76919	66.7338	
0.890257	0.0144655	0.455229	0.0219268	0.996975	-0.0745608	-0.45493	0.07636	0.887247	-14.3984	1.83106	67.462	
0.886878	0.0150347	0.461759	0.022737	0.996839	-0.0761267	-0.461443	0.0780141	0.883733	-14.7738	1.8943	68.1874	
0.883451	0.0156161	0.468263	0.0235589	0.996699	-0.0776866	-0.46793	0.0796641	0.880168	-15.1544	1.95888	68.9099	
0.87454	0.0171819	0.484648	0.0275154	0.996004	-0.0849619	-0.484171	0.0876379	0.870573	-15.5444	2.02741	69.627	
0.865327	0.0188966	0.500851	0.0316061	0.995243	-0.0921559	-0.500209	0.095575	0.860614	-15.9476	2.10246	70.3361	
0.855816	0.0207595	0.516863	0.0358291	0.994416	-0.0992656	-0.516038	0.103472	0.850293	-16.3639	2.18399	71.0369	
0.846011	0.0227699	0.532679	0.0401828	0.993523	-0.106288	-0.531649	0.111325	0.839616	-16.7931	2.27197	71.7291	
0.835915	0.0249268	0.548292	0.0446653	0.992565	-0.11322	-0.547038	0.119132	0.828587	-17.2349	2.36637	72.4124	
0.825534	0.0272293	0.563696	0.0492748	0.991543	-0.12006	-0.562198	0.126889	0.81721	-17.6892	2.46714	73.0866	
0.81487	0.0296766	0.578883	0.0540093	0.990456	-0.126803	-0.577121	0.134593	0.805491	-18.1559	2.57425	73.7513	
0.80393	0.0322675	0.593848	0.0588668	0.989306	-0.133447	-0.591803	0.14224	0.793434	-18.6347	2.68764	74.4062	
0.792718	0.035001	0.608583	0.0638453	0.988092	-0.13999	-0.606236	0.149828	0.781044	-19.1255	2.80727	75.0511	
0.781237	0.037876	0.623084	0.0689427	0.986816	-0.146428	-0.620416	0.157352	0.768326	-19.6279	2.9331	75.6857	
0.769494	0.0408912	0.637344	0.0741569	0.985477	-0.15276	-0.634334	0.164811	0.755286	-20.1419	3.06506	76.3098	
0.757492	0.0440453	0.651357	0.0794856	0.984077	-0.158982	-0.647987	0.172201	0.741929	-20.6671	3.2031	76.9231	
