1	0	0	0	1	0	0	0	1	0	0	0	
1	-1.85812e-08	0.00012113	-1.85812e-08	1	0.000306797	-0.00012113	-0.000306797	1	-5.66804e-05	-0.000143559	0.935859	
1	-7.42974e-08	0.000242203	-7.43138e-08	1	0.000613582	-0.000242203	-0.000613582	1	-0.000226695	-0.000574231	1.87172	
1	-1.67107e-07	0.000363212	-1.67172e-07	1	0.000920341	-0.000363212	-0.000920341	1	-0.000509986	-0.001292	2.80758	
1	-2.96961e-07	0.000484153	-2.97125e-07	0.999999	0.00122706	-0.000484153	-0.00122706	0.999999	-0.000906492	-0.00229683	3.74343	
1	-4.63806e-07	0.00060502	-4.64133e-07	0.999999	0.00153373	-0.00060502	-0.00153373	0.999999	-0.00141615	-0.00358869	4.67929	
1	-6.67581e-07	0.000725808	-6.68152e-07	0.999998	0.00184034	-0.000725808	-0.00184034	0.999998	-0.00203888	-0.00516751	5.61515	
1	-9.08218e-07	0.000846513	-9.09131e-07	0.999998	0.00214686	-0.000846513	-0.00214686	0.999997	-0.00277462	-0.00703324	6.551	
1	-1.18564e-06	0.000967128	-1.18701e-06	0.999997	0.0024533	-0.000967128	-0.0024533	0.999997	-0.00362327	-0.00918579	7.48686	
0.999999	-1.49978e-06	0.00108765	-1.50173e-06	0.999996	0.00275963	-0.00108765	-0.00275963	0.999996	-0.00458476	-0.0116251	8.42271	
0.999999	-1.85054e-06	0.00120807	-1.85323e-06	0.999995	0.00306584	-0.00120807	-0.00306584	0.999995	-0.005659	-0.014351	9.35857	
0.999999	-2.23782e-06	0.00132839	-2.24141e-06	0.999994	0.00337192	-0.00132839	-0.00337192	0.999993	-0.00684588	-0.0173634	10.2944	
0.999999	-2.66154e-06	0.0014486	-2.6662e-06	0.999993	0.00367786	-0.0014486	-0.00367786	0.999992	-0.00814531	-0.0206622	11.2303	
0.999999	-3.12159e-06	0.00156869	-3.12752e-06	0.999992	0.00398364	-0.00156869	-0.00398364	0.999991	-0.00955719	-0.0242472	12.1661	
0.999999	-3.61786e-06	0.00168866	-3.62526e-06	0.999991	0.00428925	-0.00168866	-0.00428925	0.999989	-0.0110814	-0.0281184	13.102	
0.999998	-4.15022e-06	0.00180851	-4.15933e-06	0.999989	0.00459467	-0.00180851	-0.00459467	0.999988	-0.0127178	-0.0322754	14.0378	
0.999998	-4.71856e-06	0.00192822	-4.72961e-06	0.999988	0.0048999	-0.00192822	-0.0048999	0.999986	-0.0144663	-0.0367182	14.9737	
0.999998	-5.32274e-06	0.00204781	-5.336e-06	0.999986	0.00520491	-0.00204781	-0.00520491	0.999984	-0.0163268	-0.0414465	15.9095	
0.999998	-5.96264e-06	0.00216725	-5.97837e-06	0.999985	0.00550971	-0.00216725	-0.00550971	0.999982	-0.0182992	-0.0464602	16.8454	
0.999997	-6.6381e-06	0.00228654	-6.6566e-06	0.999983	0.00581427	-0.00228654	-0.00581427	0.99998	-0.0203833	-0.051759	17.7812	
0.999997	-7.34899e-06	0.00240569	-7.37055e-06	0.999981	0.00611857	-0.00240569	-0.00611857	0.999978	-0.0225789	-0.0573428	18.717	
0.999997	-8.09514e-06	0.00252468	-8.1201e-06	0.999979	0.00642262	-0.00252468	-0.00642262	0.999976	-0.024886	-0.0632111	19.6529	
0.999997	-8.87641e-06	0.00264351	-8.90508e-06	0.999977	0.00672639	-0.00264351	-0.00672639	0.999974	-0.0273043	-0.0693639	20.5887	
0.999996	-9.69261e-06	0.00276217	-9.72536e-06	0.999975	0.00702987	-0.00276217	-0.00702987	0.999971	-0.0298338	-0.0758009	21.5245	
0.999996	-1.05436e-05	0.00288067	-1.05808e-05	0.999973	0.00733304	-0.00288067	-0.00733304	0.999969	-0.0324742	-0.0825217	22.4604	
0.999996	-1.14292e-05	0.00299898	-1.14712e-05	0.999971	0.0076359	-0.00299898	-0.0076359	0.999966	-0.0352255	-0.0895261	23.3962	
0.999995	-1.23491e-05	0.00311712	-1.23964e-05	0.999968	0.00793844	-0.00311712	-0.00793844	0.999964	-0.0380874	-0.0968138	24.332	
0.999995	-1.33034e-05	0.00323507	-1.33562e-05	0.999966	0.00824063	-0.00323507	-0.00824063	0.999961	-0.0410598	-0.104384	25.2679	
0.999994	-1.42916e-05	0.00335283	-1.43505e-05	0.999964	0.00854247	-0.00335283	-0.00854247	0.999958	-0.0441424	-0.112238	26.2037	
0.999994	-1.53136e-05	0.0034704	-1.5379e-05	0.999961	0.00884394	-0.0034704	-0.00884394	0.999955	-0.0473352	-0.120373	27.1395	
0.999994	-1.63693e-05	0.00358776	-1.64416e-05	0.999958	0.00914503	-0.00358776	-0.00914503	0.999952	-0.0506379	-0.128791	28.0753	
0.999993	-1.74584e-05	0.00370492	-1.75381e-05	0.999955	0.00944572	-0.00370492	-0.00944572	0.999949	-0.0540504	-0.13749	29.0111	
0.999993	-1.85807e-05	0.00382187	-1.86683e-05	0.999953	0.00974601	-0.00382187	-0.00974601	0.999945	-0.0575724	-0.14647	29.9469	
0.999992	-1.9736e-05	0.0039386	-1.98319e-05	0.99995	0.0100459	-0.0039386	-0.0100459	0.999942	-0.0612038	-0.155732	30.8827	
0.999992	-2.09239e-05	0.00405511	-2.10288e-05	0.999946	0.0103453	-0.00405511	-0.0103453	0.999938	-0.0649442	-0.165273	31.8185	
0.999991	-2.21444e-05	0.0041714	-2.22587e-05	0.999943	0.0106443	-0.0041714	-0.0106443	0.999935	-0.0687937	-0.175095	32.7543	
0.999991	-2.33972e-05	0.00428746	-2.35214e-05	0.99994	0.0109428	-0.00428746	-0.0109428	0.999931	-0.0727518	-0.185196	33.6901	
0.99999	-2.4682e-05	0.00440328	-2.48167e-05	0.999937	0.0112409	-0.00440328	-0.0112409	0.999927	-0.0768185	-0.195577	34.6259	
0.99999	-2.59986e-05	0.00451887	-2.61443e-05	0.999933	0.0115385	-0.00451887	-0.0115385	0.999923	-0.0809934	-0.206236	35.5617	
0.999989	-2.73466e-05	0.00463421	-2.7504e-05	0.99993	0.0118356	-0.00463421	-0.0118356	0.999919	-0.0852764	-0.217173	36.4975	
0.999989	-2.8726e-05	0.0047493	-2.88955e-05	0.999926	0.0121321	-0.0047493	-0.0121321	0.999915	-0.0896672	-0.228388	37.4333	
0.999988	-3.01363e-05	0.00486413	-3.03187e-05	0.999923	0.0124282	-0.00486413	-0.0124282	0.999911	-0.0941656	-0.239881	38.3691	
0.999988	-3.15774e-05	0.00497871	-3.17731e-05	0.999919	0.0127237	-0.00497871	-0.0127237	0.999907	-0.0987714	-0.25165	39.3048	
0.999987	-3.30489e-05	0.00509303	-3.32587e-05	0.999915	0.0130186	-0.00509302	-0.0130186	0.999902	-0.103484	-0.263696	40.2406	
0.999986	-3.45505e-05	0.00520707	-3.4775e-05	0.999911	0.013313	-0.00520707	-0.013313	0.999898	-0.108304	-0.276017	41.1764	
0.999986	-3.6082e-05	0.00532084	-3.63218e-05	0.999907	0.0136069	-0.00532084	-0.0136069	0.999893	-0.11323	-0.288614	42.1121	
0.999985	-3.76432e-05	0.00543434	-3.78989e-05	0.999903	0.0139001	-0.00543434	-0.0139001	0.999889	-0.118263	-0.301485	43.0479	
0.999985	-3.92336e-05	0.00554755	-3.9506e-05	0.999899	0.0141928	-0.00554755	-0.0141928	0.999884	-0.123402	-0.314631	43.9836	
0.999984	-4.0853e-05	0.00566048	-4.11427e-05	0.999895	0.0144848	-0.00566047	-0.0144848	0.999879	-0.128646	-0.32805	44.9194	
0.999983	-4.25011e-05	0.00577311	-4.28088e-05	0.999891	0.0147762	-0.00577311	-0.0147762	0.999874	-0.133996	-0.341742	45.8551	
0.999983	-4.41775e-05	0.00588545	-4.4504e-05	0.999886	0.015067	-0.00588544	-0.015067	0.999869	-0.139452	-0.355706	46.7909	
0.999982	-4.5882e-05	0.00599748	-4.6228e-05	0.999882	0.0153571	-0.00599748	-0.0153571	0.999864	-0.145012	-0.369942	47.7266	
0.999981	-4.76143e-05	0.00610921	-4.79804e-05	0.999878	0.0156465	-0.00610921	-0.0156465	0.999859	-0.150677	-0.38445	48.6623	
0.999981	-4.9374e-05	0.00622063	-4.9761e-05	0.999873	0.0159353	-0.00622063	-0.0159353	0.999854	-0.156447	-0.399228	49.598	
0.99998	-5.11607e-05	0.00633174	-5.15693e-05	0.999868	0.0162234	-0.00633173	-0.0162234	0.999848	-0.16232	-0.414276	50.5338	
0.999979	-5.29742e-05	0.00644252	-5.34052e-05	0.999864	0.0165108	-0.00644252	-0.0165108	0.999843	-0.168298	-0.429593	51.4695	
0.999979	-5.48142e-05	0.00655298	-5.52683e-05	0.999859	0.0167975	-0.00655298	-0.0167975	0.999837	-0.174379	-0.445179	52.4052	
0.999978	-5.66802e-05	0.00666312	-5.71582e-05	0.999854	0.0170834	-0.00666311	-0.0170834	0.999832	-0.180563	-0.461033	53.3409	
0.999977	-5.85719e-05	0.00677292	-5.90747e-05	0.999849	0.0173686	-0.00677291	-0.0173687	0.999826	-0.18685	-0.477154	54.2766	
0.999976	-6.0489e-05	0.00688238	-6.10173e-05	0.999844	0.0176531	-0.00688237	-0.0176531	0.99982	-0.19324	-0.493542	55.2123	
0.999976	-6.24312e-05	0.0069915	-6.29857e-05	0.999839	0.0179368	-0.00699149	-0.0179368	0.999815	-0.199732	-0.510195	56.148	
0.999975	-6.4398e-05	0.00710027	-6.49796e-05	0.999834	0.0182198	-0.00710027	-0.0182198	0.999809	-0.206326	-0.527114	57.0837	
0.999985	-3.81928e-05	0.0055458	-4.77203e-05	0.99988	0.0154906	-0.00554573	-0.0154906	0.999865	-0.212243	-0.542888	58.0194	
0.999992	-1.62269e-05	0.00399095	-3.47024e-05	0.999919	0.0127608	-0.00399083	-0.0127608	0.999911	-0.216706	-0.556108	58.9551	
0.999997	1.49657e-06	0.00243578	-2.59287e-05	0.99995	0.0100305	-0.00243564	-0.0100306	0.999947	-0.219713	-0.566773	59.8909	
1	1.49751e-05	0.000880374	-2.14013e-05	0.999973	0.0072999	-0.000880241	-0.00729992	0.999973	-0.221264	-0.574882	60.8267	
1	2.42069e-05	-0.000675211	-2.11215e-05	0.99999	0.0045691	0.000675314	-0.00456908	0.999989	-0.22136	-0.580436	61.7626	
0.999998	2.91908e-05	-0.00223091	-2.50898e-05	0.999998	0.00183826	0.00223096	-0.0018382	0.999996	-0.22	-0.583434	62.6984	
0.999993	2.99264e-05	-0.00378664	-3.33061e-05	1	-0.000892468	0.00378662	0.000892588	0.999992	-0.217184	-0.583877	63.6343	
0.999986	2.64137e-05	-0.00534236	-4.57692e-05	0.999993	-0.00362293	0.00534223	0.00362312	0.999979	-0.212913	-0.581764	64.5701	
0.999976	1.86538e-05	-0.00689798	-6.24776e-05	0.99998	-0.00635298	0.00689772	0.00635326	0.999956	-0.207185	-0.577095	65.506	
0.999964	6.64787e-06	-0.00845344	-8.34287e-05	0.999959	-0.00908247	0.00845303	0.00908285	0.999923	-0.200002	-0.569872	66.4418	
0.99995	-9.60178e-06	-0.0100087	-0.000108619	0.99993	-0.0118113	0.0100081	0.0118117	0.99988	-0.191364	-0.560095	67.3775	
0.999933	-3.00924e-05	-0.0115636	-0.000138046	0.999894	-0.0145392	0.0115628	0.0145398	0.999827	-0.18127	-0.547765	68.3132	
0.999914	-5.48206e-05	-0.0131182	-0.000171703	0.999851	-0.0172661	0.0131172	0.0172668	0.999765	-0.169722	-0.532881	69.2489	
0.999892	-8.37822e-05	-0.0146724	-0.000209585	0.9998	-0.0199918	0.0146711	0.0199927	0.999692	-0.156719	-0.515446	70.1845	
0.999868	-0.000116972	-0.0162261	-0.000251686	0.999742	-0.0227163	0.0162245	0.0227174	0.99961	-0.142262	-0.495461	71.1201	
0.999621	-0.000489729	-0.0275292	-0.000699696	0.999067	-0.0431797	0.0275247	0.0431826	0.998688	-0.121789	-0.464623	72.0552	
0.999246	-0.00109387	-0.0388189	-0.00137899	0.997973	-0.0636186	0.0388098	0.0636241	0.997219	-0.0907478	-0.414643	72.9891	
0.998743	-0.00192907	-0.0500889	-0.00228919	0.996461	-0.0840218	0.0500737	0.0840309	0.995204	-0.0491547	-0.345548	73.9215	
0.998113	-0.00299486	-0.061333	-0.00342981	0.994532	-0.104378	0.0613102	0.104392	0.992645	0.00296748	-0.257375	74.8517	
0.997356	-0.00429067	-0.072545	-0.00480022	0.992186	-0.124677	0.0725131	0.124695	0.989542	0.0655902	-0.150174	75.7793	
0.996472	-0.00581579	-0.0837189	-0.00639966	0.989425	-0.144906	0.0836763	0.144931	0.985897	0.138679	-0.0240023	76.7037	
0.995463	-0.00756937	-0.0948485	-0.00822727	0.98625	-0.165055	0.0947937	0.165087	0.981713	0.222194	0.12107	77.6244	
0.994328	-0.00955047	-0.105928	-0.010282	0.982663	-0.185113	0.105859	0.185152	0.976992	0.31609	0.284965	78.541	
0.993068	-0.011758	-0.116951	-0.0125629	0.978667	-0.205069	0.116867	0.205117	0.971735	0.420315	0.467591	79.4529	
0.991684	-0.0141907	-0.127911	-0.0150684	0.974263	-0.224912	0.12781	0.224969	0.965947	0.534812	0.66885	80.3597	
0.990177	-0.0168474	-0.138803	-0.0177975	0.969453	-0.24463	0.138684	0.244698	0.95963	0.659518	0.888631	81.2607	
0.988547	-0.0197264	-0.14962	-0.0207484	0.964241	-0.264214	0.149482	0.264292	0.952788	0.794366	1.12681	82.1556	
0.986795	-0.0228263	-0.160357	-0.0239197	0.958629	-0.283653	0.160198	0.283743	0.945424	0.93928	1.38327	83.0439	
0.984923	-0.0261454	-0.171008	-0.0273095	0.95262	-0.302935	0.170826	0.303038	0.937543	1.09418	1.65785	83.9251	
0.982931	-0.0296818	-0.181567	-0.030916	0.946217	-0.322051	0.181361	0.322167	0.929148	1.25899	1.95042	84.7986	
0.98082	-0.0334336	-0.192028	-0.0347373	0.939425	-0.340989	0.191796	0.34112	0.920245	1.43361	2.2608	85.664	
0.978592	-0.0373988	-0.202385	-0.0387712	0.932247	-0.35974	0.202127	0.359886	0.910839	1.61794	2.58884	86.5209	
0.976247	-0.0415752	-0.212633	-0.0430156	0.924686	-0.378294	0.212347	0.378455	0.900933	1.8119	2.93434	87.3687	
0.973788	-0.0459604	-0.222767	-0.0474681	0.916747	-0.396639	0.22245	0.396817	0.890535	2.01536	3.29713	88.207	
0.971215	-0.0505522	-0.232779	-0.0521263	0.908434	-0.414766	0.232432	0.414961	0.879649	2.22822	3.677	89.0354	
0.96853	-0.0553479	-0.242666	-0.0569876	0.899751	-0.432666	0.242287	0.432879	0.868282	2.45037	4.07375	89.8533	
0.965734	-0.060345	-0.252422	-0.0620494	0.890705	-0.450328	0.252009	0.450559	0.856439	2.68167	4.48716	90.6604	
0.962829	-0.0655407	-0.262041	-0.0673089	0.881298	-0.467742	0.261593	0.467993	0.844128	2.92201	4.91699	91.4562	
