1	0	0	0	1	0	0	0	1	0	0	0	
0.999998	2.18012e-06	-0.00200579	2.18012e-06	0.999998	0.00217382	0.00200579	-0.00217382	0.999996	0.00106267	-0.00115168	1.05959	
0.999992	8.74721e-06	-0.00401767	8.74767e-06	0.999991	0.00435445	0.00401767	-0.00435445	0.999982	0.00425388	-0.00461035	2.11918	
0.999982	1.9741e-05	-0.00603551	1.97428e-05	0.999979	0.00654179	0.00603551	-0.00654179	0.99996	0.00958004	-0.0103832	3.17875	
0.999968	3.52005e-05	-0.00805922	3.52051e-05	0.999962	0.00873572	0.00805922	-0.00873572	0.999929	0.0170474	-0.0184772	4.23828	
0.999949	5.51639e-05	-0.0100887	5.51732e-05	0.99994	0.0109361	0.0100887	-0.0109361	0.999889	0.0266621	-0.0288993	5.29779	
0.999927	7.96689e-05	-0.0121238	7.96851e-05	0.999914	0.0131429	0.0121238	-0.0131429	0.99984	0.0384303	-0.0416563	6.35724	
0.9999	0.000108752	-0.0141644	0.000108778	0.999882	0.0153558	0.0141644	-0.0153558	0.999782	0.0523577	-0.0567548	7.41663	
0.999869	0.00014245	-0.0162105	0.000142489	0.999846	0.0175749	0.0162105	-0.0175749	0.999714	0.0684503	-0.0742015	8.47596	
0.999833	0.000180797	-0.0182619	0.000180854	0.999804	0.0198	0.0182619	-0.0198	0.999637	0.0867138	-0.0940026	9.53522	
0.999794	0.000223829	-0.0203185	0.000223907	0.999757	0.022031	0.0203185	-0.022031	0.999551	0.107154	-0.116165	10.5944	
0.999749	0.000271579	-0.0223801	0.000271683	0.999705	0.0242677	0.0223801	-0.0242677	0.999455	0.129775	-0.140694	11.6535	
0.999701	0.000324081	-0.0244468	0.000324216	0.999648	0.02651	0.0244468	-0.0265101	0.99935	0.154584	-0.167596	12.7124	
0.999648	0.000381366	-0.0265183	0.000381538	0.999586	0.0287579	0.0265183	-0.0287579	0.999235	0.181585	-0.196876	13.7713	
0.999591	0.000443466	-0.0285946	0.000443682	0.999519	0.0310112	0.0285946	-0.0310112	0.99911	0.210784	-0.228542	14.83	
0.999529	0.000510412	-0.0306755	0.000510678	0.999446	0.0332698	0.0306755	-0.0332698	0.998976	0.242185	-0.262598	15.8886	
0.999463	0.000582234	-0.032761	0.000582558	0.999368	0.0355335	0.032761	-0.0355335	0.998831	0.275794	-0.29905	16.947	
0.999392	0.000658961	-0.0348509	0.000659351	0.999285	0.0378022	0.0348509	-0.0378022	0.998677	0.311614	-0.337903	18.0053	
0.999317	0.000740622	-0.0369451	0.000741086	0.999196	0.0400759	0.0369451	-0.0400759	0.998513	0.349652	-0.379163	19.0634	
0.999237	0.000827244	-0.0390435	0.000827791	0.999102	0.0423544	0.0390434	-0.0423544	0.998339	0.38991	-0.422834	20.1213	
0.999153	0.000918853	-0.0411459	0.000919493	0.999003	0.0446375	0.0411459	-0.0446375	0.998156	0.432395	-0.468922	21.1791	
0.999064	0.00101548	-0.0432524	0.00101622	0.998898	0.0469252	0.0432524	-0.0469252	0.997962	0.477109	-0.517432	22.2366	
0.99897	0.00111714	-0.0453627	0.001118	0.998787	0.0492173	0.0453627	-0.0492173	0.997757	0.524057	-0.568368	23.2939	
0.998872	0.00122387	-0.0474768	0.00122485	0.998672	0.0515138	0.0474767	-0.0515138	0.997543	0.573243	-0.621735	24.351	
0.998769	0.00133568	-0.0495945	0.0013368	0.99855	0.0538144	0.0495944	-0.0538144	0.997319	0.624671	-0.677538	25.4079	
0.998661	0.00145261	-0.0517157	0.00145387	0.998423	0.0561191	0.0517157	-0.0561191	0.997084	0.678345	-0.735781	26.4645	
0.998548	0.00157466	-0.0538403	0.00157609	0.99829	0.0584278	0.0538403	-0.0584278	0.996839	0.734268	-0.796468	27.5209	
0.998431	0.00170187	-0.0559683	0.00170347	0.998152	0.0607402	0.0559682	-0.0607403	0.996583	0.792445	-0.859603	28.577	
0.998309	0.00183425	-0.0580994	0.00183604	0.998008	0.0630564	0.0580993	-0.0630565	0.996317	0.852878	-0.92519	29.6329	
0.998182	0.00197183	-0.0602336	0.00197382	0.997859	0.0653762	0.0602335	-0.0653762	0.996041	0.91557	-0.993233	30.6884	
0.998051	0.00211462	-0.0623707	0.00211683	0.997704	0.0676994	0.0623706	-0.0676995	0.995754	0.980526	-1.06374	31.7437	
0.997914	0.00226263	-0.0645107	0.00226508	0.997543	0.070026	0.0645106	-0.070026	0.995457	1.04775	-1.1367	32.7986	
0.997773	0.0024159	-0.0666534	0.00241859	0.997376	0.0723557	0.0666533	-0.0723558	0.995149	1.11724	-1.21214	33.8532	
0.997627	0.00257442	-0.0687988	0.00257738	0.997204	0.0746886	0.0687987	-0.0746887	0.994831	1.189	-1.29004	34.9075	
0.997476	0.00273822	-0.0709466	0.00274147	0.997025	0.0770245	0.0709465	-0.0770246	0.994502	1.26304	-1.37042	35.9615	
0.997321	0.00290732	-0.0730969	0.00291086	0.996842	0.0793632	0.0730968	-0.0793633	0.994162	1.33935	-1.45327	37.015	
0.99716	0.00308172	-0.0752494	0.00308558	0.996652	0.0817046	0.0752493	-0.0817047	0.993812	1.41794	-1.53861	38.0683	
0.996994	0.00326144	-0.0774041	0.00326564	0.996456	0.0840486	0.077404	-0.0840488	0.993451	1.49882	-1.62642	39.1211	
0.996824	0.00344649	-0.0795609	0.00345105	0.996255	0.0863951	0.0795607	-0.0863953	0.993079	1.58198	-1.71672	40.1736	
0.996649	0.00363688	-0.0817196	0.00364182	0.996048	0.088744	0.0817194	-0.0887442	0.992697	1.66742	-1.80951	41.2256	
0.996468	0.00383262	-0.0838801	0.00383796	0.995835	0.0910951	0.0838799	-0.0910953	0.992303	1.75516	-1.90479	42.2773	
0.996283	0.00403373	-0.0860424	0.00403949	0.995616	0.0934483	0.0860421	-0.0934485	0.991899	1.84518	-2.00256	43.3285	
0.996093	0.0042402	-0.0882062	0.0042464	0.995391	0.0958035	0.0882059	-0.0958038	0.991484	1.9375	-2.10283	44.3793	
0.995898	0.00445205	-0.0903716	0.00445871	0.995161	0.0981606	0.0903712	-0.0981609	0.991059	2.03211	-2.20559	45.4297	
0.995698	0.00466928	-0.0925383	0.00467643	0.994924	0.100519	0.0925379	-0.10052	0.990622	2.12901	-2.31085	46.4796	
0.995493	0.0048919	-0.0947063	0.00489957	0.994682	0.10288	0.0947059	-0.10288	0.990175	2.22822	-2.41861	47.529	
0.995283	0.00511992	-0.0968754	0.00512812	0.994433	0.105242	0.096875	-0.105242	0.989717	2.32972	-2.52887	48.5779	
0.995068	0.00535333	-0.0990456	0.00536209	0.994179	0.107605	0.0990452	-0.107606	0.989248	2.43351	-2.64164	49.6264	
0.994849	0.00559215	-0.101217	0.00560149	0.993919	0.10997	0.101216	-0.10997	0.988768	2.53961	-2.75691	50.6743	
0.994624	0.00583637	-0.103389	0.00584633	0.993653	0.112336	0.103388	-0.112336	0.988277	2.64801	-2.87469	51.7218	
0.994394	0.006086	-0.105561	0.00609659	0.993381	0.114702	0.105561	-0.114703	0.987775	2.75871	-2.99497	52.7687	
0.994159	0.00634103	-0.107735	0.00635228	0.993103	0.11707	0.107734	-0.117071	0.987263	2.87171	-3.11777	53.815	
0.99392	0.00660147	-0.109908	0.00661341	0.99282	0.119438	0.109908	-0.119439	0.986739	2.98702	-3.24307	54.8609	
0.993675	0.00686731	-0.112082	0.00687997	0.99253	0.121807	0.112082	-0.121808	0.986205	3.10463	-3.37088	55.9061	
0.993426	0.00713856	-0.114257	0.00715197	0.992234	0.124177	0.114256	-0.124178	0.98566	3.22454	-3.50121	56.9508	
0.993171	0.0074152	-0.116431	0.00742939	0.991933	0.126547	0.11643	-0.126548	0.985104	3.34676	-3.63404	57.9949	
0.992912	0.00769724	-0.118606	0.00771223	0.991625	0.128917	0.118605	-0.128918	0.984537	3.47128	-3.76938	59.0384	
0.992647	0.00798468	-0.12078	0.0080005	0.991312	0.131288	0.120779	-0.131289	0.983959	3.59811	-3.90724	60.0813	
0.992378	0.0082775	-0.122954	0.00829419	0.990993	0.133658	0.122953	-0.133659	0.983371	3.72724	-4.04761	61.1236	
0.992103	0.00857569	-0.125128	0.00859328	0.990668	0.136029	0.125127	-0.13603	0.982771	3.85867	-4.19049	62.1653	
0.991824	0.00887926	-0.127302	0.00889778	0.990337	0.138399	0.127301	-0.1384	0.982161	3.99241	-4.33589	63.2063	
0.99154	0.0091882	-0.129475	0.00920768	0.99	0.140769	0.129474	-0.14077	0.98154	4.12844	-4.48379	64.2467	
0.991251	0.00950249	-0.131648	0.00952296	0.989657	0.143139	0.131646	-0.14314	0.980908	4.26678	-4.6342	65.2864	
0.990957	0.00982212	-0.133819	0.00984362	0.989308	0.145508	0.133818	-0.145509	0.980265	4.40743	-4.78713	66.3254	
0.990658	0.0101471	-0.13599	0.0101697	0.988954	0.147876	0.135988	-0.147877	0.979612	4.55037	-4.94257	67.3637	
0.990354	0.0104774	-0.13816	0.010501	0.988593	0.150243	0.138158	-0.150245	0.978948	4.69561	-5.10051	68.4014	
0.989721	0.0111677	-0.142574	0.0112821	0.987742	0.155687	0.142565	-0.155695	0.977463	4.84434	-5.2626	69.4379	
0.989068	0.0118826	-0.146982	0.0120878	0.98686	0.161122	0.146965	-0.161138	0.975928	4.99773	-5.43046	70.4728	
0.986654	0.0145622	-0.162176	0.0153945	0.983189	0.18194	0.162099	-0.182009	0.969844	5.16149	-5.61227	71.5037	
0.984005	0.0175667	-0.17727	0.0190239	0.979072	0.202621	0.17712	-0.202753	0.963078	5.34121	-5.81612	72.5278	
0.981123	0.0208941	-0.192253	0.0229733	0.974513	0.22315	0.192016	-0.223354	0.955637	5.53679	-6.04189	73.5444	
0.978009	0.0245421	-0.207115	0.02724	0.969515	0.243512	0.206777	-0.243798	0.947526	5.74808	-6.2894	74.5528	
0.974665	0.028508	-0.221844	0.0318211	0.964082	0.263693	0.221393	-0.264072	0.93875	5.97494	-6.55848	75.5522	
0.971095	0.032789	-0.236432	0.0367132	0.958216	0.28368	0.235854	-0.28416	0.929315	6.2172	-6.84895	76.5419	
0.9673	0.0373822	-0.250867	0.041913	0.951923	0.303458	0.25015	-0.304049	0.919228	6.4747	-7.1606	77.5214	
0.963283	0.0422844	-0.265139	0.0474169	0.945206	0.323013	0.26427	-0.323725	0.908495	6.74726	-7.49321	78.4897	
0.959046	0.0474921	-0.279239	0.0532208	0.938071	0.342331	0.278204	-0.343173	0.897126	7.03468	-7.84656	79.4464	
0.954594	0.0530017	-0.293156	0.0593209	0.930522	0.3614	0.291943	-0.36238	0.885127	7.33676	-8.22038	80.3907	
0.949929	0.0588092	-0.306881	0.0657128	0.922565	0.380205	0.305478	-0.381334	0.872507	7.65329	-8.61442	81.3219	
0.945054	0.0649107	-0.320405	0.072392	0.914205	0.398733	0.318798	-0.400019	0.859274	7.98405	-9.0284	82.2395	
0.939973	0.0713018	-0.333717	0.0793538	0.905449	0.416972	0.331894	-0.418424	0.845439	8.3288	-9.46204	83.1427	
0.934689	0.0779781	-0.346808	0.0865934	0.896301	0.434909	0.344758	-0.436536	0.831011	8.68731	-9.91502	84.0309	
0.929206	0.0849348	-0.359669	0.0941056	0.88677	0.45253	0.357379	-0.454341	0.815999	9.05932	-10.387	84.9036	
0.923528	0.0921671	-0.372291	0.101885	0.87686	0.469825	0.36975	-0.471827	0.800415	9.44458	-10.8777	85.76	
0.917659	0.0996699	-0.384666	0.109927	0.866581	0.486779	0.381861	-0.488983	0.784269	9.8428	-11.3868	86.5996	
0.911603	0.107438	-0.396784	0.118225	0.855937	0.503383	0.393705	-0.505795	0.767573	10.2537	-11.9139	87.4218	
0.905364	0.115466	-0.408637	0.126773	0.844938	0.519623	0.405272	-0.522252	0.750338	10.677	-12.4586	88.226	
0.898946	0.123748	-0.420217	0.135566	0.833591	0.535489	0.416555	-0.538343	0.732577	11.1125	-13.0205	89.0117	
0.892355	0.132278	-0.431515	0.144597	0.821903	0.550969	0.427545	-0.554056	0.714302	11.5597	-13.5993	89.7783	
0.885594	0.141051	-0.442525	0.15386	0.809883	0.566053	0.438236	-0.56938	0.695526	12.0184	-14.1945	90.5253	
0.878669	0.15006	-0.453237	0.163349	0.79754	0.58073	0.448619	-0.584305	0.676261	12.4883	-14.8058	91.2521	
0.871584	0.159299	-0.463644	0.173056	0.784881	0.59499	0.458687	-0.59882	0.656522	12.969	-15.4326	91.9583	
0.864344	0.168761	-0.47374	0.182975	0.771917	0.608822	0.468433	-0.612914	0.636323	13.4602	-16.0746	92.6432	
0.856955	0.17844	-0.483516	0.1931	0.758656	0.622217	0.477851	-0.626579	0.615677	13.9616	-16.7313	93.3066	
0.849421	0.188329	-0.492967	0.203422	0.745106	0.635166	0.486933	-0.639804	0.594598	14.4728	-17.4023	93.9478	
0.841748	0.198421	-0.502086	0.213935	0.731279	0.647659	0.495674	-0.65258	0.573103	14.9934	-18.0871	94.5665	
0.833941	0.208709	-0.510865	0.224631	0.717183	0.659689	0.504067	-0.664898	0.551206	15.5231	-18.7851	95.1622	
0.826006	0.219186	-0.5193	0.235504	0.702829	0.671245	0.512106	-0.676749	0.528921	16.0615	-19.4959	95.7345	
0.817948	0.229844	-0.527383	0.246544	0.688226	0.682321	0.519786	-0.688126	0.506266	16.6082	-20.2191	96.283	
0.809773	0.240676	-0.53511	0.257745	0.673385	0.692908	0.527101	-0.69902	0.483256	17.1629	-20.954	96.8072	
