1	0	0	0	1	0	0	0	1	0	0	0	
0.999999	-2.88471e-06	0.00128376	-2.88471e-06	0.99999	0.00449415	-0.00128376	-0.00449415	0.999989	-0.000548515	-0.00192023	0.854542	
0.999997	-1.15483e-05	0.0025688	-1.15437e-05	0.99996	0.0089892	-0.0025688	-0.0089892	0.999956	-0.00219461	-0.00768131	1.70907	
0.999993	-2.60038e-05	0.00385511	-2.59852e-05	0.999909	0.013485	-0.00385511	-0.013485	0.999902	-0.00493938	-0.017284	2.56355	
0.999987	-4.62637e-05	0.00514265	-4.62172e-05	0.999838	0.0179816	-0.00514265	-0.0179816	0.999825	-0.00878389	-0.0307288	3.41798	
0.999979	-7.23407e-05	0.00643138	-7.22477e-05	0.999747	0.0224786	-0.00643138	-0.0224786	0.999727	-0.0137292	-0.0480164	4.27234	
0.99997	-0.000104247	0.00772127	-0.000104084	0.999636	0.0269761	-0.00772127	-0.0269761	0.999606	-0.0197762	-0.0691471	5.1266	
0.999959	-0.000141995	0.00901229	-0.000141734	0.999505	0.031474	-0.0090123	-0.031474	0.999464	-0.026926	-0.0941213	5.98075	
0.999947	-0.000185596	0.0103044	-0.000185205	0.999353	0.035972	-0.0103044	-0.035972	0.9993	-0.0351796	-0.122939	6.83477	
0.999933	-0.000235062	0.0115976	-0.000234503	0.999181	0.0404702	-0.0115976	-0.0404702	0.999113	-0.0445377	-0.155601	7.68864	
0.999917	-0.000290405	0.0128918	-0.000289637	0.998988	0.0449683	-0.0128918	-0.0449683	0.998905	-0.0550014	-0.192107	8.54234	
0.999899	-0.000351635	0.014187	-0.000350611	0.998776	0.0494664	-0.014187	-0.0494663	0.998675	-0.0665715	-0.232456	9.39585	
0.99988	-0.000418765	0.0154832	-0.000417433	0.998543	0.0539641	-0.0154832	-0.0539641	0.998423	-0.0792488	-0.276649	10.2492	
0.999859	-0.000491804	0.0167803	-0.000490108	0.99829	0.0584615	-0.0167804	-0.0584615	0.998149	-0.0930342	-0.324686	11.1022	
0.999836	-0.000570764	0.0180783	-0.000568644	0.998016	0.0629584	-0.0180784	-0.0629584	0.997852	-0.107928	-0.376565	11.9551	
0.999812	-0.000655655	0.0193772	-0.000653045	0.997722	0.0674548	-0.0193773	-0.0674548	0.997534	-0.123932	-0.432287	12.8077	
0.999786	-0.000746488	0.0206769	-0.000743318	0.997408	0.0719504	-0.020677	-0.0719504	0.997194	-0.141046	-0.491851	13.6599	
0.999758	-0.000843271	0.0219774	-0.000839467	0.997073	0.0764452	-0.0219776	-0.0764452	0.996832	-0.159272	-0.555257	14.5119	
0.999729	-0.000946017	0.0232787	-0.000941499	0.996719	0.0809391	-0.0232789	-0.080939	0.996447	-0.178608	-0.622503	15.3636	
0.999697	-0.00105473	0.0245807	-0.00104942	0.996343	0.0854319	-0.0245809	-0.0854319	0.996041	-0.199058	-0.693589	16.215	
0.999664	-0.00116943	0.0258834	-0.00116323	0.995948	0.0899236	-0.0258837	-0.0899235	0.995612	-0.22062	-0.768514	17.0659	
0.99963	-0.00129012	0.0271868	-0.00128293	0.995532	0.094414	-0.0271871	-0.0944139	0.995162	-0.243296	-0.847276	17.9165	
0.999593	-0.0014168	0.0284908	-0.00140854	0.995096	0.098903	-0.0284912	-0.0989029	0.994689	-0.267085	-0.929875	18.7668	
0.999555	-0.00154949	0.0297954	-0.00154005	0.99464	0.10339	-0.0297958	-0.10339	0.994194	-0.29199	-1.01631	19.6165	
0.999515	-0.0016882	0.0311005	-0.00167747	0.994163	0.107876	-0.0311011	-0.107876	0.993678	-0.31801	-1.10658	20.4659	
0.999473	-0.00183294	0.0324062	-0.00182081	0.993666	0.112361	-0.0324069	-0.11236	0.993139	-0.345145	-1.20068	21.3148	
0.99943	-0.00198371	0.0337124	-0.00197006	0.993148	0.116843	-0.0337132	-0.116843	0.992578	-0.373396	-1.29861	22.1633	
0.999384	-0.00214052	0.0350191	-0.00212523	0.992611	0.121323	-0.03502	-0.121323	0.991995	-0.402764	-1.40037	23.0112	
0.999337	-0.00230338	0.0363261	-0.00228633	0.992053	0.125801	-0.0363272	-0.125801	0.99139	-0.433249	-1.50596	23.8587	
0.999289	-0.00247229	0.0376336	-0.00245335	0.991475	0.130278	-0.0376349	-0.130277	0.990763	-0.464851	-1.61538	24.7056	
0.999238	-0.00264727	0.0389415	-0.0026263	0.990876	0.134751	-0.0389429	-0.134751	0.990114	-0.497571	-1.72862	25.552	
0.999186	-0.00282832	0.0402496	-0.00280518	0.990257	0.139223	-0.0402512	-0.139222	0.989443	-0.531408	-1.84568	26.3978	
0.999132	-0.00301545	0.0415581	-0.00298999	0.989618	0.143692	-0.0415599	-0.143691	0.98875	-0.566364	-1.96656	27.243	
0.999076	-0.00320867	0.0428668	-0.00318075	0.988959	0.148158	-0.0428689	-0.148157	0.988034	-0.602438	-2.09126	28.0876	
0.999018	-0.00340798	0.0441757	-0.00337744	0.988279	0.152621	-0.0441781	-0.152621	0.987297	-0.639631	-2.21977	28.9316	
0.998958	-0.00361339	0.0454849	-0.00358007	0.987579	0.157082	-0.0454875	-0.157081	0.986538	-0.677943	-2.3521	29.775	
0.998897	-0.0038249	0.0467942	-0.00378864	0.986859	0.161539	-0.0467971	-0.161539	0.985756	-0.717373	-2.48824	30.6177	
0.998834	-0.00404252	0.0481036	-0.00400316	0.986119	0.165994	-0.0481069	-0.165993	0.984953	-0.757923	-2.62818	31.4598	
0.998769	-0.00426626	0.0494131	-0.00422362	0.985358	0.170445	-0.0494167	-0.170444	0.984127	-0.799593	-2.77194	32.3011	
0.998703	-0.00449613	0.0507226	-0.00445003	0.984577	0.174893	-0.0507267	-0.174892	0.98328	-0.842381	-2.91949	33.1417	
0.998634	-0.00473212	0.0520322	-0.00468239	0.983776	0.179338	-0.0520367	-0.179337	0.982411	-0.886289	-3.07084	33.9816	
0.998564	-0.00497425	0.0533418	-0.0049207	0.982955	0.183779	-0.0533467	-0.183777	0.981519	-0.931317	-3.22599	34.8207	
0.998492	-0.00522251	0.0546513	-0.00516495	0.982114	0.188216	-0.0546567	-0.188215	0.980606	-0.977464	-3.38493	35.6591	
0.998418	-0.00547692	0.0559607	-0.00541515	0.981253	0.19265	-0.0559667	-0.192648	0.979671	-1.02473	-3.54767	36.4967	
0.998342	-0.00573748	0.05727	-0.0056713	0.980371	0.19708	-0.0572766	-0.197078	0.978713	-1.07312	-3.71418	37.3334	
0.998265	-0.00600419	0.0585791	-0.0059334	0.979469	0.201506	-0.0585864	-0.201503	0.977734	-1.12262	-3.88449	38.1694	
0.998185	-0.00627705	0.0598881	-0.00620145	0.978548	0.205927	-0.059896	-0.205925	0.976733	-1.17325	-4.05857	39.0045	
0.998104	-0.00655608	0.0611968	-0.00647545	0.977606	0.210345	-0.0612054	-0.210342	0.97571	-1.22499	-4.23643	39.8387	
0.998021	-0.00684127	0.0625053	-0.00675539	0.976644	0.214758	-0.0625147	-0.214755	0.974665	-1.27785	-4.41806	40.672	
0.997936	-0.00713263	0.0638135	-0.00704129	0.975662	0.219167	-0.0638237	-0.219164	0.973598	-1.33183	-4.60347	41.5045	
0.99785	-0.00743017	0.0651214	-0.00733313	0.97466	0.223571	-0.0651324	-0.223568	0.97251	-1.38693	-4.79263	42.336	
0.997761	-0.00773388	0.0664289	-0.00763091	0.973638	0.22797	-0.0664408	-0.227967	0.971399	-1.44315	-4.98556	43.1666	
0.997671	-0.00804376	0.067736	-0.00793464	0.972596	0.232365	-0.0677489	-0.232362	0.970267	-1.50049	-5.18225	43.9962	
0.997579	-0.00835983	0.0690427	-0.00824431	0.971534	0.236755	-0.0690566	-0.236751	0.969113	-1.55894	-5.38269	44.8249	
0.997485	-0.00868209	0.0703489	-0.00855992	0.970453	0.24114	-0.0703639	-0.241136	0.967937	-1.61851	-5.58688	45.6525	
0.997389	-0.00901053	0.0716546	-0.00888147	0.969351	0.24552	-0.0716707	-0.245515	0.96674	-1.6792	-5.79481	46.4791	
0.997291	-0.00934516	0.0729598	-0.00920896	0.968229	0.249895	-0.0729771	-0.24989	0.96552	-1.741	-6.00648	47.3047	
0.997192	-0.00968598	0.0742644	-0.00954238	0.967088	0.254264	-0.074283	-0.254259	0.964279	-1.80392	-6.22189	48.1293	
0.99709	-0.010033	0.0755684	-0.00988174	0.965926	0.258628	-0.0755883	-0.258622	0.963017	-1.86796	-6.44103	48.9528	
0.996852	-0.0108434	0.0785433	-0.0104326	0.964054	0.265502	-0.0785989	-0.265486	0.960906	-1.93384	-6.66497	49.7748	
0.996604	-0.0116747	0.0815104	-0.0110052	0.962132	0.272363	-0.0816035	-0.272335	0.958736	-2.00229	-6.89477	50.595	
0.996347	-0.0125268	0.0844695	-0.0115993	0.96016	0.279209	-0.0846018	-0.279169	0.956508	-2.0733	-7.13041	51.4134	
0.996081	-0.0133996	0.0874206	-0.012215	0.958139	0.286041	-0.0875939	-0.285988	0.954221	-2.14688	-7.37189	52.2298	
0.995806	-0.0142932	0.0903634	-0.0128522	0.95607	0.292858	-0.0905796	-0.292791	0.951876	-2.22301	-7.61919	53.0442	
0.995522	-0.0152075	0.093298	-0.0135109	0.953951	0.299659	-0.0935588	-0.299578	0.949473	-2.30169	-7.87229	53.8566	
0.995229	-0.0161424	0.0962242	-0.014191	0.951783	0.306445	-0.0965313	-0.306348	0.947012	-2.38291	-8.13119	54.6669	
0.994926	-0.0170979	0.0991419	-0.0148925	0.949566	0.313213	-0.0994971	-0.313101	0.944494	-2.46666	-8.39586	55.4751	
0.994615	-0.018074	0.102051	-0.0156153	0.947301	0.319965	-0.102456	-0.319835	0.941917	-2.55295	-8.6663	56.2811	
0.994295	-0.0190705	0.104951	-0.0163594	0.944987	0.326699	-0.105408	-0.326552	0.939283	-2.64177	-8.94249	57.0849	
0.993965	-0.0200875	0.107843	-0.0171247	0.942624	0.333415	-0.108353	-0.33325	0.936592	-2.7331	-9.2244	57.8864	
0.993627	-0.021125	0.110725	-0.0179112	0.940214	0.340113	-0.11129	-0.339929	0.933843	-2.82695	-9.51204	58.6856	
0.993279	-0.0221827	0.113598	-0.0187189	0.937755	0.346792	-0.11422	-0.346588	0.931037	-2.92331	-9.80537	59.4824	
0.992923	-0.0232608	0.116463	-0.0195476	0.935249	0.353451	-0.117143	-0.353226	0.928175	-3.02216	-10.1044	60.2768	
0.992557	-0.0243592	0.119318	-0.0203973	0.932694	0.360091	-0.120058	-0.359844	0.925256	-3.12351	-10.4091	61.0688	
0.992183	-0.0254777	0.122163	-0.0212679	0.930092	0.36671	-0.122966	-0.366441	0.92228	-3.22735	-10.7194	61.8582	
0.9918	-0.0266165	0.124999	-0.0221595	0.927443	0.373308	-0.125865	-0.373017	0.919248	-3.33367	-11.0353	62.645	
0.991408	-0.0277753	0.127825	-0.0230719	0.924746	0.379885	-0.128757	-0.37957	0.91616	-3.44246	-11.3569	63.4292	
0.991007	-0.0289543	0.130642	-0.0240051	0.922002	0.38644	-0.131641	-0.386101	0.913015	-3.55372	-11.684	64.2108	
0.990597	-0.0301533	0.133448	-0.024959	0.919211	0.392973	-0.134516	-0.392608	0.909815	-3.66745	-12.0168	64.9896	
0.990178	-0.0313722	0.136245	-0.0259335	0.916374	0.399483	-0.137384	-0.399093	0.90656	-3.78362	-12.355	65.7657	
0.989751	-0.0326111	0.139031	-0.0269286	0.91349	0.40597	-0.140243	-0.405553	0.903249	-3.90225	-12.6988	66.539	
0.989315	-0.0338699	0.141808	-0.0279442	0.910559	0.412433	-0.143093	-0.411989	0.899883	-4.02331	-13.0482	67.3095	
0.98887	-0.0351485	0.144574	-0.0289802	0.907583	0.418872	-0.145935	-0.4184	0.896462	-4.1468	-13.403	68.077	
0.988416	-0.0364469	0.147329	-0.0300367	0.90456	0.425287	-0.148768	-0.424785	0.892987	-4.27272	-13.7632	68.8416	
0.987953	-0.0377651	0.150074	-0.0311134	0.901492	0.431676	-0.151593	-0.431145	0.889457	-4.40106	-14.129	69.6032	
0.986128	-0.0428672	0.160356	-0.0339284	0.893623	0.447534	-0.162483	-0.446766	0.879772	-4.53526	-14.5041	70.3591	
0.984176	-0.0481497	0.170524	-0.036938	0.885476	0.463214	-0.173298	-0.462183	0.869686	-4.67874	-14.8925	71.1067	
0.9821	-0.0536102	0.180571	-0.0401408	0.877055	0.47871	-0.184035	-0.47739	0.859203	-4.83142	-15.2939	71.8454	
0.979899	-0.0592461	0.190495	-0.0435352	0.868363	0.494015	-0.194687	-0.492378	0.848328	-4.99324	-15.7083	72.575	
0.977574	-0.065055	0.20029	-0.0471199	0.859404	0.509121	-0.205251	-0.507141	0.837066	-5.16413	-16.1354	73.2952	
0.975128	-0.0710341	0.209952	-0.050893	0.850183	0.524022	-0.215721	-0.521673	0.825422	-5.34401	-16.575	74.0055	
0.97256	-0.0771807	0.219476	-0.054853	0.840703	0.53871	-0.226092	-0.535967	0.813401	-5.53279	-17.0269	74.7058	
0.969873	-0.0834921	0.228858	-0.0589979	0.83097	0.55318	-0.23636	-0.550017	0.801009	-5.73039	-17.4909	75.3956	
0.967066	-0.0899653	0.238094	-0.063326	0.820987	0.567425	-0.246521	-0.563815	0.788251	-5.93672	-17.9669	76.0747	
0.964143	-0.0965974	0.24718	-0.0678351	0.810758	0.581437	-0.256569	-0.577356	0.775134	-6.15169	-18.4545	76.7427	
0.961103	-0.103385	0.256112	-0.0725234	0.80029	0.595212	-0.2665	-0.590634	0.761663	-6.37519	-18.9535	77.3993	
0.957948	-0.110326	0.264884	-0.0773885	0.789585	0.608741	-0.276309	-0.603642	0.747844	-6.60712	-19.4638	78.0443	
0.95468	-0.117416	0.273494	-0.0824284	0.77865	0.62202	-0.285992	-0.616374	0.733684	-6.84739	-19.9851	78.6774	
0.9513	-0.124653	0.281938	-0.0876407	0.76749	0.635042	-0.295544	-0.628825	0.719189	-7.09587	-20.5172	79.2982	
0.947811	-0.132033	0.290211	-0.093023	0.756108	0.647801	-0.304962	-0.640989	0.704366	-7.35246	-21.0598	79.9064	
