1	0	0	0	1	0	0	0	1	0	0	0	
0.999993	-4.69881e-06	-0.00381069	-4.69881e-06	0.999997	-0.00246611	0.00381069	0.00246611	0.99999	0.00159453	0.00103191	0.836866	
0.999971	-1.8799e-05	-0.00762096	-1.88103e-05	0.999988	-0.00493488	0.00762096	0.00493488	0.999959	0.00637793	0.00412874	1.67371	
0.999935	-4.2309e-05	-0.0114307	-4.23538e-05	0.999973	-0.00740626	0.0114307	0.00740627	0.999907	0.0143498	0.00929271	2.51053	
0.999884	-7.52364e-05	-0.0152398	-7.53486e-05	0.999951	-0.00988019	0.0152398	0.0098802	0.999835	0.0255097	0.016526	3.34729	
0.999819	-0.000117589	-0.0190483	-0.000117813	0.999924	-0.0123566	0.0190483	0.0123566	0.999742	0.0398571	0.0258306	4.18398	
0.999739	-0.000169374	-0.0228559	-0.000169767	0.99989	-0.0148355	0.0228559	0.0148355	0.999629	0.0573912	0.0372087	5.02059	
0.999644	-0.000230598	-0.0266626	-0.000231227	0.99985	-0.0173167	0.0266626	0.0173167	0.999494	0.0781115	0.0506623	5.85709	
0.999536	-0.000301268	-0.0304684	-0.000302211	0.999804	-0.0198002	0.0304684	0.0198002	0.99934	0.102017	0.0661933	6.69348	
0.999412	-0.000381389	-0.034273	-0.000382737	0.999752	-0.0222859	0.034273	0.022286	0.999164	0.129107	0.0838036	7.52972	
0.999275	-0.000470969	-0.0380765	-0.000472821	0.999693	-0.0247739	0.0380765	0.0247739	0.998968	0.159381	0.103495	8.36581	
0.999123	-0.000570011	-0.0418787	-0.000572482	0.999628	-0.0272639	0.0418787	0.027264	0.998751	0.192837	0.12527	9.20172	
0.998956	-0.000678522	-0.0456795	-0.000681734	0.999557	-0.0297561	0.0456795	0.0297561	0.998513	0.229474	0.149129	10.0374	
0.998775	-0.000796505	-0.0494789	-0.000800595	0.99948	-0.0322502	0.0494789	0.0322503	0.998254	0.269292	0.175075	10.873	
0.998579	-0.000923967	-0.0532768	-0.000929079	0.999396	-0.0347462	0.0532767	0.0347464	0.997975	0.312288	0.203108	11.7083	
0.998369	-0.00106091	-0.0570729	-0.0010672	0.999306	-0.0372442	0.0570728	0.0372444	0.997675	0.358462	0.233232	12.5433	
0.998145	-0.00120734	-0.0608674	-0.00121498	0.999209	-0.0397439	0.0608672	0.0397442	0.997354	0.407813	0.265446	13.3781	
0.997906	-0.00136325	-0.06466	-0.00137243	0.999106	-0.0422454	0.0646598	0.0422457	0.997013	0.460338	0.299754	14.2126	
0.997653	-0.00152866	-0.0684507	-0.00153956	0.998997	-0.0447486	0.0684504	0.044749	0.99665	0.516036	0.336156	15.0468	
0.997386	-0.00170357	-0.0722393	-0.00171638	0.998881	-0.0472534	0.072239	0.0472539	0.996267	0.574905	0.374653	15.8807	
0.997104	-0.00188797	-0.0760259	-0.00190292	0.998759	-0.0497598	0.0760255	0.0497604	0.995863	0.636944	0.415247	16.7143	
0.996808	-0.00208187	-0.0798102	-0.00209918	0.998631	-0.0522677	0.0798098	0.0522684	0.995439	0.702151	0.457939	17.5475	
0.996497	-0.00228527	-0.0835923	-0.00230518	0.998496	-0.054777	0.0835917	0.0547779	0.994993	0.770524	0.502731	18.3804	
0.996173	-0.00249817	-0.0873719	-0.00252093	0.998355	-0.0572878	0.0873713	0.0572887	0.994527	0.842061	0.549624	19.2129	
0.995834	-0.00272058	-0.0911491	-0.00274644	0.998207	-0.0597998	0.0911483	0.059801	0.99404	0.91676	0.598618	20.045	
0.99548	-0.00295249	-0.0949237	-0.00298173	0.998052	-0.062313	0.0949228	0.0623144	0.993532	0.994618	0.649716	20.8767	
0.995113	-0.0031939	-0.0986957	-0.0032268	0.997891	-0.0648275	0.0986946	0.0648291	0.993004	1.07563	0.702917	21.7079	
0.994731	-0.00344482	-0.102465	-0.00348167	0.997724	-0.0673431	0.102464	0.067345	0.992454	1.15981	0.758223	22.5387	
0.994335	-0.00370524	-0.106231	-0.00374635	0.99755	-0.0698597	0.10623	0.0698619	0.991884	1.24713	0.815636	23.369	
0.993924	-0.00397517	-0.109995	-0.00402084	0.997369	-0.0723774	0.109993	0.0723799	0.991293	1.33761	0.875154	24.1988	
0.9935	-0.0042546	-0.113755	-0.00430516	0.997182	-0.074896	0.113753	0.0748989	0.990682	1.43123	0.936781	25.0282	
0.993061	-0.00454353	-0.117512	-0.00459933	0.996988	-0.0774154	0.11751	0.0774187	0.990049	1.528	1.00052	25.857	
0.992608	-0.00484196	-0.121266	-0.00490334	0.996788	-0.0799357	0.121264	0.0799394	0.989396	1.62791	1.06636	26.6852	
0.992141	-0.0051499	-0.125017	-0.00521721	0.996581	-0.0824567	0.125014	0.0824609	0.988722	1.73096	1.13431	27.5129	
0.99166	-0.00546732	-0.128764	-0.00554094	0.996367	-0.0849784	0.128761	0.0849832	0.988028	1.83715	1.20438	28.3401	
0.991165	-0.00579424	-0.132508	-0.00587455	0.996147	-0.0875007	0.132505	0.087506	0.987312	1.94647	1.27655	29.1666	
0.990656	-0.00613065	-0.136249	-0.00621805	0.99592	-0.0900236	0.136245	0.0900295	0.986576	2.05893	1.35084	29.9926	
0.990132	-0.00647655	-0.139985	-0.00657143	0.995687	-0.0925469	0.139981	0.0925536	0.985819	2.17451	1.42724	30.8179	
0.989595	-0.00683193	-0.143718	-0.00693471	0.995446	-0.0950707	0.143713	0.0950781	0.985041	2.29322	1.50575	31.6426	
0.989044	-0.0071968	-0.147447	-0.0073079	0.995199	-0.0975948	0.147442	0.0976031	0.984243	2.41505	1.58638	32.4666	
0.988478	-0.00757114	-0.151172	-0.007691	0.994946	-0.100119	0.151166	0.100128	0.983424	2.53999	1.66911	33.2899	
0.987899	-0.00795495	-0.154893	-0.00808402	0.994685	-0.102644	0.154887	0.102654	0.982584	2.66806	1.75397	34.1126	
0.987306	-0.00834822	-0.15861	-0.00848697	0.994418	-0.105169	0.158603	0.10518	0.981724	2.79923	1.84093	34.9345	
0.986699	-0.00875096	-0.162323	-0.00889984	0.994144	-0.107694	0.162315	0.107706	0.980843	2.93352	1.93001	35.7557	
0.986078	-0.00916316	-0.166032	-0.00932266	0.993864	-0.110219	0.166023	0.110232	0.979941	3.0709	2.0212	36.5762	
0.985443	-0.00958481	-0.169736	-0.00975541	0.993576	-0.112744	0.169726	0.112758	0.979019	3.21139	2.11451	37.3959	
0.984794	-0.0100159	-0.173436	-0.0101981	0.993282	-0.115268	0.173425	0.115284	0.978076	3.35498	2.20993	38.2148	
0.984132	-0.0104564	-0.177131	-0.0106508	0.992981	-0.117793	0.177119	0.117811	0.977113	3.50166	2.30747	39.0329	
0.983456	-0.0109064	-0.180821	-0.0111134	0.992673	-0.120318	0.180809	0.120337	0.976129	3.65143	2.40711	39.8502	
0.982765	-0.0113658	-0.184507	-0.0115859	0.992359	-0.122842	0.184493	0.122862	0.975124	3.80428	2.50888	40.6667	
0.982062	-0.0118346	-0.188188	-0.0120685	0.992037	-0.125366	0.188173	0.125388	0.974099	3.96022	2.61275	41.4823	
0.981344	-0.0123128	-0.191864	-0.0125609	0.991709	-0.127889	0.191848	0.127913	0.973053	4.11924	2.71874	42.2971	
0.980613	-0.0128004	-0.195535	-0.0130634	0.991374	-0.130412	0.195518	0.130438	0.971987	4.28132	2.82685	43.111	
0.979868	-0.0132974	-0.199201	-0.0135758	0.991032	-0.132934	0.199182	0.132963	0.9709	4.44648	2.93706	43.9239	
0.97911	-0.0138038	-0.202862	-0.0140982	0.990683	-0.135456	0.202842	0.135487	0.969793	4.6147	3.04939	44.736	
0.978338	-0.0143196	-0.206518	-0.0146306	0.990327	-0.137977	0.206496	0.13801	0.968665	4.78598	3.16383	45.5471	
0.977553	-0.0148447	-0.210168	-0.015173	0.989965	-0.140498	0.210145	0.140533	0.967517	4.96032	3.28038	46.3573	
0.976754	-0.0153792	-0.213813	-0.0157253	0.989595	-0.143017	0.213788	0.143055	0.966349	5.13771	3.39905	47.1665	
0.976005	-0.0158856	-0.217166	-0.0169469	0.988768	-0.148492	0.217085	0.14861	0.964774	5.318	3.52109	47.9745	
0.975244	-0.0164124	-0.22052	-0.0181878	0.987909	-0.153961	0.220381	0.154161	0.963155	5.50105	3.64778	48.7812	
0.97447	-0.0169598	-0.223877	-0.0194481	0.987019	-0.159424	0.223674	0.159707	0.96149	5.68686	3.77911	49.5866	
0.973682	-0.0175276	-0.227234	-0.0207277	0.986096	-0.164879	0.226964	0.16525	0.959781	5.87542	3.91509	50.3905	
0.972882	-0.018116	-0.230592	-0.0220265	0.985141	-0.170327	0.230251	0.170787	0.958027	6.06674	4.0557	51.193	
0.972068	-0.0187249	-0.23395	-0.0233445	0.984155	-0.175767	0.233534	0.176319	0.956229	6.2608	4.20094	51.994	
0.971242	-0.0193543	-0.237307	-0.0246818	0.983137	-0.181199	0.236813	0.181845	0.954386	6.45761	4.35081	52.7934	
0.970402	-0.0200042	-0.240664	-0.0260382	0.982087	-0.186623	0.240086	0.187365	0.952498	6.65716	4.5053	53.5913	
0.96955	-0.0206747	-0.24402	-0.0274137	0.981005	-0.192037	0.243355	0.192879	0.950566	6.85945	4.66441	54.3877	
0.968684	-0.0213657	-0.247374	-0.0288082	0.979891	-0.197443	0.246618	0.198386	0.94859	7.06448	4.82813	55.1823	
0.967806	-0.0220772	-0.250726	-0.0302218	0.978746	-0.202838	0.249875	0.203886	0.946569	7.27223	4.99645	55.9753	
0.966916	-0.0228091	-0.254075	-0.0316543	0.977569	-0.208224	0.253125	0.209378	0.944504	7.4827	5.16938	56.7666	
0.966012	-0.0235614	-0.257421	-0.0331058	0.97636	-0.2136	0.256368	0.214862	0.942396	7.69589	5.34689	57.5562	
0.965096	-0.0243341	-0.260764	-0.0345761	0.97512	-0.218964	0.259604	0.220338	0.940243	7.91179	5.529	58.3439	
0.964167	-0.0251272	-0.264102	-0.0360652	0.973848	-0.224318	0.262832	0.225805	0.938047	8.1304	5.71568	59.1299	
0.963226	-0.0259405	-0.267437	-0.037573	0.972545	-0.22966	0.266052	0.231263	0.935807	8.3517	5.90693	59.914	
0.962273	-0.026774	-0.270766	-0.0390994	0.971211	-0.23499	0.269263	0.236712	0.933523	8.5757	6.10275	60.6962	
0.961307	-0.0276276	-0.27409	-0.0406445	0.969845	-0.240309	0.272464	0.242151	0.931196	8.80237	6.30312	61.4764	
0.960329	-0.0285013	-0.277409	-0.042208	0.968448	-0.245615	0.275656	0.24758	0.928826	9.03173	6.50804	62.2547	
0.959339	-0.029395	-0.280721	-0.04379	0.96702	-0.250908	0.278838	0.252998	0.926413	9.26375	6.7175	63.031	
0.958337	-0.0303087	-0.284027	-0.0453903	0.965561	-0.256187	0.28201	0.258406	0.923957	9.49843	6.93149	63.8053	
0.957323	-0.0312421	-0.287325	-0.0470089	0.964071	-0.261454	0.28517	0.263803	0.921459	9.73576	7.15	64.5775	
0.956298	-0.0321953	-0.290617	-0.0486456	0.962549	-0.266706	0.28832	0.269188	0.918918	9.97572	7.37303	65.3476	
0.955261	-0.0331681	-0.2939	-0.0503005	0.960997	-0.271945	0.291457	0.274561	0.916335	10.2183	7.60055	66.1155	
0.954212	-0.0341603	-0.297175	-0.0519733	0.959415	-0.277168	0.294582	0.279922	0.913709	10.4635	7.83257	66.8812	
0.953152	-0.035172	-0.300441	-0.053664	0.957801	-0.282377	0.297695	0.285271	0.911042	10.7114	8.06906	67.6448	
0.95208	-0.036203	-0.303698	-0.0553726	0.956157	-0.287571	0.300794	0.290607	0.908334	10.9618	8.31003	68.4061	
0.950998	-0.0372531	-0.306946	-0.0570988	0.954483	-0.29275	0.30388	0.29593	0.905584	11.2148	8.55546	69.1651	
0.949904	-0.0383223	-0.310184	-0.0588426	0.952778	-0.297912	0.306953	0.30124	0.902793	11.4704	8.80534	69.9218	
0.950263	-0.0379564	-0.309126	-0.0652295	0.946278	-0.316708	0.30454	0.32112	0.896737	11.7263	9.06576	70.6748	
0.95062	-0.0375673	-0.308075	-0.0715645	0.939363	-0.335373	0.301994	0.340859	0.890289	11.9801	9.34277	71.4226	
0.950973	-0.037155	-0.307033	-0.077845	0.932039	-0.353899	0.299315	0.360449	0.883452	12.2317	9.63623	72.1648	
0.951324	-0.0367199	-0.305998	-0.0840682	0.924306	-0.372278	0.296506	0.379882	0.876227	12.481	9.94602	72.9011	
0.951671	-0.0362619	-0.304973	-0.0902313	0.916169	-0.390503	0.293567	0.399148	0.868619	12.728	10.272	73.6313	
0.952014	-0.0357815	-0.303956	-0.0963317	0.907632	-0.408564	0.290499	0.418239	0.860631	12.9724	10.614	74.3549	
0.952354	-0.0352786	-0.302949	-0.102367	0.898698	-0.426455	0.287304	0.437148	0.852266	13.2141	10.972	75.0716	
0.952689	-0.0347537	-0.301952	-0.108334	0.88937	-0.444167	0.283984	0.455865	0.843529	13.4532	11.3457	75.7812	
0.953021	-0.0342069	-0.300966	-0.11423	0.879654	-0.461693	0.280539	0.474382	0.834422	13.6894	11.7349	76.4834	
0.953349	-0.0336384	-0.299991	-0.120053	0.869553	-0.479024	0.276971	0.492692	0.824949	13.9227	12.1396	77.1777	
0.953672	-0.0330485	-0.299027	-0.1258	0.859072	-0.496154	0.273283	0.510786	0.815116	14.153	12.5595	77.864	
0.953991	-0.0324375	-0.298074	-0.131469	0.848216	-0.513075	0.269474	0.528657	0.804926	14.3801	12.9945	78.5419	
0.954306	-0.0318057	-0.297134	-0.137057	0.836988	-0.529779	0.265548	0.546296	0.794383	14.604	13.4443	79.2112	
