1	0	0	0	1	0	0	0	1	0	0	0	
0.999998	4.1641e-06	-0.00216932	4.1641e-06	0.999993	0.00383907	0.00216932	-0.00383907	0.99999	0.000988246	-0.00174891	0.911108	
0.999991	1.66811e-05	-0.00434237	1.66726e-05	0.999971	0.00768084	0.00434237	-0.00768084	0.999961	0.00395469	-0.00699688	1.8222	
0.999979	3.75856e-05	-0.0065191	3.75515e-05	0.999934	0.0115252	0.0065191	-0.0115252	0.999912	0.0089027	-0.0157463	2.73325	
0.999962	6.69115e-05	-0.00869943	6.68263e-05	0.999882	0.015372	0.00869943	-0.015372	0.999844	0.0158356	-0.0279995	3.64426	
0.999941	0.000104692	-0.0108833	0.000104522	0.999815	0.0192211	0.0108833	-0.0192211	0.999756	0.0247566	-0.0437585	4.55519	
0.999915	0.000150961	-0.0130706	0.000150662	0.999734	0.0230723	0.0130706	-0.0230723	0.999648	0.035669	-0.0630255	5.46603	
0.999884	0.000205749	-0.0152613	0.000205271	0.999637	0.0269257	0.0152613	-0.0269257	0.999521	0.0485758	-0.0858024	6.37676	
0.999848	0.000269089	-0.0174554	0.000268371	0.999526	0.0307809	0.0174554	-0.0307809	0.999374	0.0634801	-0.112091	7.28737	
0.999807	0.000341012	-0.0196527	0.000339986	0.9994	0.0346379	0.0196527	-0.0346379	0.999207	0.0803849	-0.141893	8.19784	
0.999761	0.000421549	-0.0218531	0.000420136	0.999259	0.0384967	0.0218532	-0.0384966	0.99902	0.0992932	-0.17521	9.10814	
0.99971	0.000510729	-0.0240567	0.000508844	0.999102	0.0423569	0.0240568	-0.0423569	0.998813	0.120208	-0.212043	10.0183	
0.999655	0.000608583	-0.0262633	0.00060613	0.998931	0.0462185	0.0262634	-0.0462185	0.998586	0.143131	-0.252394	10.9282	
0.999594	0.000715138	-0.0284729	0.000712014	0.998745	0.0500815	0.028473	-0.0500814	0.998339	0.168067	-0.296264	11.8379	
0.999529	0.000830423	-0.0306854	0.000826515	0.998544	0.0539455	0.0306855	-0.0539455	0.998072	0.195017	-0.343654	12.7474	
0.999458	0.000954467	-0.0329007	0.000949653	0.998327	0.0578106	0.0329008	-0.0578105	0.997785	0.223984	-0.394566	13.6566	
0.999383	0.0010873	-0.0351188	0.00108145	0.998096	0.0616766	0.0351189	-0.0616765	0.997478	0.254971	-0.448999	14.5656	
0.999302	0.00122894	-0.0373395	0.00122191	0.997849	0.0655433	0.0373397	-0.0655432	0.997151	0.28798	-0.506954	15.4742	
0.999216	0.00137942	-0.0395628	0.00137107	0.997587	0.0694107	0.0395631	-0.0694105	0.996803	0.323014	-0.568433	16.3826	
0.999125	0.00153876	-0.0417887	0.00152893	0.99731	0.0732785	0.0417891	-0.0732783	0.996436	0.360074	-0.633436	17.2906	
0.999029	0.00170699	-0.0440171	0.00169552	0.997018	0.0771467	0.0440175	-0.0771465	0.996048	0.399164	-0.701963	18.1983	
0.998928	0.00188414	-0.0462478	0.00187084	0.996711	0.0810152	0.0462484	-0.0810149	0.995639	0.440285	-0.774014	19.1056	
0.998822	0.00207022	-0.0484809	0.00205492	0.996389	0.0848838	0.0484815	-0.0848835	0.995211	0.48344	-0.849591	20.0126	
0.998711	0.00226526	-0.0507162	0.00224777	0.996051	0.0887524	0.050717	-0.088752	0.994762	0.52863	-0.928691	20.9191	
0.998594	0.00246929	-0.0529537	0.0024494	0.995698	0.0926209	0.0529546	-0.0926203	0.994292	0.575859	-1.01132	21.8252	
0.998472	0.00268232	-0.0551933	0.00265982	0.99533	0.0964891	0.0551944	-0.0964884	0.993803	0.625126	-1.09747	22.7309	
0.998345	0.00290438	-0.0574349	0.00287905	0.994947	0.100357	0.0574362	-0.100356	0.993292	0.676436	-1.18714	23.6362	
0.998213	0.00313548	-0.0596785	0.0031071	0.994549	0.104224	0.0596799	-0.104223	0.992762	0.729789	-1.28034	24.5409	
0.998075	0.00337566	-0.0619239	0.00334398	0.994135	0.108091	0.0619256	-0.10809	0.992211	0.785187	-1.37706	25.4452	
0.997932	0.00362492	-0.0641712	0.0035897	0.993707	0.111957	0.0641732	-0.111955	0.991639	0.842632	-1.4773	26.349	
0.997784	0.00388329	-0.0664202	0.00384428	0.993263	0.115822	0.0664225	-0.11582	0.991047	0.902126	-1.58107	27.2522	
0.997631	0.00415079	-0.0686709	0.00410772	0.992803	0.119686	0.0686734	-0.119684	0.990434	0.96367	-1.68835	28.1549	
0.997472	0.00442743	-0.0709231	0.00438003	0.992329	0.123548	0.0709261	-0.123547	0.989801	1.02727	-1.79916	29.057	
0.997308	0.00471324	-0.0731769	0.00466123	0.991839	0.12741	0.0731802	-0.127408	0.989147	1.09291	-1.91348	29.9585	
0.997138	0.00500822	-0.0754321	0.00495131	0.991334	0.13127	0.0754359	-0.131268	0.988473	1.16062	-2.03132	30.8594	
0.996964	0.0053124	-0.0776887	0.00525029	0.990814	0.135128	0.0776929	-0.135126	0.987778	1.23038	-2.15268	31.7597	
0.996783	0.0056258	-0.0799466	0.00555818	0.990279	0.138985	0.0799513	-0.138983	0.987062	1.30219	-2.27755	32.6593	
0.996598	0.00594842	-0.0822057	0.00587497	0.989728	0.142841	0.0822109	-0.142838	0.986326	1.37607	-2.40594	33.5583	
0.996407	0.00628029	-0.0844659	0.00620068	0.989163	0.146694	0.0844718	-0.14669	0.985569	1.452	-2.53783	34.4566	
0.99621	0.00662141	-0.0867272	0.00653532	0.988582	0.150545	0.0867338	-0.150541	0.984792	1.52999	-2.67324	35.3543	
0.996008	0.00697181	-0.0889896	0.00687888	0.987985	0.154394	0.0889968	-0.15439	0.983994	1.61005	-2.81215	36.2511	
0.995801	0.00733149	-0.0912528	0.00723137	0.987374	0.158241	0.0912608	-0.158236	0.983175	1.69217	-2.95457	37.1473	
0.995588	0.00770046	-0.0935169	0.0075928	0.986748	0.162085	0.0935257	-0.16208	0.982335	1.77635	-3.10049	38.0427	
0.99537	0.00807875	-0.0957818	0.00796317	0.986106	0.165927	0.0957914	-0.165922	0.981475	1.86259	-3.24992	38.9373	
0.995146	0.00846636	-0.0980473	0.00834248	0.985449	0.169766	0.098058	-0.16976	0.980595	1.9509	-3.40284	39.8312	
0.994916	0.00886329	-0.100314	0.00873074	0.984777	0.173603	0.100325	-0.173596	0.979693	2.04127	-3.55926	40.7242	
0.994682	0.00926958	-0.10258	0.00912794	0.98409	0.177436	0.102593	-0.177429	0.978771	2.13372	-3.71917	41.6164	
0.994441	0.00968521	-0.104848	0.00953409	0.983388	0.181267	0.104861	-0.181259	0.977829	2.22822	-3.88257	42.5077	
0.994195	0.0101102	-0.107115	0.00994918	0.98267	0.185094	0.10713	-0.185086	0.976866	2.3248	-4.04946	43.3982	
0.993944	0.0105446	-0.109383	0.0103732	0.981938	0.188919	0.1094	-0.188909	0.975882	2.42344	-4.21984	44.2878	
0.993687	0.0109883	-0.111651	0.0108062	0.98119	0.19274	0.111669	-0.192729	0.974877	2.52415	-4.39369	45.1765	
0.993424	0.0114415	-0.11392	0.0112482	0.980428	0.196557	0.113939	-0.196546	0.973852	2.62692	-4.57103	46.0642	
0.993156	0.011904	-0.116188	0.011699	0.97965	0.200371	0.116209	-0.200358	0.972806	2.73177	-4.75184	46.951	
0.992882	0.0123759	-0.118457	0.0121589	0.978858	0.204181	0.118479	-0.204167	0.97174	2.83868	-4.93613	47.8369	
0.992603	0.0128572	-0.120725	0.0126276	0.97805	0.207987	0.12075	-0.207973	0.970653	2.94767	-5.12388	48.7217	
0.992318	0.013348	-0.122994	0.0131053	0.977228	0.211789	0.12302	-0.211774	0.969545	3.05872	-5.3151	49.6056	
0.992027	0.0138482	-0.125262	0.013592	0.97639	0.215587	0.12529	-0.215571	0.968417	3.17184	-5.50978	50.4885	
0.991731	0.0143577	-0.12753	0.0140876	0.975538	0.219381	0.12756	-0.219363	0.967268	3.28702	-5.70792	51.3703	
0.991429	0.0148768	-0.129797	0.0145921	0.97467	0.22317	0.12983	-0.223151	0.966099	3.40428	-5.90951	52.251	
0.991121	0.0154052	-0.132065	0.0151055	0.973788	0.226955	0.132099	-0.226935	0.964909	3.5236	-6.11455	53.1307	
0.990808	0.0159431	-0.134331	0.0156278	0.972891	0.230736	0.134368	-0.230714	0.963699	3.64499	-6.32303	54.0093	
0.990041	0.0172422	-0.13972	0.0160503	0.972176	0.233703	0.139862	-0.233618	0.962217	3.76992	-6.53456	54.8867	
0.989242	0.0185585	-0.145103	0.0164907	0.97145	0.236672	0.145353	-0.236519	0.960693	3.89985	-6.74873	55.7627	
0.988413	0.0198919	-0.150482	0.0169491	0.970713	0.239643	0.150842	-0.239417	0.959128	4.03479	-6.96555	56.6373	
0.987551	0.0212425	-0.155856	0.0174254	0.969966	0.242615	0.156328	-0.242311	0.957521	4.17472	-7.185	57.5104	
0.986659	0.02261	-0.161223	0.0179198	0.969209	0.245588	0.161812	-0.245201	0.955873	4.31965	-7.40709	58.3821	
0.985735	0.0239945	-0.166584	0.0184321	0.968441	0.248562	0.167291	-0.248087	0.954184	4.46958	-7.63181	59.2522	
0.98478	0.0253959	-0.171938	0.0189623	0.967662	0.251535	0.172766	-0.250967	0.952453	4.62449	-7.85916	60.1208	
0.983794	0.0268142	-0.177285	0.0195105	0.966874	0.254507	0.178237	-0.253842	0.950682	4.78439	-8.08913	60.9878	
0.982777	0.0282492	-0.182624	0.0200766	0.966076	0.257478	0.183702	-0.25671	0.94887	4.94928	-8.32172	61.8531	
0.981728	0.0297009	-0.187955	0.0206605	0.965267	0.260447	0.189162	-0.259571	0.947017	5.11914	-8.55691	62.7168	
0.980649	0.0311691	-0.193277	0.0212621	0.964449	0.263413	0.194616	-0.262425	0.945123	5.29397	-8.79471	63.5788	
0.979539	0.0326539	-0.19859	0.0218815	0.963621	0.266377	0.200064	-0.265272	0.943189	5.47377	-9.03511	64.439	
0.978397	0.034155	-0.203894	0.0225186	0.962783	0.269336	0.205504	-0.268109	0.941215	5.65853	-9.27809	65.2975	
0.977225	0.0356725	-0.209187	0.0231732	0.961935	0.272292	0.210938	-0.270938	0.939201	5.84824	-9.52366	66.1541	
0.976022	0.0372062	-0.21447	0.0238453	0.961079	0.275244	0.216364	-0.273758	0.937146	6.0429	-9.7718	67.0089	
0.974788	0.038756	-0.219743	0.0245348	0.960213	0.27819	0.221781	-0.276567	0.935053	6.2425	-10.0225	67.8618	
0.973523	0.0403217	-0.225004	0.0252416	0.959338	0.281131	0.22719	-0.279367	0.93292	6.44703	-10.2758	68.7128	
0.972228	0.0419033	-0.230253	0.0259655	0.958453	0.284065	0.23259	-0.282155	0.930747	6.65649	-10.5316	69.5618	
0.970903	0.0435007	-0.23549	0.0267066	0.95756	0.286993	0.23798	-0.284931	0.928536	6.87086	-10.7899	70.4088	
0.96539	0.0497475	-0.256023	0.0253951	0.959046	0.282108	0.259572	-0.278846	0.92459	7.09753	-11.0468	71.253	
0.9594	0.0558577	-0.276463	0.0239701	0.9605	0.277246	0.281029	-0.272616	0.920165	7.34382	-11.298	72.0934	
0.952936	0.0618284	-0.2968	0.0224323	0.96192	0.272407	0.302341	-0.266245	0.915262	7.60959	-11.5435	72.9296	
0.946002	0.0676563	-0.317023	0.0207826	0.963307	0.267596	0.323495	-0.259735	0.909884	7.8947	-11.7831	73.7611	
0.9386	0.0733385	-0.337121	0.0190219	0.964659	0.262815	0.344482	-0.253091	0.904034	8.19902	-12.0167	74.5875	
0.930736	0.078872	-0.357085	0.0171509	0.965975	0.258066	0.365289	-0.246315	0.897715	8.52237	-12.2442	75.4083	
0.922413	0.084254	-0.376904	0.0151708	0.967255	0.253351	0.385908	-0.239412	0.89093	8.8646	-12.4655	76.2232	
0.913635	0.0894815	-0.396567	0.0130825	0.968499	0.248673	0.406326	-0.232384	0.883684	9.22552	-12.6805	77.0316	
0.904406	0.094552	-0.416064	0.0108871	0.969705	0.244035	0.426533	-0.225236	0.875978	9.60495	-12.889	77.8333	
0.894733	0.0994629	-0.435385	0.00858581	0.970874	0.239438	0.446519	-0.217971	0.867818	10.0027	-13.0909	78.6277	
0.884619	0.104211	-0.454521	0.00617973	0.972003	0.234886	0.466274	-0.210593	0.859208	10.4185	-13.2861	79.4145	
0.87407	0.108795	-0.473461	0.00367013	0.973094	0.23038	0.485786	-0.203106	0.850153	10.8523	-13.4746	80.1933	
0.863091	0.113212	-0.492195	0.00105834	0.974145	0.225923	0.505047	-0.195513	0.840656	11.3037	-13.6562	80.9636	
0.851689	0.117459	-0.510715	-0.00165431	0.975155	0.221517	0.524045	-0.187819	0.830723	11.7725	-13.8308	81.725	
0.839868	0.121535	-0.529009	-0.00446639	0.976125	0.217165	0.542772	-0.180027	0.820359	12.2585	-13.9984	82.4772	
0.827636	0.125437	-0.547069	-0.00737646	0.977053	0.212869	0.561217	-0.172142	0.809569	12.7615	-14.1588	83.2197	
0.814998	0.129164	-0.564885	-0.010383	0.977939	0.20863	0.579371	-0.164168	0.79836	13.2811	-14.3121	83.9523	
0.801961	0.132712	-0.582448	-0.0134845	0.978784	0.204452	0.597224	-0.156109	0.786736	13.8171	-14.458	84.6744	
0.788532	0.136082	-0.599749	-0.0166792	0.979585	0.200336	0.614767	-0.147968	0.774704	14.3693	-14.5965	85.3858	
0.774718	0.13927	-0.616779	-0.0199656	0.980344	0.196285	0.631992	-0.139751	0.76227	14.9373	-14.7276	86.086	
