1	0	0	0	1	0	0	0	1	0	0	0	
0.999997	5.47305e-06	0.00263481	5.47305e-06	0.999991	-0.00415439	-0.00263481	0.00415439	0.999988	-0.00113976	0.00179709	0.865148	
0.999986	2.18916e-05	0.00526947	2.18921e-05	0.999965	-0.00830873	-0.00526947	0.00830873	0.999952	-0.00455897	0.00718835	1.73028	
0.999969	4.92545e-05	0.0079039	4.92567e-05	0.999922	-0.0124629	-0.0079039	0.0124629	0.999891	-0.0102575	0.0161737	2.59536	
0.999944	8.75606e-05	0.010538	8.75661e-05	0.999862	-0.0166169	-0.010538	0.0166169	0.999806	-0.018235	0.0287529	3.46038	
0.999913	0.000136808	0.0131718	0.000136819	0.999784	-0.0207705	-0.0131718	0.0207705	0.999697	-0.0284914	0.0449259	4.32532	
0.999875	0.000196996	0.0158052	0.000197015	0.999689	-0.0249237	-0.0158052	0.0249237	0.999564	-0.0410262	0.0646921	5.19016	
0.99983	0.000268121	0.0184381	0.000268152	0.999577	-0.0290763	-0.0184381	0.0290763	0.999407	-0.055839	0.0880513	6.05486	
0.999778	0.000350181	0.0210705	0.000350228	0.999448	-0.0332283	-0.0210705	0.0332283	0.999226	-0.0729296	0.115003	6.91943	
0.999719	0.000443174	0.0237023	0.000443241	0.999301	-0.0373796	-0.0237023	0.0373796	0.99902	-0.0922972	0.145546	7.78382	
0.999653	0.000547097	0.0263334	0.000547188	0.999137	-0.04153	-0.0263334	0.04153	0.99879	-0.113941	0.179681	8.64803	
0.99958	0.000661947	0.0289637	0.000662068	0.998956	-0.0456794	-0.0289637	0.0456794	0.998536	-0.137862	0.217405	9.51202	
0.9995	0.00078772	0.0315933	0.000787878	0.998758	-0.0498278	-0.0315933	0.0498279	0.998258	-0.164057	0.25872	10.3758	
0.999414	0.000924413	0.034222	0.000924613	0.998542	-0.0539751	-0.034222	0.0539751	0.997956	-0.192527	0.303622	11.2393	
0.99932	0.00107202	0.0368498	0.00107227	0.998309	-0.0581211	-0.0368498	0.0581211	0.997629	-0.223271	0.352113	12.1025	
0.99922	0.00123054	0.0394766	0.00123085	0.998059	-0.0622658	-0.0394766	0.0622658	0.997279	-0.256288	0.404189	12.9655	
0.999112	0.00139997	0.0421023	0.00140034	0.997792	-0.066409	-0.0421023	0.066409	0.996904	-0.291577	0.459851	13.8281	
0.998998	0.0015803	0.044727	0.00158075	0.997507	-0.0705507	-0.044727	0.0705507	0.996505	-0.329138	0.519096	14.6904	
0.998877	0.00177152	0.0473504	0.00177206	0.997205	-0.0746907	-0.0473504	0.0746907	0.996082	-0.368968	0.581924	15.5524	
0.998749	0.00197364	0.0499727	0.00197427	0.996886	-0.078829	-0.0499726	0.078829	0.995635	-0.411068	0.648334	16.414	
0.998614	0.00218665	0.0525936	0.00218738	0.99655	-0.0829654	-0.0525935	0.0829655	0.995164	-0.455436	0.718322	17.2751	
0.998472	0.00241053	0.0552131	0.00241138	0.996197	-0.0870999	-0.0552131	0.0871	0.994668	-0.50207	0.791888	18.1359	
0.998323	0.00264529	0.0578312	0.00264627	0.995826	-0.0912324	-0.0578312	0.0912324	0.994149	-0.550971	0.869031	18.9962	
0.998167	0.00289092	0.0604479	0.00289203	0.995438	-0.0953627	-0.0604478	0.0953627	0.993606	-0.602135	0.949747	19.8561	
0.998005	0.00314741	0.0630629	0.00314868	0.995034	-0.0994907	-0.0630629	0.0994907	0.993038	-0.655563	1.03404	20.7154	
0.997835	0.00341476	0.0656764	0.00341619	0.994611	-0.103616	-0.0656763	0.103616	0.992447	-0.711253	1.1219	21.5743	
0.997659	0.00369295	0.0682882	0.00369456	0.994172	-0.10774	-0.0682881	0.10774	0.991831	-0.769203	1.21332	22.4327	
0.997476	0.00398199	0.0708982	0.00398379	0.993716	-0.11186	-0.0708981	0.11186	0.991192	-0.829411	1.30832	23.2905	
0.997286	0.00428185	0.0735064	0.00428386	0.993243	-0.115978	-0.0735063	0.115978	0.990528	-0.891877	1.40688	24.1477	
0.997089	0.00459255	0.0761127	0.00459478	0.992752	-0.120094	-0.0761126	0.120094	0.989841	-0.956599	1.50899	25.0044	
0.996885	0.00491405	0.0787171	0.00491652	0.992244	-0.124206	-0.078717	0.124206	0.989129	-1.02357	1.61467	25.8604	
0.996674	0.00524637	0.0813196	0.0052491	0.991719	-0.128316	-0.0813194	0.128316	0.988394	-1.0928	1.72391	26.7159	
0.996457	0.00558949	0.0839199	0.00559248	0.991178	-0.132422	-0.0839197	0.132422	0.987634	-1.16428	1.8367	27.5706	
0.996233	0.0059434	0.0865181	0.00594668	0.990619	-0.136525	-0.0865179	0.136525	0.986851	-1.23801	1.95304	28.4248	
0.996001	0.00630809	0.0891142	0.00631168	0.990043	-0.140625	-0.0891139	0.140626	0.986044	-1.31398	2.07293	29.2782	
0.995764	0.00668355	0.091708	0.00668747	0.98945	-0.144722	-0.0917077	0.144722	0.985213	-1.3922	2.19636	30.1309	
0.995519	0.00706977	0.0942994	0.00707404	0.98884	-0.148815	-0.0942991	0.148816	0.984358	-1.47266	2.32334	30.9829	
0.995267	0.00746675	0.0968886	0.00747138	0.988213	-0.152905	-0.0968882	0.152905	0.98348	-1.55537	2.45386	31.8341	
0.995009	0.00787447	0.0994752	0.00787948	0.987569	-0.156991	-0.0994748	0.156991	0.982577	-1.64031	2.58791	32.6846	
0.994744	0.00829292	0.102059	0.00829834	0.986908	-0.161074	-0.102059	0.161074	0.981651	-1.72749	2.7255	33.5343	
0.994472	0.0087221	0.104641	0.00872794	0.986229	-0.165152	-0.104641	0.165152	0.980701	-1.8169	2.86662	34.3832	
0.994193	0.00916198	0.10722	0.00916827	0.985535	-0.169227	-0.107219	0.169227	0.979728	-1.90855	3.01126	35.2312	
0.993908	0.00961256	0.109796	0.00961932	0.984823	-0.173297	-0.109796	0.173298	0.97873	-2.00242	3.15943	36.0784	
0.993615	0.0100738	0.11237	0.0100811	0.984094	-0.177364	-0.112369	0.177364	0.977709	-2.09853	3.31112	36.9247	
0.993316	0.0105458	0.114941	0.0105535	0.983348	-0.181426	-0.11494	0.181426	0.976664	-2.19685	3.46632	37.7701	
0.993011	0.0110284	0.117508	0.0110367	0.982585	-0.185484	-0.117508	0.185484	0.975596	-2.29741	3.62504	38.6146	
0.992698	0.0115216	0.120073	0.0115305	0.981806	-0.189537	-0.120073	0.189537	0.974504	-2.40018	3.78726	39.4582	
0.992379	0.0120255	0.122635	0.012035	0.98101	-0.193586	-0.122634	0.193586	0.973388	-2.50517	3.95299	40.3008	
0.992053	0.0125401	0.125194	0.0125501	0.980196	-0.19763	-0.125193	0.197631	0.972249	-2.61237	4.12223	41.1424	
0.99172	0.0130652	0.12775	0.0130759	0.979366	-0.201669	-0.127749	0.20167	0.971087	-2.72179	4.29495	41.9831	
0.991381	0.0136009	0.130303	0.0136123	0.97852	-0.205704	-0.130301	0.205705	0.969901	-2.83341	4.47117	42.8227	
0.991035	0.0141473	0.132852	0.0141593	0.977656	-0.209734	-0.132851	0.209735	0.968691	-2.94725	4.65088	43.6613	
0.990682	0.0147042	0.135398	0.0147169	0.976776	-0.213759	-0.135397	0.21376	0.967458	-3.06329	4.83408	44.4988	
0.990323	0.0152716	0.137941	0.0152851	0.975879	-0.217778	-0.137939	0.217779	0.966201	-3.18152	5.02075	45.3353	
0.989957	0.0158496	0.14048	0.0158639	0.974965	-0.221793	-0.140478	0.221794	0.964921	-3.30196	5.2109	46.1706	
0.989584	0.0164381	0.143016	0.0164532	0.974034	-0.225802	-0.143014	0.225803	0.963618	-3.42459	5.40452	47.0049	
0.989205	0.0170372	0.145548	0.0170531	0.973087	-0.229805	-0.145546	0.229807	0.962292	-3.54942	5.60161	47.838	
0.988818	0.0176467	0.148076	0.0176635	0.972123	-0.233804	-0.148074	0.233805	0.960942	-3.67643	5.80215	48.6699	
0.988426	0.0182667	0.150601	0.0182844	0.971143	-0.237796	-0.150599	0.237798	0.959569	-3.80563	6.00616	49.5007	
0.987824	0.0192182	0.154382	0.01936	0.969442	-0.244557	-0.154364	0.244568	0.957266	-3.93755	6.21482	50.3299	
0.987208	0.0201966	0.158155	0.020462	0.967693	-0.2513	-0.158121	0.251322	0.954901	-4.07272	6.42933	51.157	
0.986576	0.0212019	0.161919	0.0215905	0.965897	-0.258026	-0.161868	0.258059	0.952473	-4.21115	6.64968	51.9821	
0.98593	0.022234	0.165675	0.0227452	0.964053	-0.264735	-0.165605	0.264778	0.949983	-4.3528	6.87584	52.8051	
0.985268	0.0232929	0.169422	0.0239261	0.962162	-0.271425	-0.169333	0.27148	0.947431	-4.49769	7.10782	53.6259	
0.984592	0.0243785	0.173159	0.0251333	0.960224	-0.278096	-0.173051	0.278164	0.944817	-4.6458	7.34558	54.4444	
0.983901	0.0254908	0.176887	0.0263665	0.958239	-0.284749	-0.176759	0.284829	0.942141	-4.79712	7.58912	55.2607	
0.983195	0.0266296	0.180605	0.0276258	0.956208	-0.291382	-0.180455	0.291475	0.939403	-4.95164	7.83842	56.0746	
0.982475	0.0277949	0.184313	0.028911	0.95413	-0.297995	-0.184141	0.298101	0.936604	-5.10936	8.09345	56.8861	
0.981739	0.0289866	0.18801	0.0302221	0.952005	-0.304588	-0.187816	0.304708	0.933744	-5.27026	8.35421	57.6952	
0.980989	0.0302046	0.191697	0.031559	0.949834	-0.31116	-0.191479	0.311294	0.930823	-5.43433	8.62068	58.5017	
0.980225	0.0314489	0.195373	0.0329216	0.947616	-0.31771	-0.19513	0.31786	0.927841	-5.60157	8.89284	59.3058	
0.979445	0.0327194	0.199038	0.0343099	0.945353	-0.32424	-0.19877	0.324404	0.924799	-5.77196	9.17067	60.1072	
0.978652	0.0340159	0.202691	0.0357237	0.943043	-0.330747	-0.202397	0.330927	0.921696	-5.9455	9.45415	60.9059	
0.977844	0.0353384	0.206332	0.0371629	0.940688	-0.337232	-0.206011	0.337428	0.918532	-6.12217	9.74327	61.702	
0.977021	0.0366867	0.209961	0.0386275	0.938287	-0.343694	-0.209613	0.343907	0.915309	-6.30196	10.038	62.4952	
0.976184	0.0380609	0.213578	0.0401174	0.93584	-0.350133	-0.213202	0.350363	0.912026	-6.48486	10.3383	63.2857	
0.975333	0.0394607	0.217182	0.0416325	0.933349	-0.356549	-0.216777	0.356796	0.908683	-6.67086	10.6442	64.0733	
0.974468	0.0408862	0.220774	0.0431726	0.930812	-0.36294	-0.220338	0.363205	0.905281	-6.85994	10.9557	64.858	
0.973588	0.0423371	0.224352	0.0447378	0.92823	-0.369307	-0.223885	0.36959	0.901819	-7.05211	11.2727	65.6397	
0.972694	0.0438134	0.227916	0.0463278	0.925603	-0.37565	-0.227419	0.375951	0.898299	-7.24733	11.5952	66.4184	
0.971787	0.045315	0.231467	0.0479427	0.922932	-0.381967	-0.230937	0.382287	0.89472	-7.4456	11.9232	67.194	
0.970865	0.0468418	0.235004	0.0495823	0.920216	-0.388258	-0.234441	0.388598	0.891083	-7.64692	12.2566	67.9665	
0.969929	0.0483936	0.238527	0.0512464	0.917456	-0.394524	-0.23793	0.394884	0.887387	-7.85125	12.5956	68.7358	
0.96898	0.0499704	0.242035	0.0529351	0.914651	-0.400763	-0.241404	0.401143	0.883634	-8.0586	12.9399	69.5019	
0.966762	0.0536778	0.249981	0.0577533	0.906599	-0.418023	-0.249071	0.418566	0.873365	-8.27078	13.2945	70.262	
0.964475	0.0575418	0.257833	0.0627211	0.898206	-0.435078	-0.256622	0.435793	0.862688	-8.48954	13.6641	71.013	
0.96212	0.0615608	0.265586	0.067836	0.889476	-0.451918	-0.264053	0.452816	0.851607	-8.71478	14.0485	71.7546	
0.959698	0.0657328	0.273238	0.0730958	0.880415	-0.468537	-0.271361	0.469627	0.840127	-8.94639	14.4475	72.4864	
0.957211	0.0700558	0.280783	0.0784978	0.871025	-0.484927	-0.278541	0.486218	0.828255	-9.18428	14.861	73.2082	
0.95466	0.074528	0.28822	0.0840397	0.861311	-0.50108	-0.285591	0.502582	0.815995	-9.42832	15.2888	73.9194	
0.952045	0.079147	0.295544	0.0897188	0.851278	-0.516988	-0.292508	0.518711	0.803354	-9.6784	15.7306	74.62	
0.949368	0.0839109	0.302752	0.0955324	0.840931	-0.532643	-0.299288	0.534597	0.790337	-9.93441	16.1862	75.3094	
0.946631	0.0888173	0.30984	0.101478	0.830274	-0.54804	-0.305928	0.550234	0.77695	-10.1962	16.6555	75.9874	
0.943835	0.0938641	0.316806	0.107552	0.819312	-0.56317	-0.312424	0.565612	0.7632	-10.4637	17.1382	76.6536	
0.94098	0.0990487	0.323646	0.113753	0.808051	-0.578026	-0.318775	0.580727	0.749092	-10.7368	17.6341	77.3078	
0.938068	0.104369	0.330356	0.120077	0.796495	-0.592602	-0.324976	0.595569	0.734634	-11.0152	18.143	77.9497	
0.935101	0.109822	0.336934	0.126521	0.784651	-0.60689	-0.331026	0.610133	0.719833	-11.299	18.6646	78.5789	
0.93208	0.115405	0.343377	0.133083	0.772523	-0.620884	-0.33692	0.624412	0.704695	-11.588	19.1986	79.1951	
0.929007	0.121117	0.349682	0.139759	0.760117	-0.634578	-0.342657	0.638398	0.689227	-11.882	19.7449	79.7981	
0.925882	0.126953	0.355845	0.146546	0.74744	-0.647964	-0.348234	0.652086	0.673437	-12.1808	20.3032	80.3876	
