1	0	0	0	1	0	0	0	1	0	0	0	
0.999995	4.98041e-06	-0.00313212	4.98041e-06	0.999995	0.0031802	0.00313212	-0.0031802	0.99999	0.00162618	-0.00165114	1.03838	
0.99998	1.99441e-05	-0.00626753	1.99465e-05	0.99998	0.00636452	0.00626753	-0.00636452	0.99996	0.00650641	-0.00660669	2.07674	
0.999956	4.49244e-05	-0.00940608	4.49343e-05	0.999954	0.00955282	0.00940608	-0.00955282	0.99991	0.014644	-0.0148709	3.11506	
0.999921	7.99536e-05	-0.0125476	7.99783e-05	0.999919	0.012745	0.0125476	-0.012745	0.99984	0.0260422	-0.0264477	4.15331	
0.999877	0.000125063	-0.0156921	0.000125112	0.999873	0.0159408	0.0156921	-0.0159408	0.99975	0.0407041	-0.0413411	5.19149	
0.999823	0.000180282	-0.0188392	0.000180369	0.999817	0.0191402	0.0188392	-0.0191402	0.999639	0.0586325	-0.0595549	6.22956	
0.999758	0.00024564	-0.0219889	0.000245779	0.99975	0.022343	0.0219889	-0.022343	0.999509	0.0798301	-0.0810927	7.2675	
0.999684	0.000321164	-0.0251411	0.000321373	0.999674	0.0255491	0.0251411	-0.0255491	0.999357	0.1043	-0.105958	8.3053	
0.9996	0.000406882	-0.0282955	0.00040718	0.999586	0.0287583	0.0282955	-0.0287583	0.999186	0.132044	-0.134154	9.34292	
0.999505	0.000502818	-0.0314521	0.000503227	0.999489	0.0319705	0.0314521	-0.0319705	0.998994	0.163064	-0.165684	10.3804	
0.999401	0.000608996	-0.0346108	0.000609543	0.999381	0.0351855	0.0346107	-0.0351855	0.998781	0.197363	-0.200551	11.4176	
0.999286	0.00072544	-0.0377713	0.000726152	0.999262	0.0384032	0.0377712	-0.0384033	0.998548	0.234944	-0.238757	12.4546	
0.999162	0.000852172	-0.0409335	0.000853079	0.999133	0.0416235	0.0409335	-0.0416236	0.998295	0.275807	-0.280307	13.4913	
0.999027	0.000989213	-0.0440973	0.000990347	0.998993	0.0448463	0.0440973	-0.0448463	0.99802	0.319954	-0.325201	14.5278	
0.998882	0.00113658	-0.0472626	0.00113798	0.998843	0.0480713	0.0472626	-0.0480713	0.997725	0.367387	-0.373443	15.564	
0.998727	0.0012943	-0.0504292	0.001296	0.998683	0.0512984	0.0504292	-0.0512984	0.997409	0.418108	-0.425036	16.5998	
0.998562	0.00146238	-0.053597	0.00146442	0.998511	0.0545275	0.0535969	-0.0545276	0.997073	0.472118	-0.47998	17.6354	
0.998386	0.00164084	-0.0567658	0.00164326	0.998329	0.0577585	0.0567657	-0.0577586	0.996715	0.529417	-0.538278	18.6705	
0.998201	0.0018297	-0.0599355	0.00183255	0.998137	0.0609912	0.0599354	-0.0609913	0.996337	0.590008	-0.599932	19.7053	
0.998005	0.00202896	-0.063106	0.00203229	0.997933	0.0642255	0.0631059	-0.0642256	0.995938	0.65389	-0.664944	20.7397	
0.997799	0.00223865	-0.066277	0.00224251	0.997719	0.0674611	0.0662769	-0.0674613	0.995518	0.721064	-0.733314	21.7736	
0.997583	0.00245878	-0.0694486	0.00246322	0.997495	0.0706981	0.0694484	-0.0706983	0.995077	0.791532	-0.805046	22.8071	
0.997356	0.00268935	-0.0726205	0.00269443	0.997259	0.0739362	0.0726203	-0.0739364	0.994615	0.865293	-0.880139	23.8402	
0.997119	0.00293037	-0.0757925	0.00293615	0.997013	0.0771753	0.0757923	-0.0771755	0.994133	0.942348	-0.958595	24.8727	
0.996872	0.00318186	-0.0789647	0.0031884	0.996756	0.0804153	0.0789644	-0.0804155	0.993629	1.0227	-1.04042	25.9047	
0.996615	0.00344382	-0.0821367	0.00345118	0.996489	0.0836559	0.0821364	-0.0836562	0.993104	1.10634	-1.1256	26.9362	
0.996348	0.00371626	-0.0853085	0.0037245	0.99621	0.0868972	0.0853082	-0.0868975	0.992558	1.19327	-1.21415	27.9672	
0.99607	0.00399918	-0.08848	0.00400838	0.995921	0.0901389	0.0884796	-0.0901393	0.991991	1.2835	-1.30607	28.9975	
0.995782	0.00429258	-0.091651	0.00430281	0.995621	0.0933808	0.0916505	-0.0933813	0.991403	1.37703	-1.40135	30.0273	
0.995484	0.00459647	-0.0948213	0.00460781	0.99531	0.096623	0.0948207	-0.0966235	0.990794	1.47384	-1.5	31.0565	
0.995175	0.00491086	-0.0979908	0.00492337	0.994989	0.0998651	0.0979902	-0.0998657	0.990164	1.57395	-1.60201	32.085	
0.994856	0.00523574	-0.101159	0.0052495	0.994656	0.103107	0.101159	-0.103108	0.989513	1.67734	-1.7074	33.1128	
0.994527	0.0055711	-0.104327	0.00558621	0.994313	0.106349	0.104326	-0.10635	0.988841	1.78403	-1.81615	34.1399	
0.994188	0.00591696	-0.107493	0.00593349	0.993959	0.10959	0.107493	-0.109591	0.988147	1.894	-1.92826	35.1664	
0.993839	0.00627331	-0.110659	0.00629135	0.993594	0.112831	0.110658	-0.112832	0.987433	2.00727	-2.04374	36.1921	
0.993479	0.00664013	-0.113822	0.00665977	0.993219	0.116071	0.113821	-0.116072	0.986698	2.12381	-2.16259	37.217	
0.993109	0.00701744	-0.116984	0.00703877	0.992832	0.11931	0.116983	-0.119311	0.985941	2.24365	-2.2848	38.2412	
0.992729	0.00740522	-0.120144	0.00742833	0.992435	0.122548	0.120143	-0.12255	0.985164	2.36676	-2.41037	39.2646	
0.992338	0.00780346	-0.123303	0.00782846	0.992027	0.125786	0.123301	-0.125787	0.984365	2.49316	-2.5393	40.2872	
0.991938	0.00821216	-0.126459	0.00823914	0.991608	0.129021	0.126458	-0.129023	0.983545	2.62283	-2.6716	41.3089	
0.991527	0.00863131	-0.129614	0.00866038	0.991178	0.132256	0.129612	-0.132258	0.982705	2.75578	-2.80725	42.3298	
0.991106	0.0090609	-0.132766	0.00909215	0.990737	0.135489	0.132763	-0.135491	0.981843	2.892	-2.94627	43.3497	
0.990675	0.00950091	-0.135915	0.00953446	0.990286	0.13872	0.135913	-0.138722	0.980961	3.0315	-3.08864	44.3688	
0.990234	0.00995134	-0.139062	0.00998729	0.989824	0.14195	0.13906	-0.141952	0.980057	3.17426	-3.23436	45.3869	
0.989782	0.0104122	-0.142207	0.0104506	0.98935	0.145177	0.142204	-0.14518	0.979133	3.32029	-3.38344	46.4041	
0.989321	0.0108834	-0.145348	0.0109245	0.988867	0.148402	0.145345	-0.148405	0.978187	3.46958	-3.53586	47.4204	
0.988849	0.011365	-0.148487	0.0114088	0.988372	0.151626	0.148483	-0.151629	0.977221	3.62214	-3.69164	48.4356	
0.988367	0.0118569	-0.151622	0.0119036	0.987867	0.154846	0.151619	-0.15485	0.976234	3.77795	-3.85076	49.4498	
0.987876	0.0123592	-0.154755	0.0124089	0.987351	0.158065	0.154751	-0.158069	0.975226	3.93701	-4.01323	50.463	
0.987374	0.0128718	-0.157884	0.0129246	0.986824	0.16128	0.157879	-0.161285	0.974198	4.09933	-4.17903	51.4751	
0.986862	0.0133946	-0.161009	0.0134507	0.986286	0.164493	0.161004	-0.164498	0.973148	4.26489	-4.34818	52.4862	
0.98634	0.0139278	-0.164131	0.0139872	0.985738	0.167703	0.164126	-0.167708	0.972078	4.43369	-4.52066	53.4961	
0.985808	0.0144712	-0.167249	0.0145341	0.985179	0.17091	0.167244	-0.170916	0.970988	4.60574	-4.69647	54.505	
0.985267	0.0150249	-0.170364	0.0150914	0.98461	0.174114	0.170358	-0.17412	0.969877	4.78102	-4.87561	55.5126	
0.984715	0.0155887	-0.173474	0.015659	0.98403	0.177314	0.173468	-0.177321	0.968745	4.95953	-5.05807	56.5192	
0.984154	0.0161627	-0.17658	0.016237	0.983439	0.180511	0.176573	-0.180518	0.967592	5.14127	-5.24386	57.5245	
0.983582	0.0167469	-0.179682	0.0168252	0.982837	0.183705	0.179675	-0.183712	0.96642	5.32623	-5.43297	58.5286	
0.983001	0.0173412	-0.182779	0.0174237	0.982225	0.186895	0.182772	-0.186902	0.965226	5.51441	-5.62539	59.5315	
0.98241	0.0179456	-0.185872	0.0180324	0.981603	0.19008	0.185864	-0.190089	0.964013	5.7058	-5.82112	60.5332	
0.981809	0.0185601	-0.188961	0.0186514	0.98097	0.193262	0.188952	-0.193271	0.962779	5.90041	-6.02015	61.5335	
0.981199	0.0191846	-0.192044	0.0192805	0.980326	0.19644	0.192035	-0.196449	0.961525	6.09821	-6.22249	62.5326	
0.980578	0.0198191	-0.195123	0.0199198	0.979672	0.199613	0.195113	-0.199623	0.960251	6.29922	-6.42813	63.5304	
0.979949	0.0204636	-0.198197	0.0205692	0.979008	0.202782	0.198186	-0.202793	0.958956	6.50341	-6.63706	64.5268	
0.979309	0.021118	-0.201265	0.0212287	0.978333	0.205947	0.201254	-0.205958	0.957642	6.7108	-6.84928	65.5219	
0.97866	0.0217824	-0.204329	0.0218983	0.977648	0.209107	0.204316	-0.209119	0.956308	6.92137	-7.06479	66.5156	
0.97837	0.0220777	-0.205679	0.0218836	0.977663	0.209038	0.2057	-0.209018	0.956033	7.13425	-7.28188	67.5085	
0.978079	0.0223726	-0.207029	0.0218687	0.977678	0.208969	0.207082	-0.208916	0.955757	7.34856	-7.49887	68.5011	
0.977786	0.0226673	-0.208377	0.0218537	0.977693	0.2089	0.208463	-0.208813	0.955479	7.56431	-7.71575	69.4934	
0.977491	0.0229615	-0.209723	0.0218385	0.977708	0.20883	0.209843	-0.20871	0.9552	7.78149	-7.93253	70.4854	
0.979972	0.0205602	-0.198073	0.0171557	0.982241	0.186836	0.198396	-0.186492	0.962216	7.99346	-8.13772	71.481	
0.982312	0.0184297	-0.186341	0.0127371	0.986263	0.164689	0.186816	-0.164149	0.968584	8.19347	-8.31978	72.4835	
0.984511	0.0165713	-0.174536	0.00858553	0.989772	0.142403	0.17511	-0.141696	0.974299	8.38139	-8.47859	73.4923	
0.986567	0.0149864	-0.162665	0.0047039	0.992764	0.119993	0.163286	-0.119146	0.979358	8.55709	-8.61402	74.5066	
0.988479	0.013676	-0.150737	0.0010948	0.995237	0.0974749	0.151352	-0.096517	0.983757	8.72046	-8.726	75.5259	
0.990245	0.0126411	-0.13876	-0.00223936	0.997191	0.0748634	0.139316	-0.0738225	0.987492	8.87138	-8.81444	76.5494	
0.991865	0.0118821	-0.126741	-0.00529631	0.998624	0.0521739	0.127186	-0.0510782	0.990563	9.00975	-8.87929	77.5765	
0.993336	0.0113998	-0.114689	-0.00807401	0.999534	0.0294216	0.114971	-0.0282995	0.992966	9.13548	-8.92051	78.6064	
0.994658	0.0111945	-0.102612	-0.0105706	0.999922	0.00662181	0.102678	-0.00550177	0.994699	9.24849	-8.93806	79.6384	
0.995831	0.0112661	-0.0905175	-0.0127843	0.999787	-0.0162101	0.0903156	0.0172997	0.995763	9.3487	-8.93193	80.6719	
0.996853	0.0116148	-0.0784144	-0.0147138	0.999129	-0.0390586	0.0778924	0.0400895	0.996155	9.43604	-8.90213	81.7062	
0.997724	0.0122403	-0.0663107	-0.0163576	0.997948	-0.0619085	0.0654168	0.0628523	0.995877	9.51044	-8.84868	82.7405	
0.998443	0.0131422	-0.0542144	-0.0177148	0.996245	-0.0847443	0.0528971	0.0855727	0.994927	9.57188	-8.77162	83.7741	
0.999009	0.0143198	-0.0421338	-0.0187843	0.994022	-0.107551	0.0403418	0.108235	0.993306	9.62029	-8.67099	84.8065	
0.999423	0.0157723	-0.0300769	-0.0195654	0.99128	-0.130312	0.0277593	0.130825	0.991017	9.65565	-8.54686	85.8368	
0.999684	0.0174988	-0.0180519	-0.0200577	0.988021	-0.153013	0.0151581	0.153327	0.988059	9.67793	-8.39933	86.8643	
0.999791	0.0194982	-0.00606683	-0.0202608	0.984246	-0.175639	0.00254661	0.175725	0.984436	9.68712	-8.22847	87.8885	
0.999746	0.021769	0.00587013	-0.0201746	0.979959	-0.198174	-0.0100665	0.198005	0.980149	9.68322	-8.03443	88.9086	
0.999547	0.0243098	0.017751	-0.019799	0.975163	-0.220603	-0.0226729	0.220152	0.975202	9.66622	-7.81731	89.9238	
0.999195	0.0271187	0.0295677	-0.0191344	0.96986	-0.242911	-0.035264	0.24215	0.969598	9.63614	-7.57727	90.9336	
0.99869	0.030194	0.0413124	-0.0181813	0.964054	-0.265083	-0.0478313	0.263985	0.96334	9.59299	-7.31448	91.9372	
0.998033	0.0335336	0.0529771	-0.0169402	0.95775	-0.287104	-0.0603664	0.285642	0.956433	9.53681	-7.0291	92.934	
0.997223	0.0371352	0.0645539	-0.015412	0.95095	-0.308959	-0.0728609	0.307107	0.948882	9.46764	-6.72133	93.9233	
0.996262	0.0409964	0.0760351	-0.0135977	0.943661	-0.330634	-0.0853062	0.328364	0.940691	9.38552	-6.39138	94.9044	
0.99515	0.0451145	0.0874129	-0.0114986	0.935887	-0.352113	-0.097694	0.349401	0.931866	9.2905	-6.03947	95.8767	
0.993888	0.0494869	0.0986797	-0.00911602	0.927632	-0.373383	-0.110016	0.370202	0.922414	9.18265	-5.66584	96.8394	
0.992477	0.0541105	0.109828	-0.00645162	0.918904	-0.394429	-0.122264	0.390753	0.91234	9.06205	-5.27074	97.7921	
0.990917	0.0589823	0.12085	-0.00350718	0.909707	-0.415237	-0.134429	0.411041	0.901651	8.92877	-4.85443	98.7339	
0.98921	0.0640989	0.131738	-0.000284698	0.900047	-0.435792	-0.146504	0.431052	0.890354	8.7829	-4.4172	99.6644	
0.987357	0.0694569	0.142486	0.00321367	0.889932	-0.456081	-0.15848	0.450773	0.878458	8.62454	-3.95933	100.583	
