1	0	0	0	1	0	0	0	1	0	0	0	
0.999997	5.27629e-06	0.00260345	5.27629e-06	0.999992	-0.00405329	-0.00260345	0.00405329	0.999988	-0.00112159	0.00174619	0.861613	
0.999986	2.11172e-05	0.00520906	2.11053e-05	0.999967	-0.00810541	-0.00520906	0.00810541	0.999954	-0.00448729	0.00698427	1.72321	
0.999969	4.75374e-05	0.00781676	4.74901e-05	0.999926	-0.0121563	-0.00781677	0.0121563	0.999896	-0.0100989	0.0157132	2.58476	
0.999946	8.45514e-05	0.0104265	8.44333e-05	0.999869	-0.0162057	-0.0104265	0.0162057	0.999814	-0.0179583	0.0279318	3.44625	
0.999915	0.000132173	0.0130382	0.000131937	0.999795	-0.0202537	-0.0130382	0.0202537	0.99971	-0.0280671	0.0436388	4.30766	
0.999877	0.000190417	0.0156518	0.000190004	0.999705	-0.0243002	-0.0156518	0.0243002	0.999582	-0.040427	0.062833	5.16898	
0.999833	0.000259297	0.0182673	0.000258635	0.999598	-0.0283449	-0.0182673	0.0283449	0.999431	-0.0550397	0.085513	6.03017	
0.999782	0.000338824	0.0208845	0.000337832	0.999475	-0.0323879	-0.0208845	0.0323879	0.999257	-0.0719066	0.111677	6.89122	
0.999724	0.000429013	0.0235034	0.000427596	0.999336	-0.036429	-0.0235034	0.036429	0.99906	-0.0910293	0.141324	7.75212	
0.999659	0.000529876	0.026124	0.000527927	0.999181	-0.0404681	-0.026124	0.0404681	0.998839	-0.112409	0.174452	8.61283	
0.999587	0.000641426	0.0287461	0.000638827	0.999009	-0.0445052	-0.0287462	0.0445052	0.998595	-0.136048	0.211059	9.47334	
0.999508	0.000763673	0.0313698	0.000760295	0.998821	-0.0485401	-0.0313699	0.0485401	0.998329	-0.161946	0.251144	10.3336	
0.999422	0.00089663	0.0339949	0.000892331	0.998617	-0.0525727	-0.033995	0.0525727	0.998038	-0.190106	0.294704	11.1937	
0.999329	0.00104031	0.0366214	0.00103493	0.998396	-0.056603	-0.0366215	0.0566029	0.997725	-0.220528	0.341738	12.0535	
0.999229	0.00119472	0.0392492	0.0011881	0.99816	-0.0606308	-0.0392494	0.0606306	0.997388	-0.253214	0.392243	12.913	
0.999122	0.00135987	0.0418782	0.00135184	0.997907	-0.064656	-0.0418785	0.0646558	0.997028	-0.288165	0.446218	13.7722	
0.999008	0.00153578	0.0445084	0.00152614	0.997638	-0.0686785	-0.0445088	0.0686783	0.996646	-0.325381	0.503659	14.6311	
0.998887	0.00172244	0.0471398	0.001711	0.997353	-0.0726983	-0.0471402	0.0726981	0.996239	-0.364864	0.564566	15.4896	
0.998759	0.00191988	0.0497721	0.00190642	0.997051	-0.0767152	-0.0497726	0.0767149	0.99581	-0.406615	0.628934	16.3478	
0.998624	0.00212811	0.0524055	0.0021124	0.996734	-0.0807292	-0.0524061	0.0807288	0.995357	-0.450635	0.696762	17.2057	
0.998481	0.00234712	0.0550398	0.00232894	0.9964	-0.0847401	-0.0550405	0.0847396	0.994882	-0.496924	0.768047	18.0631	
0.998332	0.00257693	0.0576749	0.00255603	0.996051	-0.0887478	-0.0576758	0.0887472	0.994383	-0.545483	0.842787	18.9201	
0.998176	0.00281755	0.0603108	0.00279366	0.995685	-0.0927523	-0.0603119	0.0927516	0.993861	-0.596313	0.920978	19.7766	
0.998012	0.00306899	0.0629474	0.00304185	0.995304	-0.0967535	-0.0629487	0.0967526	0.993316	-0.649415	1.00262	20.6327	
0.997841	0.00333125	0.0655846	0.00330057	0.994906	-0.100751	-0.0655862	0.10075	0.992748	-0.704789	1.0877	21.4883	
0.997664	0.00360434	0.0682225	0.00356983	0.994493	-0.104745	-0.0682243	0.104744	0.992156	-0.762436	1.17623	22.3434	
0.997479	0.00388827	0.0708608	0.00384962	0.994063	-0.108736	-0.0708629	0.108734	0.991542	-0.822356	1.2682	23.198	
0.997286	0.00418304	0.0734996	0.00413994	0.993618	-0.112722	-0.073502	0.112721	0.990904	-0.884549	1.36361	24.0521	
0.997087	0.00448866	0.0761387	0.00444079	0.993157	-0.116705	-0.0761415	0.116704	0.990244	-0.949017	1.46244	24.9056	
0.996881	0.00480514	0.0787782	0.00475215	0.99268	-0.120684	-0.0787814	0.120682	0.98956	-1.01576	1.56471	25.7585	
0.996667	0.00513249	0.0814179	0.00507402	0.992187	-0.124659	-0.0814215	0.124657	0.988853	-1.08478	1.67041	26.6108	
0.996446	0.0054707	0.0840577	0.00540639	0.991678	-0.12863	-0.0840619	0.128627	0.988124	-1.15607	1.77952	27.4625	
0.996218	0.00581978	0.0866977	0.00574927	0.991153	-0.132597	-0.0867024	0.132594	0.987371	-1.22963	1.89206	28.3136	
0.995982	0.00617975	0.0893377	0.00610264	0.990613	-0.136559	-0.089343	0.136555	0.986595	-1.30548	2.00801	29.164	
0.99574	0.00655059	0.0919777	0.00646649	0.990057	-0.140517	-0.0919836	0.140513	0.985797	-1.38359	2.12738	30.0137	
0.99549	0.00693232	0.0946175	0.00684082	0.989486	-0.14447	-0.0946242	0.144466	0.984975	-1.46399	2.25015	30.8627	
0.995232	0.00732494	0.0972572	0.00722562	0.988898	-0.148419	-0.0972647	0.148414	0.984131	-1.54665	2.37632	31.711	
0.994968	0.00772846	0.0998967	0.00762088	0.988295	-0.152363	-0.0999049	0.152357	0.983263	-1.6316	2.5059	32.5586	
0.994696	0.00814287	0.102536	0.00802659	0.987677	-0.156302	-0.102545	0.156296	0.982373	-1.71881	2.63887	33.4054	
0.994417	0.00856817	0.105175	0.00844276	0.987043	-0.160236	-0.105185	0.160229	0.981459	-1.8083	2.77523	34.2515	
0.99413	0.00900439	0.107813	0.00886935	0.986393	-0.164165	-0.107824	0.164158	0.980523	-1.90007	2.91498	35.0967	
0.993837	0.0094515	0.110451	0.00930638	0.985728	-0.16809	-0.110463	0.168082	0.979564	-1.99411	3.05811	35.9411	
0.993536	0.00990952	0.113088	0.00975382	0.985047	-0.172009	-0.113101	0.172	0.978583	-2.09042	3.20462	36.7847	
0.993227	0.0103784	0.115724	0.0102117	0.984351	-0.175923	-0.115739	0.175913	0.977578	-2.18901	3.3545	37.6274	
0.992911	0.0108583	0.11836	0.0106799	0.98364	-0.179831	-0.118377	0.17982	0.976551	-2.28987	3.50776	38.4693	
0.992588	0.011349	0.120995	0.0111586	0.982913	-0.183734	-0.121013	0.183722	0.975501	-2.393	3.66437	39.3103	
0.992258	0.0118507	0.12363	0.0116476	0.98217	-0.187631	-0.123649	0.187619	0.974428	-2.4984	3.82435	40.1503	
0.99192	0.0123632	0.126263	0.012147	0.981413	-0.191523	-0.126284	0.191509	0.973333	-2.60608	3.98768	40.9894	
0.991574	0.0128867	0.128895	0.0126567	0.98064	-0.195409	-0.128918	0.195394	0.972215	-2.71602	4.15436	41.8276	
0.991222	0.0134211	0.131526	0.0131768	0.979852	-0.199289	-0.131551	0.199273	0.971074	-2.82823	4.32439	42.6648	
0.990862	0.0139664	0.134156	0.0137072	0.979049	-0.203163	-0.134183	0.203146	0.969911	-2.94271	4.49776	43.501	
0.990494	0.0145225	0.136785	0.0142479	0.97823	-0.207032	-0.136814	0.207013	0.968725	-3.05946	4.67446	44.3361	
0.990119	0.0150896	0.139413	0.014799	0.977397	-0.210894	-0.139444	0.210873	0.967516	-3.17848	4.85448	45.1703	
0.989737	0.0156676	0.142039	0.0153603	0.976548	-0.21475	-0.142073	0.214728	0.966285	-3.29976	5.03784	46.0034	
0.989347	0.0162565	0.144664	0.0159319	0.975685	-0.218599	-0.1447	0.218575	0.965032	-3.4233	5.22451	46.8354	
0.98895	0.0168563	0.147287	0.0165138	0.974806	-0.222443	-0.147326	0.222417	0.963756	-3.54911	5.41449	47.6664	
0.988546	0.017467	0.149909	0.0171059	0.973912	-0.226279	-0.149951	0.226252	0.962458	-3.67718	5.60778	48.4962	
0.988133	0.0180886	0.152529	0.0177083	0.973004	-0.23011	-0.152574	0.23008	0.961137	-3.80751	5.80437	49.3249	
0.987502	0.0190307	0.156454	0.0178814	0.972745	-0.231185	-0.15659	0.231094	0.960248	-3.9407	6.00305	50.1526	
0.986852	0.0199792	0.160385	0.0180594	0.972485	-0.232263	-0.160613	0.232105	0.959339	-4.07735	6.2026	50.9796	
0.986185	0.020934	0.164321	0.0182423	0.972224	-0.233341	-0.164642	0.233115	0.95841	-4.21747	6.40302	51.8058	
0.985499	0.021895	0.168261	0.0184301	0.971961	-0.234421	-0.168676	0.234122	0.957463	-4.36107	6.60431	52.6312	
0.984796	0.0228621	0.172206	0.0186229	0.971696	-0.235501	-0.172716	0.235127	0.956496	-4.50814	6.80647	53.4557	
0.984074	0.0238352	0.176154	0.0188205	0.971429	-0.236583	-0.17676	0.23613	0.95551	-4.6587	7.00949	54.2794	
0.983334	0.0248142	0.180105	0.0190231	0.971161	-0.237665	-0.180809	0.23713	0.954504	-4.81274	7.21338	55.1023	
0.982577	0.025799	0.184059	0.0192306	0.970891	-0.238747	-0.184861	0.238127	0.953479	-4.97028	7.41812	55.9243	
0.981801	0.0267896	0.188015	0.019443	0.97062	-0.23983	-0.188916	0.239121	0.952435	-5.1313	7.62372	56.7453	
0.981007	0.0277858	0.191972	0.0196604	0.970347	-0.240914	-0.192974	0.240113	0.951371	-5.29583	7.83018	57.5655	
0.980195	0.0287874	0.195931	0.0198826	0.970073	-0.241998	-0.197034	0.241101	0.950288	-5.46384	8.03749	58.3848	
0.979365	0.0297945	0.19989	0.0201098	0.969797	-0.243082	-0.201095	0.242086	0.949187	-5.63536	8.24565	59.2031	
0.978518	0.0308069	0.203849	0.0203419	0.96952	-0.244166	-0.205158	0.243067	0.948066	-5.81038	8.45466	60.0204	
0.977652	0.0318245	0.207808	0.0205789	0.969242	-0.245249	-0.209221	0.244045	0.946926	-5.9889	8.66451	60.8368	
0.976768	0.0328472	0.211765	0.0208208	0.968962	-0.246333	-0.213284	0.245019	0.945767	-6.17092	8.87521	61.6522	
0.975867	0.0338749	0.215722	0.0210675	0.96868	-0.247416	-0.217347	0.24599	0.94459	-6.35643	9.08674	62.4666	
0.974948	0.0349074	0.219676	0.021319	0.968398	-0.248498	-0.221409	0.246956	0.943393	-6.54545	9.2991	63.2799	
0.974011	0.0359447	0.223629	0.0215754	0.968114	-0.24958	-0.225469	0.247919	0.942178	-6.73797	9.5123	64.0923	
0.973057	0.0369866	0.227578	0.0218366	0.967829	-0.250661	-0.229528	0.248877	0.940945	-6.93399	9.72632	64.9035	
0.972085	0.038033	0.231524	0.0221026	0.967542	-0.251741	-0.233584	0.249831	0.939693	-7.1335	9.94117	65.7137	
0.971096	0.0390838	0.235466	0.0223733	0.967255	-0.25282	-0.237637	0.250781	0.938423	-7.33651	10.1568	66.5228	
0.97009	0.0401389	0.239404	0.0226487	0.966966	-0.253898	-0.241687	0.251726	0.937135	-7.54301	10.3733	67.3308	
0.969066	0.0411982	0.243338	0.0229289	0.966676	-0.254974	-0.245733	0.252666	0.935828	-7.75299	10.5906	68.1377	
0.968026	0.0422615	0.247266	0.0232136	0.966385	-0.256049	-0.249775	0.253602	0.934504	-7.96646	10.8087	68.9435	
0.966968	0.0433287	0.251188	0.023503	0.966093	-0.257123	-0.253812	0.254533	0.933163	-8.18341	11.0276	69.7481	
0.964411	0.0457497	0.260419	0.0185494	0.970784	-0.239239	-0.263756	0.235555	0.935386	-8.40639	11.2388	70.5531	
0.961757	0.0479827	0.269669	0.0134066	0.97511	-0.221317	-0.273577	0.216468	0.937175	-8.63789	11.4335	71.3599	
0.959006	0.0500266	0.278935	0.00807709	0.97907	-0.203364	-0.283271	0.197281	0.93853	-8.87779	11.6118	72.168	
0.95616	0.0518804	0.288212	0.00256323	0.982662	-0.18539	-0.292833	0.178002	0.939449	-9.12599	11.7735	72.977	
0.95322	0.0535434	0.297496	-0.00313238	0.985884	-0.167403	-0.30226	0.15864	0.939932	-9.38237	11.9185	73.7867	
0.950188	0.0550148	0.306783	-0.00900709	0.988734	-0.14941	-0.311547	0.139205	0.939979	-9.64681	12.0468	74.5966	
0.947065	0.0562938	0.316068	-0.0150582	0.991212	-0.131421	-0.320689	0.119705	0.93959	-9.9192	12.1583	75.4064	
0.943852	0.0573799	0.325347	-0.0212828	0.993316	-0.113443	-0.329682	0.10015	0.938765	-10.1994	12.2531	76.2156	
0.940551	0.0582725	0.334616	-0.0276782	0.995046	-0.0954858	-0.338522	0.0805477	0.937504	-10.4873	12.3309	77.024	
0.937164	0.0589713	0.34387	-0.0342413	0.9964	-0.0775564	-0.347206	0.0609085	0.935809	-10.7827	12.3919	77.831	
0.933691	0.0594759	0.353105	-0.040969	0.997377	-0.0596636	-0.355728	0.041241	0.933679	-11.0855	12.4359	78.6365	
0.930135	0.0597861	0.362317	-0.0478583	0.997978	-0.0418158	-0.364085	0.0215544	0.931116	-11.3957	12.4629	79.4399	
0.926498	0.0599018	0.371502	-0.0549059	0.998203	-0.0240211	-0.372273	0.00185786	0.928121	-11.7129	12.473	80.2409	
0.92278	0.0598228	0.380655	-0.0621086	0.99805	-0.0062879	-0.380288	-0.0178396	0.924696	-12.0371	12.4661	81.0391	
0.918984	0.0595493	0.389772	-0.0694631	0.99752	0.0113756	-0.388127	-0.0375288	0.920841	-12.3682	12.4423	81.8342	
0.915112	0.0590813	0.398848	-0.0769659	0.996613	0.0289613	-0.395786	-0.0572005	0.916559	-12.7059	12.4015	82.6258	
