1	0	0	0	1	0	0	0	1	0	0	0	
0.999994	5.0001e-07	-0.00346406	5.0001e-07	1	0.000288684	0.00346406	-0.000288684	0.999994	0.00132702	-0.000110589	0.76616	
0.999976	2.0023e-06	-0.00693236	2.0019e-06	1	0.000577603	0.00693236	-0.000577603	0.999976	0.00530969	-0.000442448	1.53231	
0.999946	4.51013e-06	-0.0104048	4.5085e-06	1	0.000866752	0.0104048	-0.000866752	0.999945	0.0119512	-0.000995753	2.29844	
0.999904	8.02668e-06	-0.0138813	8.0226e-06	0.999999	0.00115612	0.0138813	-0.00115612	0.999903	0.0212548	-0.00177068	3.06455	
0.999849	1.25551e-05	-0.0173618	1.25469e-05	0.999999	0.0014457	0.0173618	-0.0014457	0.999848	0.0332235	-0.00276739	3.83061	
0.999783	1.80983e-05	-0.0208462	1.8084e-05	0.999998	0.00173549	0.0208462	-0.00173549	0.999781	0.0478603	-0.00398604	4.59663	
0.999704	2.46595e-05	-0.0243344	2.46366e-05	0.999998	0.00202548	0.0243344	-0.00202548	0.999702	0.0651681	-0.0054268	5.3626	
0.999613	3.22415e-05	-0.0278263	3.22071e-05	0.999997	0.00231565	0.0278263	-0.00231565	0.99961	0.0851499	-0.0070898	6.1285	
0.999509	4.08473e-05	-0.0313218	4.0798e-05	0.999997	0.00260601	0.0313218	-0.00260601	0.999506	0.107808	-0.0089752	6.89432	
0.999394	5.04795e-05	-0.0348209	5.04117e-05	0.999996	0.00289655	0.0348209	-0.00289655	0.999389	0.133146	-0.0110831	7.66006	
0.999265	6.1141e-05	-0.0383234	6.10505e-05	0.999995	0.00318725	0.0383234	-0.00318725	0.99926	0.161167	-0.0134137	8.42571	
0.999125	7.28345e-05	-0.0418293	7.27167e-05	0.999994	0.00347811	0.0418293	-0.00347811	0.999119	0.191872	-0.0159671	9.19125	
0.998972	8.55625e-05	-0.0453385	8.54125e-05	0.999993	0.00376913	0.0453385	-0.00376912	0.998965	0.225264	-0.0187434	9.95668	
0.998806	9.93277e-05	-0.0488508	9.914e-05	0.999992	0.00406029	0.0488508	-0.00406028	0.998798	0.261346	-0.0217427	10.722	
0.998628	0.000114133	-0.0523663	0.000113901	0.999991	0.00435159	0.0523663	-0.00435158	0.998618	0.300121	-0.0249651	11.4872	
0.998437	0.00012998	-0.0558847	0.000129698	0.999989	0.00464302	0.0558847	-0.00464301	0.998426	0.34159	-0.0284107	12.2522	
0.998234	0.000146871	-0.0594061	0.000146533	0.999988	0.00493457	0.0594061	-0.00493456	0.998222	0.385755	-0.0320797	13.0171	
0.998018	0.000164809	-0.0629303	0.000164408	0.999986	0.00522624	0.0629303	-0.00522622	0.998004	0.43262	-0.0359721	13.7818	
0.997789	0.000183797	-0.0664573	0.000183324	0.999985	0.00551801	0.0664573	-0.005518	0.997774	0.482186	-0.040088	14.5463	
0.997548	0.000203835	-0.0699869	0.000203283	0.999983	0.00580989	0.0699869	-0.00580987	0.997531	0.534455	-0.0444275	15.3107	
0.997294	0.000224927	-0.0735191	0.000224287	0.999981	0.00610185	0.0735191	-0.00610183	0.997275	0.58943	-0.0489907	16.0749	
0.997027	0.000247075	-0.0770538	0.000246338	0.99998	0.00639391	0.0770538	-0.00639388	0.997006	0.647111	-0.0537776	16.8388	
0.996747	0.000270279	-0.0805909	0.000269437	0.999978	0.00668604	0.0805909	-0.00668601	0.996725	0.707502	-0.0587882	17.6026	
0.996455	0.000294544	-0.0841302	0.000293585	0.999976	0.00697824	0.0841302	-0.0069782	0.99643	0.770604	-0.0640227	18.3661	
0.996149	0.00031987	-0.0876718	0.000318785	0.999974	0.00727051	0.0876718	-0.00727046	0.996123	0.836418	-0.0694811	19.1294	
0.995831	0.000346259	-0.0912156	0.000345037	0.999971	0.00756283	0.0912156	-0.00756278	0.995802	0.904946	-0.0751634	19.8925	
0.9955	0.000373713	-0.0947613	0.000372344	0.999969	0.0078552	0.0947613	-0.00785514	0.995469	0.97619	-0.0810698	20.6553	
0.995156	0.000402233	-0.098309	0.000400705	0.999967	0.00814761	0.0983091	-0.00814754	0.995123	1.05015	-0.0872001	21.4179	
0.994799	0.000431823	-0.101859	0.000430123	0.999964	0.00844006	0.101859	-0.00843997	0.994763	1.12683	-0.0935544	22.1802	
0.994429	0.000462482	-0.10541	0.000460598	0.999962	0.00873253	0.10541	-0.00873243	0.994391	1.20623	-0.100133	22.9422	
0.994046	0.000494212	-0.108963	0.000492132	0.999959	0.00902502	0.108963	-0.0090249	0.994005	1.28836	-0.106935	23.7039	
0.99365	0.000527016	-0.112518	0.000524726	0.999956	0.00931752	0.112518	-0.00931739	0.993606	1.3732	-0.113962	24.4653	
0.99324	0.000560894	-0.116074	0.00055838	0.999954	0.00961003	0.116074	-0.00960988	0.993194	1.46077	-0.121213	25.2264	
0.992818	0.000595848	-0.119632	0.000593096	0.999951	0.00990253	0.119632	-0.00990236	0.992769	1.55106	-0.128687	25.9872	
0.992383	0.000631879	-0.123191	0.000628875	0.999948	0.010195	0.123191	-0.0101948	0.992331	1.64408	-0.136386	26.7477	
0.991934	0.000668988	-0.126751	0.000665716	0.999945	0.0104875	0.126751	-0.0104873	0.991879	1.73983	-0.144309	27.5078	
0.991473	0.000707177	-0.130312	0.000703622	0.999942	0.0107799	0.130312	-0.0107797	0.991414	1.83831	-0.152456	28.2675	
0.990998	0.000746447	-0.133875	0.000742592	0.999938	0.0110724	0.133875	-0.0110721	0.990936	1.93951	-0.160827	29.0269	
0.99051	0.000786798	-0.137438	0.000782628	0.999935	0.0113647	0.137438	-0.0113645	0.990445	2.04345	-0.169422	29.786	
0.990009	0.000828232	-0.141002	0.00082373	0.999932	0.0116571	0.141002	-0.0116568	0.989941	2.15011	-0.178241	30.5446	
0.989495	0.00087075	-0.144568	0.000865898	0.999928	0.0119494	0.144568	-0.011949	0.989423	2.25951	-0.187284	31.3029	
0.988967	0.000914353	-0.148133	0.000909133	0.999925	0.0122416	0.148133	-0.0122412	0.988892	2.37164	-0.196551	32.0607	
0.988426	0.000959041	-0.1517	0.000953436	0.999921	0.0125337	0.1517	-0.0125333	0.988347	2.4865	-0.206042	32.8182	
0.987872	0.00100482	-0.155267	0.000998806	0.999917	0.0128258	0.155267	-0.0128253	0.987789	2.60409	-0.215756	33.5752	
0.987305	0.00105168	-0.158835	0.00104524	0.999913	0.0131178	0.158835	-0.0131173	0.987218	2.72442	-0.225694	34.3318	
0.986724	0.00109963	-0.162403	0.00109275	0.999909	0.0134097	0.162403	-0.0134091	0.986633	2.84748	-0.235856	35.0879	
0.98613	0.00114866	-0.165971	0.00114132	0.999905	0.0137015	0.165971	-0.0137009	0.986035	2.97327	-0.246241	35.8436	
0.985523	0.00119879	-0.169539	0.00119097	0.999901	0.0139932	0.169539	-0.0139925	0.985424	3.1018	-0.25685	36.5989	
0.984902	0.00125001	-0.173108	0.00124168	0.999897	0.0142848	0.173108	-0.0142841	0.984799	3.23306	-0.267682	37.3536	
0.984268	0.00130231	-0.176677	0.00129346	0.999893	0.0145763	0.176677	-0.0145755	0.984161	3.36706	-0.278738	38.1079	
0.983621	0.00135571	-0.180245	0.00134631	0.999889	0.0148676	0.180245	-0.0148668	0.983509	3.50379	-0.290017	38.8617	
0.98296	0.0014102	-0.183814	0.00140022	0.999884	0.0151588	0.183814	-0.0151579	0.982844	3.64325	-0.301519	39.6149	
0.982286	0.00146578	-0.187382	0.00145521	0.99988	0.0154499	0.187382	-0.0154489	0.982166	3.78545	-0.313243	40.3677	
0.981057	0.00156656	-0.193713	0.00152458	0.999874	0.0158073	0.193713	-0.0158032	0.980931	3.93144	-0.325216	41.1197	
0.979787	0.00166967	-0.200038	0.00159637	0.999868	0.0161647	0.200038	-0.0161573	0.979655	4.08228	-0.337459	41.8708	
0.978475	0.00177509	-0.206356	0.00167058	0.999862	0.0165223	0.206357	-0.0165114	0.978337	4.23796	-0.349974	42.6209	
0.977123	0.00188283	-0.212668	0.00174722	0.999856	0.0168799	0.212669	-0.0168653	0.976979	4.39848	-0.36276	43.3699	
0.975729	0.00199289	-0.218973	0.00182628	0.99985	0.0172375	0.218974	-0.017219	0.975579	4.56384	-0.375817	44.1179	
0.974294	0.00210527	-0.22527	0.00190776	0.999843	0.0175951	0.225272	-0.0175726	0.974137	4.73402	-0.389145	44.8648	
0.972818	0.00221996	-0.23156	0.00199167	0.999837	0.0179527	0.231562	-0.0179259	0.972655	4.90903	-0.402744	45.6106	
0.971301	0.00233697	-0.237842	0.00207801	0.99983	0.0183102	0.237845	-0.018279	0.971131	5.08885	-0.416613	46.3552	
0.969743	0.00245629	-0.244116	0.00216676	0.999823	0.0186676	0.244118	-0.0186317	0.969566	5.27348	-0.430753	47.0986	
0.968144	0.00257792	-0.250381	0.00225795	0.999816	0.0190249	0.250384	-0.0189842	0.967961	5.46291	-0.445163	47.8409	
0.966504	0.00270186	-0.256637	0.00235155	0.999809	0.019382	0.25664	-0.0193362	0.966314	5.65715	-0.459843	48.5819	
0.964823	0.0028281	-0.262883	0.00244758	0.999802	0.0197389	0.262887	-0.0196879	0.964626	5.85617	-0.474792	49.3216	
0.963102	0.00295665	-0.269121	0.00254602	0.999795	0.0200955	0.269125	-0.0200392	0.962897	6.05997	-0.490011	50.06	
0.96134	0.0030875	-0.275348	0.00264688	0.999787	0.0204519	0.275352	-0.0203901	0.961127	6.26855	-0.505499	50.797	
0.959537	0.00322065	-0.281565	0.00275014	0.99978	0.020808	0.28157	-0.0207404	0.959317	6.4819	-0.521255	51.5327	
0.957693	0.00335609	-0.287771	0.00285582	0.999772	0.0211638	0.287776	-0.0210903	0.957465	6.7	-0.53728	52.267	
0.955809	0.00349383	-0.293966	0.0029639	0.999764	0.0215192	0.293972	-0.0214396	0.955574	6.92286	-0.553572	52.9999	
0.953885	0.00363385	-0.300151	0.00307439	0.999756	0.0218743	0.300157	-0.0217883	0.953641	7.15046	-0.570132	53.7312	
0.95192	0.00377615	-0.306323	0.00318727	0.999748	0.0222289	0.30633	-0.0221365	0.951668	7.3828	-0.586959	54.4611	
0.949915	0.00392073	-0.312484	0.00330253	0.99974	0.022583	0.312491	-0.022484	0.949655	7.61986	-0.604052	55.1895	
0.94787	0.00406759	-0.318633	0.00342019	0.999731	0.0229367	0.31864	-0.0228308	0.947601	7.86163	-0.621411	55.9163	
0.945784	0.00421671	-0.324769	0.00354022	0.999722	0.0232899	0.324777	-0.023177	0.945507	8.10811	-0.639036	56.6415	
0.943659	0.0043681	-0.330892	0.00366263	0.999714	0.0236425	0.330901	-0.0235224	0.943372	8.35929	-0.656926	57.3651	
0.941493	0.00452175	-0.337002	0.0037874	0.999705	0.0239946	0.337011	-0.0238671	0.941198	8.61516	-0.67508	58.0871	
0.939288	0.00467765	-0.343099	0.00391453	0.999696	0.024346	0.343109	-0.024211	0.938984	8.8757	-0.693498	58.8073	
0.937042	0.0048358	-0.349182	0.00404401	0.999687	0.0246968	0.349192	-0.0245541	0.936729	9.14091	-0.712179	59.5259	
0.934758	0.00499618	-0.355251	0.00417584	0.999678	0.025047	0.355261	-0.0248963	0.934435	9.41077	-0.731122	60.2427	
0.932433	0.00515881	-0.361305	0.00431	0.999668	0.0253965	0.361317	-0.0252377	0.932102	9.68528	-0.750328	60.9577	
0.930069	0.00532365	-0.367345	0.00444649	0.999659	0.0257452	0.367357	-0.0255782	0.929728	9.96442	-0.769795	61.671	
0.927666	0.00549072	-0.37337	0.00458529	0.999649	0.0260932	0.373382	-0.0259178	0.927315	10.2482	-0.789522	62.3824	
0.925224	0.00566001	-0.37938	0.00472641	0.999639	0.0264404	0.379392	-0.0262564	0.924863	10.5366	-0.809509	63.0919	
0.922742	0.0058315	-0.385374	0.00486982	0.999629	0.0267868	0.385387	-0.026594	0.922372	10.8295	-0.829755	63.7995	
0.920222	0.00600519	-0.391352	0.00501552	0.999619	0.0271323	0.391366	-0.0269306	0.919841	11.1271	-0.850259	64.5053	
0.917662	0.00618107	-0.397313	0.00516349	0.999609	0.027477	0.397328	-0.0272662	0.917271	11.4292	-0.871021	65.209	
0.915064	0.00635913	-0.403259	0.00531374	0.999599	0.0278208	0.403274	-0.0276006	0.914663	11.7359	-0.892039	65.9108	
0.912427	0.00653937	-0.409187	0.00546624	0.999588	0.0281637	0.409203	-0.027934	0.912016	12.0472	-0.913314	66.6106	
0.909752	0.00672177	-0.415099	0.00562098	0.999578	0.0285056	0.415115	-0.0282663	0.90933	12.3629	-0.934843	67.3083	
0.907038	0.00690633	-0.420992	0.00577795	0.999567	0.0288465	0.421009	-0.0285973	0.906605	12.6833	-0.956627	68.0039	
0.904286	0.00709304	-0.426869	0.00593714	0.999556	0.0291864	0.426886	-0.0289272	0.903843	13.0081	-0.978663	68.6975	
0.901496	0.00728188	-0.432727	0.00609854	0.999545	0.0295253	0.432745	-0.0292559	0.901042	13.3374	-1.00095	69.3889	
0.893045	0.00784574	-0.449898	0.00633263	0.99953	0.030001	0.449922	-0.0296413	0.892576	13.6755	-1.02352	70.076	
0.884268	0.00841688	-0.466904	0.00657579	0.999514	0.0304721	0.466934	-0.0300157	0.883783	14.0268	-1.04637	70.7565	
0.875166	0.00899508	-0.483739	0.00682793	0.999498	0.0309384	0.483775	-0.0303792	0.874665	14.391	-1.06951	71.4302	
0.865743	0.00958013	-0.500396	0.00708896	0.999482	0.0313999	0.500438	-0.0307315	0.865227	14.768	-1.09292	72.0967	
0.856004	0.0101718	-0.51687	0.00735877	0.999465	0.0318562	0.516917	-0.0310726	0.855471	15.1578	-1.11659	72.7559	
0.84595	0.0107699	-0.533153	0.00763727	0.999449	0.0323073	0.533207	-0.0314022	0.845402	15.56	-1.14053	73.4075	
