1	0	0	0	1	0	0	0	1	0	0	0	
0.999997	-3.53599e-06	-0.00256297	-3.53599e-06	0.999996	-0.00275928	0.00256297	0.00275928	0.999993	0.00109509	0.00117897	0.854543	
0.999987	-1.41616e-05	-0.00512955	-1.41568e-05	0.999985	-0.00552056	0.00512955	0.00552056	0.999972	0.0043819	0.00471672	1.70907	
0.99997	-3.19017e-05	-0.00769965	-3.18824e-05	0.999966	-0.00828375	0.00769965	0.00828375	0.999936	0.00986347	0.0106149	2.56358	
0.999947	-5.67805e-05	-0.0102732	-5.67322e-05	0.999939	-0.0110488	0.0102732	0.0110488	0.999886	0.0175428	0.0188752	3.41805	
0.999917	-8.88219e-05	-0.0128501	-8.87252e-05	0.999905	-0.0138155	0.0128501	0.0138155	0.999822	0.0274228	0.029499	4.27247	
0.999881	-0.000128049	-0.0154304	-0.00012788	0.999862	-0.0165839	0.0154304	0.0165839	0.999743	0.0395063	0.0424879	5.12683	
0.999838	-0.000174485	-0.0180138	-0.000174214	0.999813	-0.0193539	0.0180138	0.0193539	0.99965	0.0537961	0.0578432	5.98112	
0.999788	-0.000228152	-0.0206004	-0.000227745	0.999755	-0.0221254	0.0206004	0.0221254	0.999543	0.0702949	0.0755662	6.83532	
0.999731	-0.000289071	-0.0231901	-0.000288489	0.99969	-0.0248983	0.0231901	0.0248983	0.999421	0.0890054	0.0956582	7.68943	
0.999668	-0.000357264	-0.0257827	-0.000356463	0.999617	-0.0276725	0.0257827	0.0276725	0.999284	0.10993	0.11812	8.54342	
0.999597	-0.000432752	-0.0283783	-0.000431682	0.999536	-0.0304479	0.0283783	0.0304479	0.999133	0.133072	0.142953	9.39729	
0.99952	-0.000515554	-0.0309767	-0.000514162	0.999448	-0.0332244	0.0309767	0.0332244	0.998968	0.158433	0.170159	10.251	
0.999436	-0.00060569	-0.0335779	-0.000603917	0.999352	-0.0360021	0.0335779	0.036002	0.998787	0.186015	0.199738	11.1046	
0.999345	-0.000703179	-0.0361817	-0.000700961	0.999248	-0.0387807	0.0361818	0.0387806	0.998592	0.215822	0.23169	11.958	
0.999247	-0.000808041	-0.0387882	-0.000805308	0.999136	-0.0415602	0.0387883	0.0415601	0.998383	0.247854	0.266018	12.8113	
0.999142	-0.000920292	-0.0413972	-0.000916971	0.999016	-0.0443404	0.0413973	0.0443404	0.998158	0.282115	0.302721	13.6644	
0.999031	-0.00103995	-0.0440087	-0.00103596	0.998889	-0.0471215	0.0440087	0.0471214	0.997919	0.318607	0.3418	14.5172	
0.998912	-0.00116703	-0.0466225	-0.00116229	0.998753	-0.0499031	0.0466226	0.049903	0.997665	0.357331	0.383256	15.3699	
0.998786	-0.00130156	-0.0492386	-0.00129598	0.99861	-0.0526853	0.0492387	0.0526852	0.997397	0.39829	0.427089	16.2223	
0.998653	-0.00144354	-0.0518569	-0.00143702	0.998459	-0.055468	0.0518571	0.0554678	0.997113	0.441486	0.4733	17.0745	
0.998514	-0.00159299	-0.0544774	-0.00158544	0.998301	-0.058251	0.0544776	0.0582508	0.996814	0.48692	0.521889	17.9265	
0.998367	-0.00174993	-0.0571	-0.00174124	0.998134	-0.0610344	0.0571002	0.0610341	0.996501	0.534594	0.572856	18.7782	
0.998213	-0.00191437	-0.0597245	-0.00190443	0.99796	-0.0638179	0.0597248	0.0638176	0.996173	0.58451	0.626202	19.6296	
0.998052	-0.00208633	-0.0623509	-0.00207503	0.997777	-0.0666016	0.0623513	0.0666013	0.99583	0.63667	0.681926	20.4807	
0.997884	-0.00226581	-0.0649792	-0.00225303	0.997587	-0.0693854	0.0649797	0.0693849	0.995471	0.691075	0.740029	21.3315	
0.997709	-0.00245284	-0.0676092	-0.00243845	0.997389	-0.0721691	0.0676098	0.0721686	0.995098	0.747727	0.800512	22.1821	
0.997527	-0.00264742	-0.0702409	-0.00263129	0.997184	-0.0749526	0.0702415	0.0749521	0.99471	0.806627	0.863372	23.0323	
0.997337	-0.00284956	-0.0728742	-0.00283156	0.99697	-0.077736	0.0728749	0.0777354	0.994307	0.867777	0.928611	23.8821	
0.99714	-0.00305929	-0.0755091	-0.00303927	0.996748	-0.0805191	0.0755099	0.0805183	0.993889	0.931178	0.996229	24.7316	
0.996937	-0.0032766	-0.0781453	-0.00325443	0.996519	-0.0833018	0.0781462	0.083301	0.993456	0.996831	1.06622	25.5808	
0.996726	-0.00350151	-0.0807829	-0.00347703	0.996282	-0.0860841	0.080784	0.0860831	0.993007	1.06474	1.1386	26.4295	
0.996507	-0.00373402	-0.0834218	-0.00370708	0.996037	-0.0888658	0.0834231	0.0888647	0.992544	1.1349	1.21335	27.2779	
0.996282	-0.00397415	-0.086062	-0.00394458	0.995784	-0.0916469	0.0860633	0.0916457	0.992066	1.20732	1.29048	28.1259	
0.996049	-0.00422191	-0.0887032	-0.00418955	0.995523	-0.0944273	0.0887047	0.0944259	0.991572	1.28199	1.36998	28.9734	
0.995809	-0.0044773	-0.0913455	-0.00444198	0.995254	-0.097207	0.0913472	0.0972053	0.991063	1.35892	1.45186	29.8205	
0.995562	-0.00474033	-0.0939888	-0.00470188	0.994978	-0.0999857	0.0939907	0.0999839	0.99054	1.43811	1.53611	30.6672	
0.995307	-0.00501101	-0.0966329	-0.00496924	0.994693	-0.102764	0.0966351	0.102761	0.990001	1.51956	1.62274	31.5135	
0.995046	-0.00528935	-0.0992779	-0.00524407	0.994401	-0.10554	0.0992803	0.105538	0.989447	1.60327	1.71174	32.3592	
0.994777	-0.00557534	-0.101924	-0.00552637	0.994101	-0.108316	0.101926	0.108313	0.988878	1.68924	1.80311	33.2045	
0.9945	-0.005869	-0.10457	-0.00581614	0.993793	-0.11109	0.104573	0.111088	0.988293	1.77747	1.89686	34.0493	
0.994216	-0.00617034	-0.107217	-0.00611338	0.993478	-0.113864	0.10722	0.113861	0.987694	1.86797	1.99297	34.8936	
0.993925	-0.00647934	-0.109864	-0.00641809	0.993154	-0.116635	0.109868	0.116632	0.98708	1.96072	2.09146	35.7374	
0.993627	-0.00679603	-0.112512	-0.00673027	0.992823	-0.119406	0.112516	0.119402	0.98645	2.05574	2.19231	36.5806	
0.993321	-0.0071204	-0.115161	-0.00704992	0.992484	-0.122175	0.115165	0.122171	0.985805	2.15302	2.29552	37.4233	
0.993008	-0.00745246	-0.117809	-0.00737703	0.992137	-0.124942	0.117814	0.124938	0.985145	2.25257	2.40111	38.2654	
0.992688	-0.00779221	-0.120458	-0.0077116	0.991782	-0.127708	0.120463	0.127703	0.98447	2.35438	2.50905	39.107	
0.99236	-0.00813964	-0.123107	-0.00805363	0.991419	-0.130471	0.123112	0.130466	0.983779	2.45845	2.61936	39.948	
0.992025	-0.00849477	-0.125755	-0.00840312	0.991049	-0.133233	0.125762	0.133228	0.983074	2.56479	2.73203	40.7883	
0.991682	-0.0088576	-0.128404	-0.00876006	0.990671	-0.135994	0.128411	0.135987	0.982353	2.67339	2.84706	41.6281	
0.991332	-0.00922811	-0.131053	-0.00912444	0.990285	-0.138752	0.13106	0.138745	0.981618	2.78425	2.96445	42.4673	
0.990975	-0.00960632	-0.133701	-0.00949627	0.989892	-0.141508	0.133709	0.1415	0.980867	2.89738	3.08419	43.3058	
0.99061	-0.00999222	-0.13635	-0.00987553	0.98949	-0.144261	0.136358	0.144253	0.980101	3.01278	3.20628	44.1437	
0.990238	-0.0103858	-0.138998	-0.0102622	0.989081	-0.147013	0.139007	0.147004	0.97932	3.13043	3.33073	44.9809	
0.989859	-0.0107871	-0.141645	-0.0106563	0.988665	-0.149762	0.141655	0.149753	0.978523	3.25035	3.45752	45.8174	
0.989472	-0.0111961	-0.144292	-0.0110579	0.98824	-0.152509	0.144303	0.152499	0.977712	3.37253	3.58667	46.6533	
0.989077	-0.0116127	-0.146938	-0.0114668	0.987808	-0.155254	0.14695	0.155243	0.976886	3.49698	3.71816	47.4884	
0.988676	-0.012037	-0.149584	-0.0118832	0.987368	-0.157996	0.149596	0.157984	0.976044	3.62368	3.85199	48.3228	
0.988267	-0.0124691	-0.152229	-0.0123069	0.986921	-0.160735	0.152242	0.160722	0.975188	3.75265	3.98817	49.1565	
0.987411	-0.0133602	-0.157611	-0.0125241	0.986695	-0.162101	0.15768	0.162034	0.974106	3.88507	4.12607	49.9894	
0.986524	-0.0142595	-0.162992	-0.0127501	0.986466	-0.163472	0.163117	0.163348	0.97299	4.02214	4.2651	50.8214	
0.985607	-0.0151667	-0.168371	-0.0129847	0.986233	-0.164848	0.168554	0.164662	0.971842	4.16385	4.40525	51.6523	
0.984659	-0.0160819	-0.173748	-0.0132281	0.985999	-0.166229	0.173989	0.165977	0.970659	4.31021	4.54652	52.4823	
0.98368	-0.0170051	-0.179123	-0.0134802	0.985761	-0.167613	0.179422	0.167292	0.969444	4.46122	4.68892	53.3113	
0.98267	-0.0179363	-0.184494	-0.0137411	0.98552	-0.169001	0.184854	0.168607	0.968195	4.61686	4.83244	54.1392	
0.981629	-0.0188753	-0.189862	-0.0140108	0.985277	-0.170392	0.190282	0.169922	0.966912	4.77715	4.97708	54.966	
0.980558	-0.0198222	-0.195225	-0.0142893	0.985031	-0.171786	0.195708	0.171235	0.965597	4.94207	5.12285	55.7917	
0.979456	-0.0207769	-0.200585	-0.0145765	0.984782	-0.173182	0.20113	0.172548	0.964248	5.11163	5.26974	56.6163	
0.978323	-0.0217394	-0.205939	-0.0148724	0.98453	-0.174581	0.206549	0.17386	0.962866	5.28582	5.41775	57.4397	
0.97716	-0.0227097	-0.211289	-0.0151771	0.984276	-0.175982	0.211963	0.17517	0.961451	5.46464	5.56688	58.2619	
0.975966	-0.0236877	-0.216633	-0.0154905	0.98402	-0.177385	0.217373	0.176477	0.960003	5.64809	5.71713	59.0829	
0.974741	-0.0246733	-0.22197	-0.0158126	0.98376	-0.178789	0.222777	0.177783	0.958522	5.83615	5.8685	59.9026	
0.973486	-0.0256665	-0.227301	-0.0161433	0.983499	-0.180193	0.228176	0.179085	0.957008	6.02883	6.02098	60.7211	
0.972201	-0.0266673	-0.232626	-0.0164826	0.983235	-0.181599	0.233568	0.180385	0.955462	6.22612	6.17457	61.5382	
0.970885	-0.0276755	-0.237943	-0.0168305	0.982968	-0.183005	0.238955	0.181681	0.953883	6.42802	6.32927	62.354	
0.969539	-0.0286912	-0.243252	-0.0171869	0.982699	-0.18441	0.244335	0.182974	0.952272	6.63452	6.48508	63.1685	
0.968162	-0.0297143	-0.248553	-0.0175518	0.982428	-0.185816	0.249707	0.184262	0.950628	6.84561	6.64199	63.9815	
0.966756	-0.0307447	-0.253846	-0.017925	0.982154	-0.18722	0.255072	0.185546	0.948952	7.06129	6.8	64.7932	
0.965319	-0.0317823	-0.25913	-0.0183066	0.981879	-0.188624	0.260429	0.186826	0.947245	7.28155	6.95911	65.6034	
0.963853	-0.0328271	-0.264404	-0.0186964	0.981601	-0.190026	0.265778	0.188101	0.945505	7.50638	7.1193	66.4121	
0.962357	-0.033879	-0.269669	-0.0190945	0.981321	-0.191427	0.271118	0.18937	0.943734	7.73578	7.28059	67.2193	
0.960831	-0.034938	-0.274924	-0.0195006	0.981039	-0.192825	0.276448	0.190634	0.941932	7.96974	7.44295	68.025	
0.959276	-0.0360039	-0.280168	-0.0199147	0.980756	-0.194222	0.281769	0.191891	0.940098	8.20825	7.60639	68.8292	
0.957691	-0.0370766	-0.285402	-0.0203368	0.98047	-0.195615	0.28708	0.193143	0.938233	8.45131	7.77091	69.6317	
0.956076	-0.0381562	-0.290624	-0.0207667	0.980182	-0.197006	0.292381	0.194388	0.936337	8.6989	7.93649	70.4327	
0.950226	-0.041833	-0.308742	-0.0180615	0.981882	-0.188629	0.311039	0.184816	0.932254	8.95673	8.09852	71.2311	
0.944014	-0.0453233	-0.326776	-0.0151897	0.983496	-0.18029	0.329554	0.17516	0.927746	9.23045	8.25234	72.0259	
0.937446	-0.0486256	-0.344719	-0.0121526	0.985023	-0.171994	0.34792	0.165425	0.922815	9.51993	8.39786	72.8166	
0.930522	-0.0517384	-0.362562	-0.00895147	0.986462	-0.163744	0.366126	0.155613	0.917462	9.82503	8.53504	73.6029	
0.923247	-0.0546602	-0.380298	-0.00558788	0.987813	-0.155544	0.384165	0.145731	0.911691	10.1456	8.6638	74.3845	
0.915624	-0.0573898	-0.397917	-0.00206333	0.989075	-0.147398	0.402029	0.135782	0.905503	10.4816	8.78409	75.161	
0.907657	-0.0599258	-0.415413	0.00162056	0.990248	-0.139308	0.41971	0.125771	0.898902	10.8327	8.89585	75.932	
0.899348	-0.0622671	-0.432776	0.00546212	0.99133	-0.13128	0.437199	0.115703	0.891891	11.1988	8.99903	76.6972	
0.890703	-0.0644127	-0.45	0.0094596	0.992322	-0.123317	0.454488	0.105582	0.884473	11.5798	9.09358	77.4562	
0.881724	-0.0663615	-0.467076	0.0136112	0.993223	-0.115421	0.47157	0.0954123	0.876652	11.9755	9.17946	78.2087	
0.872415	-0.0681127	-0.483996	0.0179149	0.994033	-0.107598	0.488437	0.0851994	0.86843	12.3857	9.25663	78.9543	
0.862782	-0.0696655	-0.500753	0.0223689	0.994751	-0.0998503	0.505081	0.0749477	0.859812	12.8102	9.32506	79.6928	
0.852828	-0.0710192	-0.517339	0.0269711	0.995377	-0.0921815	0.521494	0.0646618	0.850801	13.2489	9.38472	80.4237	
0.842559	-0.0721731	-0.533747	0.0317194	0.99591	-0.0845953	0.537669	0.0543464	0.841402	13.7015	9.43557	81.1468	
0.831978	-0.0731267	-0.549968	0.0366116	0.996351	-0.0770951	0.553599	0.0440062	0.83162	14.1677	9.47759	81.8616	
