1	0	0	0	1	0	0	0	1	0	0	0	
1	9.71793e-07	-0.000413022	9.71793e-07	0.999989	0.00470574	0.000413022	-0.00470574	0.999989	0.000198376	-0.00226019	0.960602	
1	3.89134e-06	-0.000826526	3.89048e-06	0.999956	0.00941489	0.000826526	-0.00941489	0.999955	0.000793736	-0.00904238	1.92118	
0.999999	8.76459e-06	-0.0012405	8.76115e-06	0.9999	0.0141273	0.0012405	-0.0141273	0.999899	0.00178654	-0.0203498	2.88172	
0.999999	1.55973e-05	-0.00165492	1.55887e-05	0.999822	0.0188428	0.00165492	-0.0188428	0.999821	0.00317722	-0.0361854	3.8422	
0.999998	2.43953e-05	-0.00206978	2.4378e-05	0.999722	0.0235611	0.00206979	-0.0235611	0.99972	0.00496621	-0.0565522	4.80258	
0.999997	3.51639e-05	-0.00248507	3.51337e-05	0.9996	0.0282823	0.00248507	-0.0282823	0.999597	0.00715392	-0.0814527	5.76286	
0.999996	4.79086e-05	-0.00290077	4.78603e-05	0.999455	0.0330059	0.00290077	-0.0330059	0.999451	0.00974077	-0.11089	6.72301	
0.999994	6.26346e-05	-0.00331686	6.25622e-05	0.999288	0.037732	0.00331686	-0.037732	0.999282	0.0127271	-0.144865	7.68301	
0.999993	7.93472e-05	-0.00373333	7.92437e-05	0.999098	0.0424604	0.00373333	-0.0424604	0.999091	0.0161134	-0.183382	8.64284	
0.999991	9.80512e-05	-0.00415017	9.79088e-05	0.998886	0.0471908	0.00415017	-0.0471908	0.998877	0.0198998	-0.226442	9.60247	
0.99999	0.000118752	-0.00456736	0.000118561	0.998651	0.0519231	0.00456736	-0.0519231	0.998641	0.0240869	-0.274047	10.5619	
0.999988	0.000141453	-0.00498488	0.000141206	0.998394	0.0566572	0.00498489	-0.0566572	0.998381	0.0286749	-0.326198	11.5211	
0.999985	0.00016616	-0.00540273	0.000165845	0.998114	0.0613928	0.00540274	-0.0613928	0.998099	0.0336641	-0.382898	12.48	
0.999983	0.000192877	-0.00582089	0.000192483	0.997811	0.0661299	0.0058209	-0.0661299	0.997794	0.0390549	-0.444148	13.4386	
0.999981	0.000221608	-0.00623934	0.000221124	0.997486	0.0708682	0.00623935	-0.0708682	0.997466	0.0448475	-0.509949	14.3969	
0.999978	0.000252358	-0.00665806	0.000251769	0.997138	0.0756075	0.00665809	-0.0756075	0.997115	0.0510421	-0.580302	15.355	
0.999975	0.000285131	-0.00707706	0.000284424	0.996767	0.0803478	0.00707708	-0.0803478	0.996742	0.0576392	-0.655207	16.3126	
0.999972	0.00031993	-0.0074963	0.00031909	0.996373	0.0850888	0.00749633	-0.0850888	0.996345	0.0646389	-0.734667	17.2699	
0.999969	0.000356759	-0.00791577	0.000355771	0.995957	0.0898304	0.00791581	-0.0898304	0.995926	0.0720414	-0.818682	18.2268	
0.999965	0.000395623	-0.00833546	0.000394469	0.995518	0.0945723	0.00833552	-0.0945723	0.995483	0.079847	-0.907251	19.1833	
0.999962	0.000436523	-0.00875536	0.000435187	0.995056	0.0993146	0.00875543	-0.0993146	0.995018	0.0880558	-1.00038	20.1393	
0.999958	0.000479465	-0.00917545	0.000477927	0.994571	0.104057	0.00917553	-0.104057	0.994529	0.0966681	-1.09806	21.0949	
0.999954	0.000524451	-0.00959572	0.000522692	0.994064	0.108799	0.00959581	-0.108799	0.994017	0.105684	-1.20029	22.05	
0.99995	0.000571483	-0.0100161	0.000569484	0.993533	0.113541	0.0100163	-0.113541	0.993483	0.115104	-1.30708	23.0046	
0.999945	0.000620566	-0.0104367	0.000618305	0.99298	0.118283	0.0104369	-0.118283	0.992925	0.124928	-1.41843	23.9587	
0.999941	0.000671702	-0.0108574	0.000669158	0.992404	0.123023	0.0108576	-0.123023	0.992344	0.135155	-1.53433	24.9122	
0.999936	0.000724894	-0.0112782	0.000722043	0.991804	0.127764	0.0112784	-0.127764	0.991741	0.145787	-1.65478	25.8652	
0.999931	0.000780143	-0.0116992	0.000776963	0.991182	0.132503	0.0116994	-0.132503	0.991114	0.156824	-1.77979	26.8176	
0.999926	0.000837454	-0.0121202	0.000833919	0.990537	0.137241	0.0121204	-0.137241	0.990464	0.168264	-1.90935	27.7693	
0.999921	0.000896827	-0.0125413	0.000892912	0.989869	0.141978	0.0125415	-0.141978	0.98979	0.18011	-2.04346	28.7205	
0.999916	0.000958266	-0.0129624	0.000953944	0.989179	0.146714	0.0129627	-0.146714	0.989094	0.192359	-2.18212	29.6709	
0.99991	0.00102177	-0.0133836	0.00101702	0.988465	0.151447	0.0133839	-0.151447	0.988375	0.205014	-2.32533	30.6207	
0.999904	0.00108735	-0.0138048	0.00108213	0.987728	0.15618	0.0138052	-0.15618	0.987632	0.218073	-2.47308	31.5698	
0.999898	0.00115499	-0.014226	0.00114929	0.986968	0.16091	0.0142265	-0.16091	0.986867	0.231537	-2.62538	32.5181	
0.999892	0.00122471	-0.0146472	0.00121848	0.986186	0.165638	0.0146478	-0.165638	0.986078	0.245405	-2.78222	33.4658	
0.999886	0.0012965	-0.0150685	0.00128973	0.98538	0.170364	0.015069	-0.170364	0.985266	0.259678	-2.94361	34.4126	
0.999879	0.00137037	-0.0154896	0.00136301	0.984552	0.175088	0.0154903	-0.175088	0.984431	0.274356	-3.10953	35.3587	
0.999872	0.00144631	-0.0159108	0.00143834	0.983701	0.179809	0.0159115	-0.179809	0.983573	0.289438	-3.27999	36.3039	
0.999865	0.00152434	-0.0163318	0.00151571	0.982826	0.184527	0.0163326	-0.184527	0.982692	0.304925	-3.45498	37.2483	
0.999858	0.00160444	-0.0167528	0.00159513	0.981929	0.189243	0.0167537	-0.189243	0.981787	0.320817	-3.6345	38.1918	
0.999851	0.00168662	-0.0171738	0.0016766	0.981009	0.193955	0.0171747	-0.193955	0.98086	0.337113	-3.81855	39.1345	
0.999844	0.00177088	-0.0175946	0.0017601	0.980066	0.198664	0.0175956	-0.198664	0.97991	0.353813	-4.00713	40.0763	
0.999836	0.00185722	-0.0180152	0.00184566	0.9791	0.20337	0.0180164	-0.20337	0.978936	0.370918	-4.20023	41.0171	
0.999828	0.00194564	-0.0184358	0.00193325	0.978112	0.208072	0.0184371	-0.208072	0.97794	0.388427	-4.39784	41.957	
0.99982	0.00203615	-0.0188562	0.00202289	0.9771	0.212771	0.0188576	-0.212771	0.97692	0.406339	-4.59998	42.8959	
0.999812	0.00212874	-0.0192764	0.00211457	0.976066	0.217466	0.019278	-0.217465	0.975878	0.424656	-4.80662	43.8339	
0.999804	0.00222341	-0.0196965	0.0022083	0.975009	0.222156	0.0196982	-0.222156	0.974812	0.443377	-5.01777	44.7708	
0.999795	0.00232016	-0.0201164	0.00230406	0.973929	0.226843	0.0201182	-0.226843	0.973724	0.462501	-5.23343	45.7067	
0.999786	0.00241899	-0.020536	0.00240187	0.972826	0.231525	0.0205381	-0.231525	0.972612	0.482028	-5.45358	46.6415	
0.999777	0.0025199	-0.0209555	0.00250171	0.971701	0.236203	0.0209577	-0.236203	0.971478	0.501958	-5.67824	47.5753	
0.999768	0.0026229	-0.0213747	0.00260359	0.970552	0.240876	0.0213771	-0.240876	0.970321	0.522292	-5.90738	48.5079	
0.999759	0.00272797	-0.0217937	0.00270751	0.969382	0.245544	0.0217962	-0.245544	0.96914	0.543028	-6.14101	49.4395	
0.999749	0.00283513	-0.0222124	0.00281346	0.968188	0.250207	0.0222151	-0.250207	0.967937	0.564167	-6.37912	50.3699	
0.99974	0.00294436	-0.0226308	0.00292145	0.966972	0.254865	0.0226337	-0.254865	0.966712	0.585708	-6.62171	51.2991	
0.99973	0.00305567	-0.0230489	0.00303146	0.965733	0.259518	0.0230521	-0.259518	0.965463	0.607651	-6.86877	52.2271	
0.99972	0.00316906	-0.0234667	0.00314351	0.964472	0.264166	0.0234701	-0.264165	0.964192	0.629996	-7.12029	53.1539	
0.999709	0.00328452	-0.0238842	0.00325758	0.963188	0.268808	0.0238879	-0.268807	0.962898	0.652742	-7.37628	54.0795	
0.999699	0.00340206	-0.0243013	0.00337368	0.961882	0.273444	0.0243053	-0.273443	0.961581	0.67589	-7.63673	55.0038	
0.999688	0.00352167	-0.0247181	0.0034918	0.960553	0.278074	0.0247224	-0.278073	0.960242	0.699438	-7.90162	55.9269	
0.999677	0.00364335	-0.0251345	0.00361194	0.959202	0.282698	0.0251391	-0.282697	0.95888	0.723386	-8.17096	56.8487	
0.999666	0.0037671	-0.0255506	0.00373409	0.957829	0.287316	0.0255554	-0.287315	0.957495	0.747735	-8.44474	57.7691	
0.999655	0.00389292	-0.0259662	0.00385827	0.956433	0.291927	0.0259714	-0.291927	0.956088	0.772484	-8.72295	58.6882	
0.999544	0.00505963	-0.0297549	0.0039915	0.95503	0.296482	0.0299169	-0.296466	0.954575	0.799327	-9.00556	59.6059	
0.999418	0.00624435	-0.0335375	0.00414373	0.953604	0.301035	0.0338612	-0.300999	0.953023	0.82996	-9.29253	60.5221	
0.999276	0.007447	-0.0373137	0.00431496	0.952155	0.305585	0.0378041	-0.305525	0.951433	0.864381	-9.58384	61.4369	
0.999118	0.0086675	-0.0410833	0.0045052	0.950683	0.310132	0.0417453	-0.310044	0.949805	0.902589	-9.8795	62.35	
0.998945	0.00990579	-0.0448461	0.00471446	0.949188	0.314675	0.0456845	-0.314554	0.948139	0.944582	-10.1795	63.2616	
0.998756	0.0111618	-0.0486016	0.00494273	0.94767	0.319213	0.0496213	-0.319056	0.946436	0.990358	-10.4838	64.1716	
0.998551	0.0124354	-0.0523497	0.00519	0.94613	0.323745	0.0535555	-0.323548	0.944695	1.03991	-10.7925	65.0799	
0.998331	0.0137265	-0.0560901	0.00545623	0.944568	0.328271	0.0574869	-0.328029	0.942917	1.09325	-11.1054	65.9865	
0.998096	0.015035	-0.0598224	0.00574141	0.942984	0.332789	0.0614151	-0.332499	0.941102	1.15036	-11.4227	66.8914	
0.997845	0.0163609	-0.0635465	0.00604548	0.941378	0.3373	0.0653398	-0.336957	0.93925	1.21124	-11.7442	67.7946	
0.997578	0.017704	-0.0672621	0.00636841	0.93975	0.341802	0.0692608	-0.341403	0.937362	1.27589	-12.07	68.6959	
0.997296	0.0190642	-0.0709688	0.00671014	0.938102	0.346295	0.0731778	-0.345835	0.935437	1.3443	-12.4001	69.5954	
0.995252	0.0273613	-0.0934111	0.00669692	0.938155	0.34615	0.0971052	-0.345132	0.933517	1.42609	-12.732	70.4932	
0.992633	0.0356391	-0.115801	0.00667998	0.938209	0.346006	0.120977	-0.34423	0.931059	1.53084	-13.0631	71.3888	
0.989442	0.0438928	-0.138125	0.00665934	0.938262	0.345861	0.144778	-0.343129	0.928063	1.65849	-13.3933	72.2817	
0.98568	0.0521178	-0.160371	0.00663502	0.938315	0.345717	0.168496	-0.341831	0.924533	1.80897	-13.7223	73.1716	
0.98135	0.0603092	-0.182525	0.00660701	0.938368	0.345574	0.192117	-0.340335	0.920469	1.98218	-14.05	74.0578	
0.976454	0.0684623	-0.204576	0.00657535	0.938421	0.345431	0.215627	-0.338643	0.915874	2.17803	-14.3761	74.9398	
0.970994	0.0765724	-0.22651	0.00654004	0.938473	0.34529	0.239013	-0.336756	0.910752	2.3964	-14.7005	75.8172	
0.964975	0.0846348	-0.248314	0.00650112	0.938526	0.345149	0.262261	-0.334674	0.905104	2.63718	-15.023	76.6894	
0.958399	0.092645	-0.269977	0.00645859	0.938577	0.345008	0.285358	-0.3324	0.898934	2.90022	-15.3434	77.5559	
0.951271	0.100598	-0.291485	0.00641249	0.938629	0.344869	0.30829	-0.329933	0.892245	3.18536	-15.6616	78.4163	
0.943594	0.10849	-0.312827	0.00636284	0.93868	0.344731	0.331044	-0.327277	0.885042	3.49245	-15.9772	79.27	
0.935373	0.116316	-0.333989	0.00630968	0.93873	0.344595	0.353608	-0.324432	0.877329	3.8213	-16.2903	80.1165	
0.926612	0.124071	-0.35496	0.00625302	0.938781	0.344459	0.375967	-0.321399	0.869109	4.17174	-16.6005	80.9553	
0.917317	0.131751	-0.375728	0.00619291	0.93883	0.344325	0.39811	-0.318182	0.860389	4.54355	-16.9077	81.7861	
0.907493	0.139351	-0.39628	0.00612938	0.938879	0.344192	0.420023	-0.31478	0.851172	4.93652	-17.2117	82.6082	
0.897145	0.146868	-0.416605	0.00606246	0.938928	0.34406	0.441694	-0.311198	0.841465	5.35042	-17.5124	83.4212	
0.886281	0.154296	-0.436691	0.0059922	0.938976	0.34393	0.46311	-0.307436	0.831272	5.78502	-17.8095	84.2247	
0.874905	0.161632	-0.456527	0.00591863	0.939023	0.343802	0.484259	-0.303496	0.820599	6.24007	-18.103	85.0181	
0.863024	0.168872	-0.4761	0.0058418	0.93907	0.343675	0.505129	-0.299382	0.809454	6.7153	-18.3926	85.801	
0.850646	0.17601	-0.495401	0.00576175	0.939116	0.343551	0.525707	-0.295094	0.797842	7.21044	-18.6781	86.5731	
0.837777	0.183044	-0.514416	0.00567853	0.939162	0.343428	0.545983	-0.290637	0.785769	7.7252	-18.9594	87.3337	
0.824425	0.189968	-0.533137	0.00559218	0.939207	0.343307	0.565943	-0.286012	0.773244	8.25928	-19.2364	88.0826	
0.810598	0.196779	-0.551551	0.00550276	0.939251	0.343188	0.585577	-0.281222	0.760272	8.81239	-19.5089	88.8191	
0.796303	0.203473	-0.569649	0.00541031	0.939294	0.34307	0.604873	-0.27627	0.746862	9.38419	-19.7767	89.5431	
0.781549	0.210047	-0.587419	0.0053149	0.939337	0.342956	0.623821	-0.271159	0.733021	9.97437	-20.0396	90.2539	
