1	0	0	0	1	0	0	0	1	0	0	0	
1	-1.00758e-06	0.000770648	-1.00758e-06	0.999997	0.00261489	-0.000770648	-0.00261489	0.999996	-0.000299308	-0.00101558	0.776767	
0.999999	-4.03139e-06	0.00154117	-4.03483e-06	0.999986	0.0052338	-0.00154117	-0.0052338	0.999985	-0.00119718	-0.00406389	1.55353	
0.999997	-9.07371e-06	0.00231153	-9.08747e-06	0.999969	0.00785665	-0.00231153	-0.00785665	0.999966	-0.0026935	-0.00914802	2.33028	
0.999995	-1.61366e-05	0.00308171	-1.61711e-05	0.999945	0.0104834	-0.00308171	-0.0104834	0.99994	-0.00478815	-0.016271	3.10701	
0.999993	-2.52221e-05	0.00385169	-2.5291e-05	0.999914	0.0131139	-0.00385169	-0.0131139	0.999907	-0.00748098	-0.0254358	3.88372	
0.999989	-3.63316e-05	0.00462144	-3.64525e-05	0.999876	0.0157482	-0.00462144	-0.0157482	0.999865	-0.0107718	-0.0366454	4.6604	
0.999985	-4.94669e-05	0.00539095	-4.96605e-05	0.999831	0.0183861	-0.00539094	-0.0183861	0.999816	-0.0146605	-0.0499026	5.43704	
0.999981	-6.46291e-05	0.00616017	-6.492e-05	0.999779	0.0210276	-0.00616017	-0.0210276	0.99976	-0.0191467	-0.0652102	6.21365	
0.999976	-8.18193e-05	0.0069291	-8.22354e-05	0.99972	0.0236726	-0.00692909	-0.0236726	0.999696	-0.0242304	-0.0825711	6.9902	
0.99997	-0.000101039	0.0076977	-0.000101611	0.999654	0.0263211	-0.00769769	-0.0263211	0.999624	-0.0299112	-0.101988	7.76671	
0.999964	-0.000122287	0.00846595	-0.000123052	0.99958	0.0289729	-0.00846594	-0.0289729	0.999544	-0.0361889	-0.123463	8.54315	
0.999957	-0.000145566	0.00923384	-0.000146561	0.9995	0.0316281	-0.00923382	-0.0316281	0.999457	-0.0430632	-0.147	9.31953	
0.99995	-0.000170876	0.0100013	-0.000172144	0.999412	0.0342865	-0.0100013	-0.0342865	0.999362	-0.0505338	-0.1726	10.0958	
0.999942	-0.000198215	0.0107684	-0.000199803	0.999317	0.036948	-0.0107684	-0.036948	0.999259	-0.0586004	-0.200266	10.8721	
0.999933	-0.000227586	0.011535	-0.000229542	0.999215	0.0396127	-0.011535	-0.0396127	0.999149	-0.0672627	-0.230001	11.6482	
0.999924	-0.000258986	0.0123012	-0.000261364	0.999106	0.0422803	-0.0123011	-0.0422803	0.99903	-0.0765203	-0.261807	12.4243	
0.999915	-0.000292416	0.0130669	-0.000295273	0.998989	0.0449509	-0.0130668	-0.044951	0.998904	-0.0863728	-0.295686	13.2002	
0.999904	-0.000327876	0.013832	-0.000331271	0.998865	0.0476244	-0.013832	-0.0476244	0.99877	-0.0968199	-0.331641	13.9761	
0.999893	-0.000365363	0.0145967	-0.000369362	0.998734	0.0503007	-0.0145966	-0.0503007	0.998627	-0.107861	-0.369674	14.7519	
0.999882	-0.000404877	0.0153608	-0.000409549	0.998596	0.0529797	-0.0153606	-0.0529798	0.998477	-0.119496	-0.409786	15.5275	
0.99987	-0.000446417	0.0161243	-0.000451832	0.99845	0.0556614	-0.0161241	-0.0556614	0.998319	-0.131724	-0.451981	16.303	
0.999857	-0.000489982	0.0168872	-0.000496216	0.998296	0.0583457	-0.016887	-0.0583457	0.998154	-0.144545	-0.496259	17.0784	
0.999844	-0.00053557	0.0176494	-0.000542701	0.998136	0.0610324	-0.0176492	-0.0610325	0.99798	-0.157958	-0.542624	17.8537	
0.99983	-0.000583178	0.0184111	-0.000591291	0.997968	0.0637217	-0.0184108	-0.0637218	0.997798	-0.171964	-0.591076	18.6288	
0.999816	-0.000632806	0.019172	-0.000641986	0.997792	0.0664133	-0.0191717	-0.0664134	0.997608	-0.18656	-0.641619	19.4038	
0.999801	-0.00068445	0.0199323	-0.000694788	0.997609	0.0691072	-0.0199319	-0.0691073	0.99741	-0.201747	-0.694253	20.1786	
0.999786	-0.000738109	0.0206918	-0.000749699	0.997419	0.0718033	-0.0206914	-0.0718034	0.997204	-0.217525	-0.74898	20.9533	
0.99977	-0.00079378	0.0214506	-0.000806719	0.997221	0.0745016	-0.0214502	-0.0745017	0.99699	-0.233892	-0.805803	21.7278	
0.999753	-0.000851459	0.0222087	-0.000865851	0.997015	0.077202	-0.0222081	-0.0772021	0.996768	-0.250848	-0.864722	22.5022	
0.999736	-0.000911146	0.022966	-0.000927094	0.996802	0.0799044	-0.0229653	-0.0799045	0.996538	-0.268393	-0.92574	23.2764	
0.999718	-0.000972835	0.0237224	-0.000990449	0.996582	0.0826087	-0.0237217	-0.0826089	0.9963	-0.286525	-0.988858	24.0503	
0.9997	-0.00103652	0.0244781	-0.00105592	0.996353	0.0853149	-0.0244773	-0.0853151	0.996053	-0.305245	-1.05408	24.8241	
0.999681	-0.00110221	0.0252329	-0.0011235	0.996118	0.0880229	-0.0252319	-0.0880231	0.995799	-0.324551	-1.1214	25.5977	
0.999662	-0.00116989	0.0259868	-0.00119319	0.995875	0.0907326	-0.0259858	-0.0907329	0.995536	-0.344443	-1.19082	26.3711	
0.999642	-0.00123956	0.0267399	-0.001265	0.995624	0.093444	-0.0267387	-0.0934443	0.995265	-0.364921	-1.26236	27.1443	
0.999621	-0.00131121	0.027492	-0.00133892	0.995365	0.0961569	-0.0274907	-0.0961573	0.994986	-0.385982	-1.33599	27.9173	
0.9996	-0.00138484	0.0282432	-0.00141496	0.995099	0.0988713	-0.0282417	-0.0988718	0.994699	-0.407628	-1.41174	28.6901	
0.999579	-0.00146045	0.0289935	-0.0014931	0.994826	0.101587	-0.0289918	-0.101588	0.994404	-0.429857	-1.4896	29.4626	
0.999556	-0.00153803	0.0297427	-0.00157336	0.994544	0.104304	-0.0297409	-0.104305	0.994101	-0.452667	-1.56956	30.2349	
0.999534	-0.00161758	0.030491	-0.00165573	0.994255	0.107023	-0.030489	-0.107024	0.993789	-0.47606	-1.65164	31.007	
0.999511	-0.00169909	0.0312383	-0.0017402	0.993958	0.109743	-0.031236	-0.109743	0.993469	-0.500033	-1.73583	31.7788	
0.999487	-0.00178256	0.0319845	-0.00182679	0.993654	0.112464	-0.031982	-0.112464	0.993141	-0.524586	-1.82213	32.5504	
0.999462	-0.00186798	0.0327297	-0.00191548	0.993342	0.115186	-0.032727	-0.115186	0.992805	-0.549718	-1.91054	33.3217	
0.999438	-0.00195535	0.0334738	-0.00200628	0.993022	0.117909	-0.0334708	-0.11791	0.99246	-0.575428	-2.00108	34.0927	
0.999412	-0.00204466	0.0342168	-0.00209918	0.992695	0.120633	-0.0342135	-0.120634	0.992107	-0.601715	-2.09372	34.8635	
0.999386	-0.0021359	0.0349587	-0.00219418	0.99236	0.123357	-0.0349551	-0.123358	0.991746	-0.628579	-2.18848	35.634	
0.99936	-0.00222908	0.0356995	-0.00229128	0.992017	0.126083	-0.0356955	-0.126084	0.991377	-0.656019	-2.28536	36.4042	
0.999333	-0.00232417	0.0364391	-0.00239048	0.991667	0.128809	-0.0364348	-0.12881	0.991	-0.684033	-2.38436	37.1741	
0.999306	-0.00242119	0.0371775	-0.00249177	0.991308	0.131536	-0.0371728	-0.131537	0.990614	-0.712621	-2.48548	37.9438	
0.999278	-0.00252011	0.0379147	-0.00259515	0.990942	0.134264	-0.0379096	-0.134265	0.99022	-0.741782	-2.58871	38.7131	
0.999249	-0.00262094	0.0386507	-0.00270062	0.990569	0.136992	-0.0386452	-0.136993	0.989818	-0.771515	-2.69406	39.4821	
0.99922	-0.00272367	0.0393855	-0.00280818	0.990187	0.13972	-0.0393795	-0.139722	0.989407	-0.801818	-2.80153	40.2508	
0.999191	-0.00282829	0.040119	-0.00291782	0.989798	0.142449	-0.0401126	-0.142451	0.988989	-0.832692	-2.91112	41.0192	
0.999273	-0.00252767	0.0380495	-0.00301172	0.989453	0.144826	-0.0380142	-0.144835	0.988725	-0.863035	-3.0227	41.7873	
0.99935	-0.00222179	0.0359787	-0.00310088	0.9891	0.14721	-0.0359136	-0.147226	0.988451	-0.891747	-3.13613	42.5552	
0.999423	-0.00191063	0.0339069	-0.00318527	0.988741	0.149602	-0.0338109	-0.149624	0.988165	-0.918827	-3.25143	43.3229	
0.999492	-0.00159419	0.0318339	-0.00326483	0.988375	0.152002	-0.0317062	-0.152029	0.987867	-0.944273	-3.36858	44.0903	
0.999556	-0.00127244	0.0297601	-0.00333951	0.988001	0.154409	-0.0295995	-0.154439	0.987559	-0.968083	-3.48761	44.8576	
0.999616	-0.000945391	0.0276853	-0.00340928	0.987621	0.156822	-0.0274908	-0.156856	0.987239	-0.990256	-3.60851	45.6245	
0.999672	-0.000613018	0.0256097	-0.0034741	0.987233	0.159242	-0.0253804	-0.159279	0.986907	-1.01079	-3.73129	46.3913	
0.999723	-0.000275314	0.0235335	-0.00353391	0.986839	0.161668	-0.0232683	-0.161707	0.986565	-1.02968	-3.85596	47.1577	
0.99977	6.773e-05	0.0214566	-0.00358868	0.986437	0.164101	-0.0211545	-0.16414	0.98621	-1.04694	-3.98251	47.9239	
0.999812	0.000416121	0.0193792	-0.00363837	0.986028	0.166539	-0.0190391	-0.166578	0.985844	-1.06255	-4.11096	48.6899	
0.99985	0.000769868	0.0173012	-0.00368295	0.985612	0.168982	-0.0169222	-0.169021	0.985467	-1.07652	-4.2413	49.4555	
0.999883	0.00112898	0.0152229	-0.00372237	0.985189	0.171431	-0.0148039	-0.171468	0.985078	-1.08884	-4.37354	50.2208	
0.999912	0.00149345	0.0131443	-0.00375662	0.984759	0.173885	-0.0126843	-0.173919	0.984678	-1.09951	-4.50768	50.9858	
0.999937	0.0018633	0.0110654	-0.00378565	0.984321	0.176344	-0.0105634	-0.176374	0.984266	-1.10854	-4.64373	51.7505	
0.999957	0.00223853	0.00898642	-0.00380943	0.983877	0.178807	-0.00844127	-0.178833	0.983843	-1.11592	-4.78169	52.5149	
0.999973	0.00261913	0.0069073	-0.00382794	0.983425	0.181274	-0.00631803	-0.181295	0.983408	-1.12166	-4.92156	53.279	
0.999984	0.00300513	0.00482816	-0.00384115	0.982966	0.183745	-0.00419375	-0.183761	0.982962	-1.12574	-5.06334	54.0427	
0.99999	0.0033965	0.00274908	-0.00384904	0.982501	0.18622	-0.00206848	-0.186229	0.982504	-1.12817	-5.20704	54.806	
0.999993	0.00379327	0.000670127	-0.00385157	0.982028	0.188698	5.76987e-05	-0.188699	0.982035	-1.12895	-5.35265	55.569	
0.99999	0.00419542	-0.00140863	-0.00384874	0.981548	0.191179	0.00218471	-0.191172	0.981554	-1.12808	-5.50019	56.3317	
0.999983	0.00460296	-0.00348712	-0.00384051	0.98106	0.193664	0.0043125	-0.193647	0.981062	-1.12556	-5.64965	57.0939	
0.999972	0.00501588	-0.00556527	-0.00382688	0.980566	0.196151	0.00644098	-0.196124	0.980558	-1.12138	-5.80103	57.8558	
0.999956	0.00543419	-0.00764301	-0.00380782	0.980065	0.19864	0.0085701	-0.198602	0.980043	-1.11555	-5.95433	58.6172	
0.999936	0.00585789	-0.00972028	-0.00378332	0.979557	0.201131	0.0106998	-0.201081	0.979516	-1.10807	-6.10956	59.3783	
0.999911	0.00628696	-0.011797	-0.00375337	0.979042	0.203624	0.0128299	-0.203562	0.978978	-1.09893	-6.26672	60.1389	
0.999881	0.0067214	-0.0138731	-0.00371795	0.97852	0.206119	0.0149605	-0.206043	0.978429	-1.08813	-6.4258	60.8992	
0.999847	0.00716122	-0.0159486	-0.00367706	0.977991	0.208615	0.0170915	-0.208525	0.977868	-1.07569	-6.58682	61.659	
0.999809	0.0076064	-0.0180233	-0.00363068	0.977455	0.211112	0.0192227	-0.211006	0.977296	-1.06158	-6.74976	62.4183	
0.999766	0.00805694	-0.0200972	-0.00357881	0.976912	0.21361	0.0213542	-0.213488	0.976712	-1.04582	-6.91462	63.1772	
0.999718	0.00851283	-0.0221702	-0.00352144	0.976363	0.216109	0.0234858	-0.215969	0.976118	-1.02841	-7.08142	63.9357	
0.999666	0.00897406	-0.0242423	-0.00345857	0.975807	0.218607	0.0256176	-0.21845	0.975512	-1.00934	-7.25014	64.6937	
0.999609	0.00944062	-0.0263133	-0.0033902	0.975244	0.221106	0.0277493	-0.22093	0.974895	-0.98861	-7.42079	65.4512	
0.999548	0.00991251	-0.0283834	-0.00331634	0.974674	0.223604	0.029881	-0.223409	0.974267	-0.966227	-7.59336	66.2082	
0.999482	0.0103897	-0.0304523	-0.00323697	0.974098	0.226102	0.0320126	-0.225886	0.973628	-0.942188	-7.76786	66.9647	
0.999412	0.0108722	-0.03252	-0.0031521	0.973516	0.228599	0.0341441	-0.228362	0.972977	-0.916494	-7.94428	67.7207	
0.999337	0.01136	-0.0345864	-0.00306175	0.972926	0.231095	0.0362753	-0.230836	0.972316	-0.889144	-8.12263	68.4763	
0.999258	0.0118531	-0.0366515	-0.00296591	0.972331	0.23359	0.0384062	-0.233308	0.971644	-0.860139	-8.30289	69.2313	
0.999174	0.0123514	-0.0387153	-0.00286459	0.971729	0.236083	0.0405367	-0.235777	0.970961	-0.829479	-8.48508	69.9857	
0.999086	0.012855	-0.0407776	-0.00275781	0.97112	0.238574	0.0426669	-0.238244	0.970268	-0.797164	-8.66918	70.7397	
0.998072	0.0174511	-0.0595582	-0.002836	0.971475	0.237125	0.0619974	-0.236499	0.969652	-0.756513	-8.85357	71.4931	
0.996685	0.0220125	-0.0783233	-0.00294305	0.971827	0.235677	0.0813046	-0.234665	0.96867	-0.700855	-9.03657	72.246	
0.994924	0.0265375	-0.0970659	-0.00307892	0.972176	0.234231	0.100581	-0.232743	0.967323	-0.630211	-9.21811	72.9979	
0.99279	0.0310245	-0.115779	-0.00324357	0.972522	0.232787	0.11982	-0.230733	0.965611	-0.544609	-9.39812	73.7487	
0.990285	0.0354717	-0.134455	-0.00343693	0.972866	0.231346	0.139013	-0.228636	0.963536	-0.444079	-9.57654	74.4979	
0.987408	0.0398775	-0.153088	-0.00365892	0.973205	0.229908	0.158154	-0.226453	0.961096	-0.32866	-9.75329	75.2455	
0.984161	0.0442401	-0.17167	-0.00390947	0.973542	0.228474	0.177235	-0.224184	0.958295	-0.198397	-9.92832	75.9909	
