1	0	0	0	1	0	0	0	1	0	0	0	
1	-7.90381e-09	-3.89695e-05	-7.90381e-09	1	-0.000405641	3.89695e-05	0.000405641	1	1.51351e-05	0.000157544	0.776768	
1	-3.15063e-08	-7.78004e-05	-3.15131e-08	1	-0.000810014	7.78004e-05	0.000810014	1	6.04866e-05	0.000629685	1.55354	
1	-7.06449e-08	-0.000116492	-7.06719e-08	0.999999	-0.00121311	0.000116492	0.00121311	0.999999	0.000135947	0.00141543	2.3303	
1	-1.25156e-07	-0.000155042	-1.25223e-07	0.999999	-0.00161491	0.000155042	0.00161491	0.999999	0.000241406	0.00251379	3.10707	
1	-1.94874e-07	-0.000193451	-1.95008e-07	0.999998	-0.0020154	0.000193451	0.0020154	0.999998	0.000376755	0.00392374	3.88384	
1	-2.79634e-07	-0.000231717	-2.79868e-07	0.999997	-0.00241458	0.000231717	0.00241458	0.999997	0.000541884	0.00564428	4.6606	
1	-3.79267e-07	-0.00026984	-3.79641e-07	0.999996	-0.00281244	0.00026984	0.00281244	0.999996	0.000736681	0.00767437	5.43737	
1	-4.93607e-07	-0.000307818	-4.94166e-07	0.999995	-0.00320895	0.000307818	0.00320895	0.999995	0.000961033	0.010013	6.21413	
1	-6.22483e-07	-0.000345649	-6.23279e-07	0.999994	-0.00360411	0.000345649	0.00360411	0.999993	0.00121483	0.0126591	6.99089	
1	-7.65726e-07	-0.000383335	-7.66816e-07	0.999992	-0.00399791	0.000383335	0.00399791	0.999992	0.00149796	0.0156116	7.76766	
1	-9.23163e-07	-0.000420872	-9.24612e-07	0.99999	-0.00439033	0.000420872	0.00439033	0.99999	0.0018103	0.0188694	8.54442	
1	-1.09462e-06	-0.00045826	-1.0965e-06	0.999989	-0.00478137	0.00045826	0.00478137	0.999988	0.00215174	0.0224315	9.32118	
1	-1.27993e-06	-0.000495499	-1.28231e-06	0.999987	-0.005171	0.000495499	0.005171	0.999987	0.00252216	0.0262969	10.0979	
1	-1.47892e-06	-0.000532587	-1.48188e-06	0.999985	-0.00555923	0.000532587	0.00555923	0.999984	0.00292145	0.0304643	10.8747	
1	-1.6914e-06	-0.000569523	-1.69504e-06	0.999982	-0.00594604	0.000569523	0.00594604	0.999982	0.0033495	0.0349328	11.6514	
1	-1.91721e-06	-0.000606307	-1.92161e-06	0.99998	-0.00633142	0.000606307	0.00633142	0.99998	0.00380617	0.0397012	12.4282	
1	-2.15616e-06	-0.000642936	-2.16143e-06	0.999977	-0.00671535	0.000642936	0.00671535	0.999977	0.00429135	0.0447683	13.2049	
1	-2.40809e-06	-0.000679412	-2.41432e-06	0.999975	-0.00709782	0.000679411	0.00709782	0.999975	0.00480493	0.0501331	13.9817	
1	-2.6728e-06	-0.000715731	-2.6801e-06	0.999972	-0.00747883	0.000715731	0.00747883	0.999972	0.00534678	0.0557945	14.7584	
1	-2.95013e-06	-0.000751894	-2.95862e-06	0.999969	-0.00785836	0.000751894	0.00785836	0.999969	0.00591679	0.0617512	15.5352	
1	-3.23989e-06	-0.000787899	-3.24968e-06	0.999966	-0.0082364	0.000787899	0.0082364	0.999966	0.00651482	0.0680021	16.3119	
1	-3.54189e-06	-0.000823746	-3.55311e-06	0.999963	-0.00861294	0.000823746	0.00861294	0.999963	0.00714075	0.0745461	17.0887	
1	-3.85597e-06	-0.000859433	-3.86875e-06	0.99996	-0.00898797	0.000859433	0.00898797	0.999959	0.00779447	0.0813821	17.8654	
1	-4.18194e-06	-0.00089496	-4.1964e-06	0.999956	-0.00936148	0.00089496	0.00936148	0.999956	0.00847585	0.0885087	18.6421	
1	-4.5196e-06	-0.000930326	-4.53589e-06	0.999953	-0.00973345	0.000930326	0.00973345	0.999952	0.00918476	0.0959249	19.4189	
1	-4.86879e-06	-0.000965529	-4.88705e-06	0.999949	-0.0101039	0.000965529	0.0101039	0.999948	0.00992108	0.103629	20.1956	
0.999999	-5.22932e-06	-0.00100057	-5.24969e-06	0.999945	-0.0104727	0.00100057	0.0104727	0.999945	0.0106847	0.111621	20.9723	
0.999999	-5.601e-06	-0.00103545	-5.62363e-06	0.999941	-0.0108401	0.00103545	0.0108401	0.999941	0.0114754	0.119899	21.7491	
0.999999	-5.98364e-06	-0.00107016	-6.00869e-06	0.999937	-0.0112058	0.00107016	0.0112058	0.999937	0.0122932	0.128461	22.5258	
0.999999	-6.37707e-06	-0.0011047	-6.40469e-06	0.999933	-0.0115699	0.0011047	0.0115699	0.999932	0.0131379	0.137306	23.3025	
0.999999	-6.78109e-06	-0.00113908	-6.81145e-06	0.999929	-0.0119325	0.00113908	0.0119325	0.999928	0.0140094	0.146434	24.0792	
0.999999	-7.19552e-06	-0.00117329	-7.22878e-06	0.999924	-0.0122934	0.00117329	0.0122934	0.999924	0.0149074	0.155843	24.8559	
0.999999	-7.62017e-06	-0.00120734	-7.6565e-06	0.99992	-0.0126527	0.00120734	0.0126527	0.999919	0.015832	0.165532	25.6326	
0.999999	-8.05485e-06	-0.00124121	-8.09443e-06	0.999915	-0.0130104	0.00124121	0.0130104	0.999915	0.016783	0.175499	26.4093	
0.999999	-8.49938e-06	-0.00127491	-8.54238e-06	0.999911	-0.0133664	0.00127491	0.0133664	0.99991	0.0177602	0.185743	27.186	
0.999999	-8.95357e-06	-0.00130844	-9.00017e-06	0.999906	-0.0137208	0.00130844	0.0137208	0.999905	0.0187636	0.196264	27.9627	
0.999999	-9.41722e-06	-0.0013418	-9.46761e-06	0.999901	-0.0140735	0.0013418	0.0140735	0.9999	0.0197929	0.207059	28.7394	
0.999999	-9.89016e-06	-0.00137499	-9.94452e-06	0.999896	-0.0144245	0.00137499	0.0144245	0.999895	0.020848	0.218127	29.5161	
0.999999	-1.03722e-05	-0.00140801	-1.04307e-05	0.999891	-0.0147739	0.00140801	0.0147739	0.99989	0.0219289	0.229467	30.2928	
0.999999	-1.08631e-05	-0.00144084	-1.0926e-05	0.999886	-0.0151216	0.00144084	0.0151216	0.999885	0.0230354	0.241078	31.0695	
0.999999	-1.13627e-05	-0.00147351	-1.14302e-05	0.99988	-0.0154675	0.00147351	0.0154675	0.999879	0.0241672	0.252958	31.8461	
0.999999	-1.18709e-05	-0.001506	-1.19431e-05	0.999875	-0.0158118	0.001506	0.0158118	0.999874	0.0253244	0.265107	32.6228	
0.999999	-1.23874e-05	-0.00153831	-1.24645e-05	0.99987	-0.0161543	0.00153831	0.0161543	0.999868	0.0265068	0.277522	33.3995	
0.999999	-1.2912e-05	-0.00157044	-1.29943e-05	0.999864	-0.0164951	0.00157044	0.0164951	0.999863	0.0277142	0.290202	34.1761	
0.999999	-1.34446e-05	-0.00160239	-1.35322e-05	0.999858	-0.0168341	0.00160239	0.0168341	0.999857	0.0289465	0.303147	34.9528	
0.999999	-1.39849e-05	-0.00163417	-1.40781e-05	0.999853	-0.0171714	0.00163417	0.0171714	0.999851	0.0302035	0.316354	35.7295	
0.999999	-1.45329e-05	-0.00166576	-1.46318e-05	0.999847	-0.0175069	0.00166576	0.0175069	0.999845	0.0314851	0.329822	36.5061	
0.999999	-1.50881e-05	-0.00169718	-1.51931e-05	0.999841	-0.0178407	0.00169718	0.0178407	0.999839	0.0327912	0.343551	37.2828	
0.999999	-1.56506e-05	-0.00172841	-1.57617e-05	0.999835	-0.0181726	0.00172841	0.0181726	0.999833	0.0341217	0.357538	38.0594	
0.999998	-1.62201e-05	-0.00175946	-1.63376e-05	0.999829	-0.0185028	0.00175946	0.0185028	0.999827	0.0354763	0.371782	38.836	
0.999998	-1.67964e-05	-0.00179033	-1.69205e-05	0.999823	-0.0188312	0.00179032	0.0188312	0.999821	0.036855	0.386282	39.6127	
0.999998	-1.73793e-05	-0.00182101	-1.75103e-05	0.999816	-0.0191577	0.00182101	0.0191577	0.999815	0.0382576	0.401036	40.3893	
0.999998	-1.79686e-05	-0.0018515	-1.81067e-05	0.99981	-0.0194824	0.0018515	0.0194824	0.999808	0.0396839	0.416043	41.1659	
1	2.36117e-05	0.000364246	-1.7036e-05	0.999837	-0.0180425	-0.000364613	0.0180425	0.999837	0.0402614	0.430617	41.9425	
0.999997	6.20087e-05	0.00258059	-1.91591e-05	0.999862	-0.0166013	-0.00258126	0.0166012	0.999859	0.0391173	0.444072	42.7192	
0.999988	9.72176e-05	0.00479749	-2.44823e-05	0.999885	-0.0151588	-0.00479842	0.0151585	0.999874	0.0362511	0.456407	43.4959	
0.999975	0.000129234	0.00701493	-3.30115e-05	0.999906	-0.0137152	-0.00701604	0.0137146	0.999881	0.0316626	0.467621	44.2725	
0.999957	0.000158052	0.00923286	-4.47524e-05	0.999925	-0.0122703	-0.00923411	0.0122694	0.999882	0.0253513	0.477713	45.0492	
0.999934	0.00018367	0.0114513	-5.97103e-05	0.999941	-0.0108243	-0.0114526	0.0108229	0.999876	0.0173169	0.486682	45.8259	
0.999907	0.000206081	0.0136701	-7.78904e-05	0.999956	-0.0093773	-0.0136714	0.00937536	0.999863	0.00755913	0.494526	46.6025	
0.999874	0.000225282	0.0158894	-9.92975e-05	0.999969	-0.00792923	-0.0158906	0.00792665	0.999842	-0.00392231	0.501246	47.3792	
0.999836	0.00024127	0.018109	-0.000123936	0.999979	-0.00648018	-0.0181102	0.00647688	0.999815	-0.0171277	0.50684	48.1558	
0.999793	0.000254041	0.0203289	-0.000151811	0.999987	-0.0050302	-0.02033	0.00502607	0.999781	-0.0320572	0.511308	48.9324	
0.999746	0.000263591	0.0225492	-0.000182925	0.999994	-0.00357932	-0.02255	0.00357428	0.999739	-0.0487111	0.514648	49.709	
0.999693	0.000269917	0.0247698	-0.000217283	0.999998	-0.0021276	-0.0247703	0.00212156	0.999691	-0.0670896	0.51686	50.4856	
0.999636	0.000273015	0.0269906	-0.000254887	1	-0.000675078	-0.0269908	0.000667953	0.999635	-0.0871928	0.517944	51.2621	
0.999573	0.000272884	0.0292117	-0.000295742	1	0.000778193	-0.0292115	-0.0007865	0.999573	-0.109021	0.517898	52.0385	
0.999506	0.000269519	0.0314329	-0.00033985	0.999997	0.00223217	-0.0314322	-0.00224175	0.999503	-0.132574	0.516722	52.8149	
0.999433	0.000262918	0.0336543	-0.000387213	0.999993	0.0036868	-0.0336531	-0.00369774	0.999427	-0.157852	0.514415	53.5913	
0.999356	0.00025308	0.0358759	-0.000437833	0.999987	0.00514205	-0.0358741	-0.00515444	0.999343	-0.184855	0.510977	54.3676	
0.999274	0.00024	0.0380975	-0.000491714	0.999978	0.00659786	-0.0380951	-0.0066118	0.999252	-0.213584	0.506407	55.1438	
0.999187	0.000223678	0.0403192	-0.000548856	0.999967	0.00805419	-0.0403161	-0.00806977	0.999154	-0.244037	0.500705	55.92	
0.999095	0.000204111	0.042541	-0.00060926	0.999955	0.00951099	-0.0425371	-0.00952829	0.999049	-0.276216	0.49387	56.696	
0.998998	0.000181298	0.0447627	-0.000672928	0.99994	0.0109682	-0.044758	-0.0109873	0.998937	-0.31012	0.485902	57.472	
0.998896	0.000155236	0.0469845	-0.000739861	0.999923	0.0124258	-0.0469789	-0.0124469	0.998818	-0.345749	0.476801	58.2479	
0.998789	0.000125925	0.0492062	-0.00081006	0.999903	0.0138837	-0.0491996	-0.0139068	0.998692	-0.383104	0.466565	59.0237	
0.998677	9.33626e-05	0.0514278	-0.000883523	0.999882	0.015342	-0.0514203	-0.0153671	0.998559	-0.422183	0.455196	59.7994	
0.99856	5.7548e-05	0.0536493	-0.000960252	0.999858	0.0168004	-0.0536407	-0.0168277	0.998419	-0.462987	0.442692	60.575	
0.998438	1.84803e-05	0.0558706	-0.00104025	0.999833	0.0182591	-0.0558609	-0.0182886	0.998271	-0.505515	0.429053	61.3505	
0.998311	-2.38415e-05	0.0580918	-0.00112351	0.999805	0.0197178	-0.058081	-0.0197498	0.998117	-0.549769	0.41428	62.1259	
0.99818	-6.94179e-05	0.0603128	-0.00121003	0.999775	0.0211767	-0.0603007	-0.0212111	0.997955	-0.595746	0.398371	62.9011	
0.998043	-0.000118249	0.0625336	-0.00129981	0.999743	0.0226356	-0.0625202	-0.0226726	0.997786	-0.643448	0.381327	63.6762	
0.997901	-0.000170337	0.0647541	-0.00139286	0.999709	0.0240946	-0.0647393	-0.0241342	0.99761	-0.692873	0.363148	64.4512	
0.997755	-0.000225679	0.0669743	-0.00148916	0.999672	0.0255534	-0.0669581	-0.0255958	0.997427	-0.744023	0.343834	65.226	
0.997603	-0.000284278	0.0691942	-0.00158872	0.999634	0.0270122	-0.0691765	-0.0270574	0.997237	-0.796895	0.323384	66.0007	
0.997447	-0.000346131	0.0714137	-0.00169154	0.999593	0.0284709	-0.0713945	-0.028519	0.99704	-0.851491	0.301799	66.7753	
0.997285	-0.00041124	0.0736328	-0.00179761	0.99955	0.0299293	-0.073612	-0.0299804	0.996836	-0.907809	0.279079	67.5497	
0.997119	-0.000479604	0.0758516	-0.00190692	0.999505	0.0313875	-0.0758291	-0.0314418	0.996625	-0.965849	0.255224	68.3239	
0.996948	-0.000551221	0.0780699	-0.00201948	0.999458	0.0328455	-0.0780457	-0.0329029	0.996407	-1.02561	0.230233	69.098	
0.996772	-0.000626091	0.0802877	-0.00213529	0.999409	0.0343031	-0.0802617	-0.0343638	0.996181	-1.0871	0.204108	69.8718	
0.99659	-0.000704214	0.082505	-0.00225433	0.999358	0.0357603	-0.0824772	-0.0358244	0.995949	-1.1503	0.176848	70.6456	
0.996404	-0.000785587	0.0847218	-0.00237661	0.999304	0.0372171	-0.0846921	-0.0372847	0.995709	-1.21523	0.148454	71.4191	
0.99499	-0.00144807	0.0999637	-0.00347789	0.998789	0.0490856	-0.0999136	-0.0491874	0.99378	-1.28693	0.114868	72.1918	
0.993343	-0.00229278	0.115173	-0.00476056	0.998131	0.0609289	-0.115097	-0.0610716	0.991475	-1.37044	0.072044	72.9629	
0.991463	-0.00331941	0.130344	-0.00622414	0.997331	0.0727424	-0.130238	-0.0729327	0.988797	-1.46572	0.0199973	73.732	
0.989352	-0.00452757	0.145472	-0.00786806	0.996391	0.0845217	-0.145329	-0.0847663	0.985745	-1.57275	-0.0412524	74.4989	
0.98701	-0.00591681	0.160549	-0.00969172	0.995309	0.0962624	-0.160366	-0.096568	0.982322	-1.69148	-0.111682	75.2633	
0.984438	-0.00748659	0.175572	-0.0116944	0.994086	0.10796	-0.175342	-0.108333	0.978529	-1.82187	-0.191265	76.0249	
0.981637	-0.00923634	0.190533	-0.0138754	0.992724	0.11961	-0.190252	-0.120058	0.974367	-1.96387	-0.279971	76.7834	
