1	0	0	0	1	0	0	0	1	0	0	0	
1	-5.28206e-07	0.000433306	-5.28206e-07	0.999997	0.00243802	-0.000433306	-0.00243802	0.999997	-0.000215012	-0.00120978	0.992423	
1	-2.11934e-06	0.00086776	-2.12116e-06	0.999988	0.00488669	-0.00086776	-0.00488669	0.999988	-0.000860617	-0.00484439	1.98484	
0.999999	-4.7835e-06	0.00130333	-4.79078e-06	0.999973	0.00734588	-0.00130333	-0.00734588	0.999972	-0.00193794	-0.0109143	2.97725	
0.999998	-8.53054e-06	0.00174	-8.54882e-06	0.999952	0.00981547	-0.00174	-0.00981547	0.99995	-0.00344808	-0.01943	3.96963	
0.999998	-1.33702e-05	0.00217773	-1.34069e-05	0.999924	0.0122953	-0.00217773	-0.0122953	0.999922	-0.00539211	-0.0304017	4.96199	
0.999997	-1.93118e-05	0.0026165	-1.93763e-05	0.999891	0.0147854	-0.0026165	-0.0147854	0.999887	-0.00777107	-0.0438395	5.95432	
0.999995	-2.63648e-05	0.00305628	-2.64684e-05	0.999851	0.0172854	-0.00305628	-0.0172854	0.999846	-0.010586	-0.0597534	6.94662	
0.999994	-3.45381e-05	0.00349704	-3.46942e-05	0.999804	0.0197954	-0.00349704	-0.0197954	0.999798	-0.0138378	-0.0781534	7.93886	
0.999992	-4.38406e-05	0.00393875	-4.40645e-05	0.999751	0.0223152	-0.00393875	-0.0223152	0.999743	-0.0175275	-0.0990491	8.93106	
0.99999	-5.4281e-05	0.00438139	-5.45901e-05	0.999691	0.0248446	-0.00438139	-0.0248446	0.999682	-0.0216561	-0.12245	9.9232	
0.999988	-6.58676e-05	0.00482493	-6.62814e-05	0.999625	0.0273835	-0.00482493	-0.0273835	0.999613	-0.0262244	-0.148367	10.9153	
0.999986	-7.86088e-05	0.00526934	-7.91488e-05	0.999552	0.0299319	-0.00526933	-0.0299319	0.999538	-0.0312333	-0.176807	11.9073	
0.999984	-9.25124e-05	0.00571459	-9.32023e-05	0.999472	0.0324895	-0.00571458	-0.0324895	0.999456	-0.0366836	-0.207781	12.8992	
0.999981	-0.000107586	0.00616066	-0.000108452	0.999385	0.0350563	-0.00616065	-0.0350563	0.999366	-0.0425763	-0.241299	13.891	
0.999978	-0.000123838	0.00660752	-0.000124908	0.999292	0.0376322	-0.0066075	-0.0376322	0.99927	-0.048912	-0.277368	14.8828	
0.999975	-0.000141275	0.00705514	-0.000142579	0.999191	0.0402169	-0.00705511	-0.0402169	0.999166	-0.0556915	-0.315997	15.8744	
0.999972	-0.000159904	0.00750349	-0.000161474	0.999083	0.0428104	-0.00750345	-0.0428104	0.999055	-0.0629157	-0.357196	16.866	
0.999968	-0.000179733	0.00795255	-0.000181604	0.998968	0.0454126	-0.0079525	-0.0454126	0.998937	-0.0705851	-0.400974	17.8574	
0.999965	-0.000200768	0.00840228	-0.000202977	0.998846	0.0480233	-0.00840223	-0.0480233	0.998811	-0.0787005	-0.447338	18.8487	
0.999961	-0.000223015	0.00885268	-0.000225601	0.998717	0.0506424	-0.00885261	-0.0506424	0.998678	-0.0872626	-0.496297	19.8399	
0.999957	-0.00024648	0.00930369	-0.000249486	0.99858	0.0532698	-0.00930361	-0.0532698	0.998537	-0.0962719	-0.54786	20.8309	
0.999952	-0.000271171	0.00975531	-0.000274639	0.998436	0.0559052	-0.00975521	-0.0559053	0.998388	-0.105729	-0.602034	21.8218	
0.999948	-0.000297092	0.0102075	-0.00030107	0.998285	0.0585488	-0.0102074	-0.0585488	0.998232	-0.115635	-0.658827	22.8126	
0.999943	-0.000324249	0.0106602	-0.000328785	0.998125	0.0612001	-0.0106601	-0.0612002	0.998069	-0.12599	-0.718248	23.8032	
0.999938	-0.000352648	0.0111135	-0.000357792	0.997959	0.0638593	-0.0111133	-0.0638593	0.997897	-0.136794	-0.780304	24.7936	
0.999933	-0.000382293	0.0115672	-0.0003881	0.997785	0.066526	-0.011567	-0.0665261	0.997718	-0.148048	-0.845003	25.7838	
0.999928	-0.00041319	0.0120214	-0.000419716	0.997603	0.0692003	-0.0120212	-0.0692003	0.99753	-0.159753	-0.912352	26.7739	
0.999922	-0.000445344	0.0124761	-0.000452646	0.997413	0.0718819	-0.0124758	-0.0718819	0.997335	-0.171908	-0.982359	27.7638	
0.999916	-0.000478758	0.0129311	-0.000486898	0.997216	0.0745707	-0.0129308	-0.0745708	0.997132	-0.184516	-1.05503	28.7535	
0.99991	-0.000513438	0.0133865	-0.000522478	0.99701	0.0772666	-0.0133862	-0.0772667	0.996921	-0.197574	-1.13037	29.7429	
0.999904	-0.000549386	0.0138423	-0.000559393	0.996797	0.0799695	-0.0138419	-0.0799696	0.996701	-0.211085	-1.2084	30.7322	
0.999898	-0.000586608	0.0142985	-0.00059765	0.996576	0.0826793	-0.014298	-0.0826794	0.996474	-0.225049	-1.28911	31.7212	
0.999891	-0.000625106	0.0147549	-0.000637253	0.996347	0.0853957	-0.0147544	-0.0853958	0.996238	-0.239465	-1.37251	32.7101	
0.999884	-0.000664884	0.0152116	-0.000678211	0.99611	0.0881187	-0.015211	-0.0881188	0.995994	-0.254334	-1.45861	33.6986	
0.999877	-0.000705945	0.0156686	-0.000720527	0.995864	0.0908482	-0.0156679	-0.0908483	0.995741	-0.269657	-1.54741	34.6869	
0.99987	-0.000748292	0.0161258	-0.000764208	0.995611	0.0935839	-0.016125	-0.0935841	0.995481	-0.285433	-1.63893	35.675	
0.999862	-0.000791927	0.0165832	-0.000809258	0.99535	0.0963259	-0.0165824	-0.096326	0.995212	-0.301663	-1.73317	36.6628	
0.999854	-0.000836854	0.0170408	-0.000855683	0.99508	0.0990739	-0.0170398	-0.099074	0.994934	-0.318346	-1.83013	37.6504	
0.999846	-0.000883074	0.0174985	-0.000903488	0.994802	0.101828	-0.0174975	-0.101828	0.994648	-0.335484	-1.92982	38.6376	
0.999838	-0.00093059	0.0179564	-0.000952678	0.994515	0.104587	-0.0179552	-0.104588	0.994354	-0.353076	-2.03224	39.6246	
0.99983	-0.000979402	0.0184143	-0.00100326	0.99422	0.107353	-0.018413	-0.107353	0.99405	-0.371123	-2.13741	40.6112	
0.999821	-0.00102951	0.0188723	-0.00105523	0.993917	0.110124	-0.0188709	-0.110124	0.993739	-0.389623	-2.24532	41.5976	
0.999813	-0.00108092	0.0193304	-0.00110859	0.993606	0.1129	-0.0193289	-0.1129	0.993418	-0.408579	-2.35599	42.5837	
0.999804	-0.00113364	0.0197885	-0.00116336	0.993286	0.115681	-0.0197868	-0.115682	0.993089	-0.427988	-2.46942	43.5694	
0.999794	-0.00118765	0.0202466	-0.00121954	0.992957	0.118468	-0.0202447	-0.118468	0.992751	-0.447852	-2.5856	44.5548	
0.999785	-0.00124297	0.0207047	-0.00127712	0.99262	0.121259	-0.0207026	-0.12126	0.992405	-0.468171	-2.70456	45.5399	
0.999775	-0.00129959	0.0211627	-0.00133611	0.992274	0.124056	-0.0211605	-0.124056	0.99205	-0.488944	-2.82629	46.5246	
0.999765	-0.00135752	0.0216207	-0.00139651	0.99192	0.126857	-0.0216182	-0.126857	0.991685	-0.510171	-2.95079	47.5089	
0.999755	-0.00141674	0.0220785	-0.00145833	0.991557	0.129662	-0.0220758	-0.129663	0.991312	-0.531853	-3.07808	48.4929	
0.999745	-0.00147727	0.0225363	-0.00152157	0.991185	0.132473	-0.0225333	-0.132473	0.99093	-0.553988	-3.20816	49.4765	
0.999734	-0.00153911	0.0229939	-0.00158624	0.990805	0.135287	-0.0229906	-0.135288	0.99054	-0.576578	-3.34102	50.4598	
0.999724	-0.00160224	0.0234513	-0.00165232	0.990416	0.138106	-0.0234478	-0.138106	0.99014	-0.599621	-3.47669	51.4426	
0.999713	-0.00166668	0.0239085	-0.00171983	0.990018	0.140928	-0.0239047	-0.140929	0.989731	-0.623118	-3.61515	52.425	
0.999702	-0.00173242	0.0243655	-0.00178876	0.989612	0.143755	-0.0243614	-0.143756	0.989313	-0.647068	-3.75641	53.4071	
0.99969	-0.00179946	0.0248222	-0.00185913	0.989196	0.146585	-0.0248178	-0.146586	0.988887	-0.671472	-3.90048	54.3887	
0.999679	-0.00186779	0.0252787	-0.00193092	0.988772	0.149419	-0.0252739	-0.14942	0.988451	-0.696328	-4.04736	55.3698	
0.999667	-0.00193742	0.0257349	-0.00200414	0.988339	0.152257	-0.0257298	-0.152257	0.988006	-0.721637	-4.19706	56.3506	
0.999655	-0.00200835	0.0261907	-0.0020788	0.987897	0.155097	-0.0261852	-0.155098	0.987552	-0.747397	-4.34957	57.3309	
0.999643	-0.00208056	0.0266463	-0.00215488	0.987446	0.157942	-0.0266404	-0.157943	0.987089	-0.77361	-4.50491	58.3107	
0.99963	-0.00215407	0.0271014	-0.0022324	0.986986	0.160789	-0.0270951	-0.16079	0.986617	-0.800274	-4.66307	59.2901	
0.999618	-0.00222886	0.0275562	-0.00231135	0.986518	0.163639	-0.0275494	-0.16364	0.986135	-0.82739	-4.82405	60.269	
0.999605	-0.00230493	0.0280106	-0.00239173	0.98604	0.166492	-0.0280033	-0.166493	0.985645	-0.854956	-4.98787	61.2474	
0.999592	-0.00238229	0.0284645	-0.00247354	0.985553	0.169348	-0.0284568	-0.169349	0.985145	-0.882972	-5.15452	62.2254	
0.999659	-0.00195701	0.0260276	-0.00261149	0.984682	0.17434	-0.0259701	-0.174348	0.984342	-0.909979	-5.32507	63.2026	
0.99972	-0.00151956	0.0235937	-0.00273698	0.983785	0.179333	-0.0234837	-0.179347	0.983505	-0.934519	-5.50057	64.1791	
0.999775	-0.00106991	0.0211629	-0.00284996	0.982861	0.184327	-0.0209974	-0.184346	0.982637	-0.956591	-5.68104	65.1547	
0.999824	-0.000608049	0.018735	-0.00295041	0.981911	0.189321	-0.0185113	-0.189343	0.981736	-0.976196	-5.86647	66.1295	
0.999867	-0.000133951	0.01631	-0.00303829	0.980934	0.194315	-0.0160251	-0.194339	0.980804	-0.993333	-6.05686	67.1033	
0.999903	0.000352405	0.0138878	-0.00311358	0.979932	0.199308	-0.0135388	-0.199332	0.979838	-1.008	-6.25221	68.0762	
0.999934	0.000851041	0.0114682	-0.00317625	0.978903	0.204299	-0.0110524	-0.204322	0.978841	-1.02021	-6.45251	69.0481	
0.999958	0.00136198	0.00905124	-0.00322627	0.977849	0.209289	-0.0085657	-0.209309	0.977812	-1.02994	-6.65776	70.0191	
0.999976	0.00188525	0.00663679	-0.00326363	0.976768	0.214275	-0.00607864	-0.214292	0.976751	-1.03721	-6.86795	70.9889	
0.999898	0.00629791	-0.0127921	-0.00320586	0.973494	0.228692	0.0138933	-0.228628	0.973415	-1.03333	-7.08774	71.9567	
0.999423	0.0109948	-0.0321485	-0.00285286	0.970008	0.243055	0.0338566	-0.242823	0.96948	-1.00963	-7.3217	72.9208	
0.998549	0.0159731	-0.0514205	-0.00220484	0.966314	0.257356	0.0537992	-0.256869	0.964948	-0.966136	-7.56966	73.8808	
0.997279	0.0212297	-0.0705964	-0.00126221	0.962413	0.271585	0.0737086	-0.270757	0.959822	-0.902862	-7.83149	74.8359	
0.995612	0.0267613	-0.0896642	-2.55434e-05	0.958309	0.285735	0.0935726	-0.284479	0.954105	-0.81985	-8.10702	75.7857	
0.993551	0.0325646	-0.108612	0.0015044	0.954002	0.299795	0.113379	-0.298025	0.947801	-0.717153	-8.39608	76.7295	
0.991095	0.038636	-0.127429	0.00332667	0.949497	0.313758	0.133116	-0.311388	0.940913	-0.594833	-8.69849	77.6667	
0.988247	0.0449717	-0.146103	0.00544015	0.944796	0.327614	0.15277	-0.324559	0.933447	-0.452966	-9.01407	78.5968	
0.985008	0.0515679	-0.164622	0.00784354	0.939901	0.341356	0.172331	-0.33753	0.925406	-0.291638	-9.34263	79.5193	
0.98138	0.0584204	-0.182975	0.0105354	0.934816	0.354975	0.191786	-0.350293	0.916795	-0.11095	-9.68395	80.4334	
0.977366	0.0655251	-0.201151	0.0135139	0.929544	0.368463	0.211122	-0.362841	0.90762	0.0889886	-10.0378	81.3388	
0.972968	0.0728777	-0.219139	0.0167775	0.924088	0.38181	0.230329	-0.375166	0.897886	0.308053	-10.4041	82.2347	
0.968189	0.0804735	-0.236927	0.0203239	0.918452	0.39501	0.249394	-0.387259	0.8876	0.54611	-10.7824	83.1208	
0.963031	0.0883079	-0.254505	0.0241512	0.912639	0.408053	0.268305	-0.399115	0.876767	0.803011	-11.1726	83.9963	
0.957498	0.096376	-0.271861	0.0282568	0.906652	0.420933	0.287051	-0.410724	0.865394	1.0786	-11.5745	84.8608	
0.951594	0.104673	-0.288986	0.0326382	0.900495	0.43364	0.305621	-0.422081	0.853489	1.37271	-11.9878	85.7138	
0.945321	0.113194	-0.305868	0.0372929	0.894172	0.446167	0.324002	-0.433178	0.841059	1.68515	-12.4122	86.5547	
0.938684	0.121933	-0.322497	0.0422178	0.887687	0.458507	0.342184	-0.444008	0.82811	2.01573	-12.8475	87.383	
0.931687	0.130885	-0.338864	0.04741	0.881045	0.470652	0.360155	-0.454565	0.814652	2.36426	-13.2934	88.1982	
0.924334	0.140045	-0.354957	0.0528663	0.874248	0.482593	0.377905	-0.464843	0.800693	2.73052	-13.7496	88.9998	
0.916629	0.149406	-0.370767	0.0585833	0.867301	0.494325	0.395422	-0.474834	0.786241	3.11427	-14.2159	89.7873	
0.908578	0.158964	-0.386284	0.0645575	0.860208	0.50584	0.412695	-0.484533	0.771305	3.51529	-14.692	90.5602	
0.900186	0.168712	-0.401499	0.0707852	0.852975	0.51713	0.429715	-0.493933	0.755894	3.93332	-15.1776	91.3181	
0.891457	0.178645	-0.416403	0.0772626	0.845605	0.528189	0.44647	-0.50303	0.740017	4.36812	-15.6723	92.0604	
0.882396	0.188755	-0.430985	0.0839857	0.838102	0.539009	0.46295	-0.511817	0.723686	4.81941	-16.1759	92.7867	
0.873011	0.199038	-0.445237	0.0909504	0.830472	0.549585	0.479146	-0.520288	0.706908	5.28691	-16.6881	93.4967	
0.863305	0.209486	-0.459151	0.0981523	0.822719	0.55991	0.495046	-0.52844	0.689696	5.77034	-17.2085	94.1897	
