1	0	0	0	1	0	0	0	1	0	0	0	
0.999996	-3.10403e-06	-0.00271943	-3.10403e-06	0.999997	-0.00228285	0.00271943	0.00228285	0.999994	0.00122924	0.0010319	0.904039	
0.999985	-1.24324e-05	-0.00544239	-1.24325e-05	0.99999	-0.00456868	0.00544239	0.00456868	0.999975	0.00491855	0.00412893	1.80807	
0.999967	-2.80091e-05	-0.0081688	-2.80093e-05	0.999976	-0.00685741	0.0081688	0.00685741	0.999943	0.0110711	0.00929376	2.71207	
0.999941	-4.98576e-05	-0.0108985	-4.98579e-05	0.999958	-0.00914897	0.0108985	0.00914897	0.999899	0.0196899	0.016529	3.61604	
0.999907	-7.80004e-05	-0.0136315	-7.80011e-05	0.999935	-0.0114433	0.0136315	0.0114433	0.999842	0.030778	0.0258371	4.51996	
0.999866	-0.00011246	-0.0163677	-0.000112461	0.999906	-0.0137402	0.0163677	0.0137402	0.999772	0.0443383	0.0372205	5.42383	
0.999817	-0.000153258	-0.0191069	-0.00015326	0.999871	-0.0160397	0.0191069	0.0160397	0.999689	0.0603735	0.0506817	6.32763	
0.999761	-0.000200414	-0.021849	-0.000200417	0.999832	-0.0183418	0.021849	0.0183418	0.999593	0.0788865	0.0662228	7.23134	
0.999697	-0.00025395	-0.0245941	-0.000253955	0.999787	-0.0206462	0.0245941	0.0206462	0.999484	0.0998797	0.0838462	8.13497	
0.999626	-0.000313885	-0.0273419	-0.000313891	0.999736	-0.022953	0.0273419	0.022953	0.999363	0.123356	0.103554	9.03849	
0.999547	-0.000380239	-0.0300923	-0.000380247	0.999681	-0.025262	0.0300923	0.025262	0.999228	0.149317	0.125348	9.94189	
0.99946	-0.000453029	-0.0328453	-0.000453039	0.99962	-0.0275732	0.0328453	0.0275732	0.99908	0.177766	0.149231	10.8452	
0.999366	-0.000532273	-0.0356008	-0.000532286	0.999553	-0.0298865	0.0356008	0.0298865	0.998919	0.208705	0.175204	11.7483	
0.999264	-0.000617989	-0.0383587	-0.000618006	0.999481	-0.0322018	0.0383587	0.0322018	0.998745	0.242137	0.203269	12.6513	
0.999154	-0.000710194	-0.0411189	-0.000710214	0.999404	-0.034519	0.0411189	0.034519	0.998558	0.278062	0.233428	13.5541	
0.999036	-0.000808903	-0.0438812	-0.000808928	0.999321	-0.0368381	0.0438812	0.0368381	0.998357	0.316484	0.265683	14.4568	
0.998911	-0.000914132	-0.0466457	-0.000914161	0.999233	-0.039159	0.0466457	0.039159	0.998144	0.357404	0.300035	15.3592	
0.998778	-0.0010259	-0.0494121	-0.00102593	0.999139	-0.0414815	0.0494121	0.0414815	0.997917	0.400824	0.336486	16.2615	
0.998637	-0.00114421	-0.0521805	-0.00114425	0.999039	-0.0438056	0.0521805	0.0438056	0.997676	0.446746	0.375038	17.1635	
0.998488	-0.00126908	-0.0549506	-0.00126913	0.998935	-0.0461313	0.0549506	0.0461313	0.997423	0.495172	0.415691	18.0654	
0.998332	-0.00140053	-0.0577224	-0.00140059	0.998824	-0.0484584	0.0577224	0.0484584	0.997156	0.546102	0.458448	18.9669	
0.998167	-0.00153857	-0.0604959	-0.00153863	0.998708	-0.0507869	0.0604959	0.0507869	0.996876	0.599539	0.503309	19.8683	
0.997995	-0.00168321	-0.0632708	-0.00168328	0.998587	-0.0531166	0.0632708	0.0531166	0.996582	0.655484	0.550275	20.7694	
0.997815	-0.00183445	-0.0660472	-0.00183454	0.99846	-0.0554476	0.0660472	0.0554476	0.996275	0.713939	0.599348	21.6702	
0.997627	-0.00199232	-0.0688249	-0.00199242	0.998327	-0.0577796	0.0688249	0.0577796	0.995954	0.774904	0.650529	22.5707	
0.997431	-0.00215682	-0.0716038	-0.00215693	0.998189	-0.0601128	0.0716038	0.0601128	0.99562	0.83838	0.703819	23.4709	
0.997227	-0.00232796	-0.0743838	-0.00232808	0.998046	-0.0624468	0.0743838	0.0624468	0.995273	0.90437	0.759219	24.3709	
0.997015	-0.00250575	-0.0771649	-0.00250588	0.997896	-0.0647818	0.0771649	0.0647818	0.994912	0.972873	0.816729	25.2705	
0.996795	-0.00269019	-0.0799469	-0.00269034	0.997741	-0.0671175	0.0799468	0.0671175	0.994537	1.04389	0.87635	26.1698	
0.996568	-0.0028813	-0.0827297	-0.00288146	0.997581	-0.069454	0.0827297	0.069454	0.994149	1.11742	0.938083	27.0687	
0.996332	-0.00307908	-0.0855132	-0.00307926	0.997415	-0.0717911	0.0855132	0.0717911	0.993747	1.19347	1.00193	27.9672	
0.996089	-0.00328354	-0.0882975	-0.00328373	0.997243	-0.0741287	0.0882975	0.0741287	0.993332	1.27204	1.06789	28.8654	
0.995837	-0.00349468	-0.0910822	-0.00349489	0.997066	-0.0764668	0.0910822	0.0764668	0.992903	1.35312	1.13596	29.7633	
0.995578	-0.0037125	-0.0938674	-0.00371274	0.996883	-0.0788053	0.0938674	0.0788053	0.992461	1.43672	1.20615	30.6607	
0.99531	-0.00393702	-0.096653	-0.00393728	0.996695	-0.0811442	0.096653	0.0811442	0.992005	1.52284	1.27845	31.5577	
0.995035	-0.00416824	-0.0994388	-0.00416852	0.9965	-0.0834832	0.0994388	0.0834832	0.991535	1.61148	1.35286	32.4543	
0.994752	-0.00440615	-0.102225	-0.00440646	0.996301	-0.0858224	0.102225	0.0858224	0.991052	1.70264	1.42939	33.3505	
0.99446	-0.00465076	-0.105011	-0.0046511	0.996095	-0.0881617	0.105011	0.0881617	0.990556	1.79631	1.50804	34.2462	
0.994161	-0.00490208	-0.107797	-0.00490244	0.995884	-0.090501	0.107797	0.090501	0.990045	1.8925	1.58879	35.1415	
0.993854	-0.00516011	-0.110583	-0.0051605	0.995668	-0.0928401	0.110583	0.0928402	0.989521	1.99122	1.67167	36.0363	
0.993538	-0.00542483	-0.113369	-0.00542525	0.995445	-0.0951792	0.113369	0.0951792	0.988984	2.09245	1.75666	36.9306	
0.993215	-0.00569627	-0.116154	-0.00569672	0.995217	-0.0975179	0.116154	0.0975179	0.988432	2.1962	1.84376	37.8244	
0.992884	-0.0059744	-0.118939	-0.00597489	0.994984	-0.0998564	0.118939	0.0998564	0.987868	2.30246	1.93298	38.7178	
0.992544	-0.00625925	-0.121723	-0.00625977	0.994745	-0.102194	0.121723	0.102194	0.987289	2.41125	2.02431	39.6106	
0.992197	-0.00655079	-0.124507	-0.00655135	0.9945	-0.104532	0.124507	0.104532	0.986697	2.52255	2.11775	40.5029	
0.991842	-0.00684903	-0.12729	-0.00684963	0.99425	-0.106869	0.12729	0.106869	0.986091	2.63637	2.21331	41.3946	
0.991479	-0.00715397	-0.130073	-0.0071546	0.993993	-0.109205	0.130073	0.109205	0.985472	2.7527	2.31098	42.2858	
0.991107	-0.0074656	-0.132854	-0.00746628	0.993732	-0.111541	0.132854	0.111541	0.984839	2.87155	2.41076	43.1764	
0.990728	-0.00778392	-0.135635	-0.00778464	0.993465	-0.113876	0.135635	0.113876	0.984193	2.99291	2.51266	44.0665	
0.990341	-0.00810893	-0.138414	-0.00810969	0.993192	-0.11621	0.138414	0.11621	0.983533	3.11679	2.61666	44.9559	
0.989946	-0.00844061	-0.141193	-0.00844142	0.992913	-0.118543	0.141193	0.118543	0.982859	3.24318	2.72277	45.8448	
0.989543	-0.00877896	-0.14397	-0.00877982	0.992629	-0.120874	0.14397	0.120874	0.982172	3.37207	2.83099	46.733	
0.989132	-0.00912398	-0.146746	-0.0091249	0.992339	-0.123205	0.146745	0.123205	0.981471	3.50348	2.94132	47.6206	
0.988713	-0.00947566	-0.14952	-0.00947663	0.992044	-0.125535	0.14952	0.125535	0.980757	3.6374	3.05376	48.5076	
0.988287	-0.00983399	-0.152293	-0.00983501	0.991743	-0.127863	0.152292	0.127863	0.98003	3.77383	3.1683	49.3939	
0.987852	-0.010199	-0.155064	-0.0102	0.991437	-0.13019	0.155064	0.13019	0.979288	3.91276	3.28495	50.2795	
0.987409	-0.0105706	-0.157833	-0.0105717	0.991125	-0.132516	0.157833	0.132516	0.978534	4.05419	3.40369	51.1645	
0.986959	-0.0109488	-0.160601	-0.01095	0.990807	-0.13484	0.160601	0.13484	0.977766	4.19813	3.52454	52.0488	
0.9865	-0.0113336	-0.163366	-0.0113349	0.990484	-0.137162	0.163366	0.137162	0.976984	4.34457	3.64749	52.9324	
0.986034	-0.0117251	-0.16613	-0.0117264	0.990155	-0.139483	0.16613	0.139483	0.976189	4.49351	3.77254	53.8153	
0.985346	-0.0122947	-0.170126	-0.0116092	0.990252	-0.138803	0.170174	0.138744	0.975598	4.64553	3.89831	54.6975	
0.984639	-0.0128621	-0.174125	-0.0114896	0.990348	-0.138125	0.174221	0.138004	0.974988	4.8012	4.0234	55.5792	
0.983916	-0.0134272	-0.178127	-0.0113677	0.990443	-0.137451	0.17827	0.137265	0.97436	4.96054	4.14783	56.4604	
0.983175	-0.0139899	-0.18213	-0.0112433	0.990538	-0.136779	0.182321	0.136525	0.973715	5.12353	4.27159	57.3409	
0.982416	-0.0145501	-0.186135	-0.0111165	0.990631	-0.13611	0.186372	0.135785	0.973051	5.29019	4.39468	58.2209	
0.98164	-0.0151078	-0.190141	-0.0109873	0.990724	-0.135443	0.190424	0.135045	0.972369	5.46051	4.5171	59.1003	
0.980847	-0.0156629	-0.194148	-0.0108558	0.990816	-0.134778	0.194476	0.134304	0.971669	5.63449	4.63885	59.979	
0.980037	-0.0162154	-0.198155	-0.0107218	0.990908	-0.134116	0.198528	0.133563	0.970952	5.81214	4.75993	60.8571	
0.979209	-0.0167651	-0.202161	-0.0105854	0.990998	-0.133456	0.202578	0.132821	0.970217	5.99344	4.88035	61.7346	
0.978364	-0.0173121	-0.206166	-0.0104466	0.991088	-0.132798	0.206628	0.132078	0.969464	6.17841	5.00009	62.6114	
0.977502	-0.0178563	-0.21017	-0.0103053	0.991177	-0.132142	0.210675	0.131334	0.968694	6.36704	5.11915	63.4875	
0.976623	-0.0183976	-0.214172	-0.0101616	0.991266	-0.131487	0.214721	0.13059	0.967906	6.55933	5.23755	64.3628	
0.975727	-0.0189359	-0.218172	-0.0100154	0.991354	-0.130835	0.218763	0.129844	0.9671	6.75528	5.35527	65.2375	
0.974814	-0.0194713	-0.222169	-0.00986672	0.991441	-0.130184	0.222803	0.129097	0.966278	6.95487	5.47232	66.1114	
0.973884	-0.0200036	-0.226163	-0.00971556	0.991527	-0.129534	0.226838	0.128349	0.965438	7.15812	5.58869	66.9846	
0.972938	-0.0205328	-0.230154	-0.0095619	0.991613	-0.128886	0.23087	0.127599	0.964582	7.36501	5.70438	67.857	
0.971975	-0.0210588	-0.23414	-0.00940571	0.991699	-0.12824	0.234897	0.126848	0.963708	7.57555	5.8194	68.7286	
0.970996	-0.0215815	-0.238122	-0.00924697	0.991783	-0.127594	0.238919	0.126095	0.962818	7.78972	5.93373	69.5995	
0.97	-0.022101	-0.242098	-0.00908567	0.991867	-0.12695	0.242935	0.125341	0.961911	8.00753	6.04739	70.4695	
0.967791	-0.0231276	-0.250691	-0.00395059	0.994254	-0.106976	0.251725	0.104521	0.962138	8.23114	6.15129	71.3392	
0.965504	-0.023968	-0.259284	0.00136565	0.996207	-0.0870033	0.260386	0.0836479	0.961874	8.46263	6.23635	72.209	
0.96314	-0.0246218	-0.267873	0.00686033	0.997727	-0.0670406	0.268914	0.0627318	0.961119	8.7019	6.30252	73.0782	
0.9607	-0.0250886	-0.276452	0.0125306	0.998812	-0.0470988	0.277305	0.0417837	0.959873	8.94881	6.34977	73.9466	
0.958186	-0.0253681	-0.285018	0.0183737	0.999461	-0.0271879	0.285555	0.0208142	0.958136	9.20324	6.37807	74.8136	
0.955599	-0.0254604	-0.293567	0.0243865	0.999676	-0.00731813	0.293658	-0.00016588	0.955911	9.46507	6.3874	75.6788	
0.952941	-0.0253652	-0.302093	0.030566	0.999455	0.0125004	0.301611	-0.0211459	0.953196	9.73416	6.37777	76.5418	
0.950212	-0.0250827	-0.310593	0.0369091	0.998798	0.0322574	0.309411	-0.0421151	0.949995	10.0104	6.34917	77.4021	
0.947414	-0.0246129	-0.319063	0.0434124	0.997706	0.051943	0.317052	-0.0630628	0.946309	10.2935	6.30162	78.2594	
0.944549	-0.0239562	-0.327497	0.0500727	0.99618	0.071547	0.324531	-0.0839783	0.94214	10.5836	6.23516	79.113	
0.941617	-0.0231129	-0.335891	0.0568865	0.994219	0.0910595	0.331845	-0.104851	0.937489	10.8803	6.1498	79.9627	
0.938621	-0.0220833	-0.344242	0.0638505	0.991826	0.11047	0.338989	-0.12567	0.932359	11.1835	6.04559	80.8079	
0.935562	-0.0208681	-0.352546	0.070961	0.989002	0.12977	0.34596	-0.146425	0.926753	11.4931	5.9226	81.6483	
0.932441	-0.0194678	-0.360797	0.0782143	0.985747	0.148948	0.352754	-0.167105	0.920674	11.809	5.78087	82.4834	
0.929261	-0.0178832	-0.368991	0.0856069	0.982064	0.167995	0.359368	-0.187699	0.914124	12.1309	5.62048	83.3128	
0.926022	-0.016115	-0.377125	0.0931349	0.977954	0.186901	0.365799	-0.208198	0.907108	12.4587	5.44152	84.1361	
0.922727	-0.0141643	-0.385194	0.100794	0.97342	0.205657	0.372043	-0.228591	0.899628	12.7922	5.24408	84.9528	
0.919377	-0.0120319	-0.393194	0.108582	0.968463	0.224253	0.378096	-0.248867	0.891689	13.1313	5.02825	85.7626	
0.915973	-0.00971891	-0.401122	0.116493	0.963087	0.242679	0.383957	-0.269015	0.883294	13.4758	4.79414	86.5649	
0.912518	-0.0072266	-0.408972	0.124523	0.957294	0.260926	0.389621	-0.289026	0.874448	13.8255	4.54189	87.3595	
