1	0	0	0	1	0	0	0	1	0	0	0	
1	1.81379e-08	0.000490486	1.81379e-08	1	-7.39587e-05	-0.000490486	7.39587e-05	1	-0.000208704	3.14698e-05	0.85101	
1	7.3333e-08	0.000986336	7.33053e-08	1	-0.00014867	-0.000986336	0.00014867	1	-0.000837099	0.000126199	1.70202	
0.999999	1.66755e-07	0.00148753	1.66643e-07	1	-0.000224129	-0.00148753	0.000224129	0.999999	-0.00188974	0.000284827	2.55303	
0.999998	2.99581e-07	0.00199405	2.99298e-07	1	-0.000300332	-0.00199405	0.000300332	0.999998	-0.00337117	0.000507988	3.40404	
0.999997	4.72991e-07	0.00250588	4.72419e-07	1	-0.000377276	-0.00250588	0.000377276	0.999997	-0.00528592	0.000796314	4.25505	
0.999995	6.88174e-07	0.003023	6.87161e-07	1	-0.000454956	-0.003023	0.000454956	0.999995	-0.00763848	0.00115043	5.10605	
0.999994	9.4632e-07	0.00354539	9.44682e-07	1	-0.000533368	-0.00354539	0.000533368	0.999994	-0.0104334	0.00157097	5.95706	
0.999992	1.24863e-06	0.00407303	1.24615e-06	1	-0.000612508	-0.00407303	0.000612508	0.999992	-0.013675	0.00205854	6.80806	
0.999989	1.5963e-06	0.0046059	1.59271e-06	1	-0.000692371	-0.0046059	0.000692371	0.999989	-0.017368	0.00261378	7.65906	
0.999987	1.99054e-06	0.00514398	1.98556e-06	1	-0.000772955	-0.00514398	0.000772955	0.999986	-0.0215166	0.00323728	8.51006	
0.999984	2.43255e-06	0.00568726	2.42585e-06	1	-0.000854254	-0.00568726	0.000854254	0.999983	-0.0261253	0.00392967	9.36106	
0.999981	2.92357e-06	0.00623571	2.91477e-06	1	-0.000936265	-0.00623571	0.000936265	0.99998	-0.0311986	0.00469154	10.2121	
0.999977	3.46479e-06	0.00678931	3.45348e-06	0.999999	-0.00101898	-0.00678931	0.00101898	0.999976	-0.0367408	0.00552351	11.063	
0.999973	4.05745e-06	0.00734804	4.04317e-06	0.999999	-0.0011024	-0.00734804	0.0011024	0.999972	-0.0427564	0.00642617	11.914	
0.999969	4.70276e-06	0.00791188	4.68502e-06	0.999999	-0.00118652	-0.00791188	0.00118652	0.999968	-0.0492495	0.00740012	12.765	
0.999964	5.40196e-06	0.00848081	5.38021e-06	0.999999	-0.00127134	-0.00848081	0.00127134	0.999963	-0.0562247	0.00844595	13.616	
0.999959	6.15628e-06	0.00905481	6.12993e-06	0.999999	-0.00135684	-0.00905481	0.00135684	0.999958	-0.0636862	0.00956426	14.467	
0.999954	6.96695e-06	0.00963386	6.93536e-06	0.999999	-0.00144303	-0.00963386	0.00144303	0.999953	-0.0716383	0.0107556	15.3179	
0.999948	7.83521e-06	0.0102179	7.79769e-06	0.999999	-0.00152991	-0.0102179	0.00152991	0.999947	-0.0800854	0.0120206	16.1689	
0.999942	8.76229e-06	0.010807	8.71811e-06	0.999999	-0.00161746	-0.010807	0.00161746	0.99994	-0.0890316	0.0133598	17.0199	
0.999935	9.74943e-06	0.0114011	9.6978e-06	0.999999	-0.00170568	-0.0114011	0.00170568	0.999934	-0.0984813	0.0147738	17.8708	
0.999928	1.07979e-05	0.0120001	1.0738e-05	0.999998	-0.00179457	-0.0120001	0.00179457	0.999926	-0.108439	0.0162632	18.7218	
0.999921	1.19089e-05	0.0126041	1.18398e-05	0.999998	-0.00188412	-0.0126041	0.00188412	0.999919	-0.118908	0.0178285	19.5727	
0.999913	1.30836e-05	0.013213	1.30044e-05	0.999998	-0.00197434	-0.013213	0.00197434	0.999911	-0.129893	0.0194703	20.4237	
0.999904	1.43235e-05	0.0138267	1.42331e-05	0.999998	-0.00206521	-0.0138267	0.00206521	0.999902	-0.141399	0.0211892	21.2746	
0.999896	1.56295e-05	0.0144454	1.5527e-05	0.999998	-0.00215673	-0.0144454	0.00215673	0.999893	-0.153429	0.0229856	22.1255	
0.999886	1.70032e-05	0.0150689	1.68872e-05	0.999997	-0.0022489	-0.0150689	0.0022489	0.999884	-0.165987	0.0248602	22.9764	
0.999877	1.84455e-05	0.0156972	1.83151e-05	0.999997	-0.00234171	-0.0156972	0.00234171	0.999874	-0.179078	0.0268136	23.8273	
0.999867	1.99579e-05	0.0163304	1.98118e-05	0.999997	-0.00243516	-0.0163304	0.00243516	0.999864	-0.192706	0.0288462	24.6782	
0.999856	2.15416e-05	0.0169683	2.13783e-05	0.999997	-0.00252924	-0.0169683	0.00252924	0.999853	-0.206875	0.0309585	25.5291	
0.999845	2.31977e-05	0.0176109	2.30161e-05	0.999997	-0.00262395	-0.0176109	0.00262394	0.999841	-0.221588	0.0331512	26.38	
0.999833	2.49276e-05	0.0182583	2.47261e-05	0.999996	-0.00271928	-0.0182583	0.00271928	0.99983	-0.236851	0.0354248	27.2309	
0.999821	2.67325e-05	0.0189105	2.65096e-05	0.999996	-0.00281523	-0.0189105	0.00281523	0.999817	-0.252666	0.0377798	28.0817	
0.999809	2.86136e-05	0.0195672	2.83678e-05	0.999996	-0.0029118	-0.0195673	0.00291179	0.999804	-0.269039	0.0402166	28.9326	
0.999795	3.05722e-05	0.0202287	3.03018e-05	0.999995	-0.00300897	-0.0202287	0.00300897	0.999791	-0.285972	0.0427359	29.7834	
0.999782	3.26094e-05	0.0208948	3.23128e-05	0.999995	-0.00310675	-0.0208948	0.00310675	0.999777	-0.303471	0.0453382	30.6343	
0.999767	3.47266e-05	0.0215655	3.44019e-05	0.999995	-0.00320514	-0.0215655	0.00320513	0.999762	-0.321538	0.048024	31.4851	
0.999753	3.6925e-05	0.0222408	3.65704e-05	0.999995	-0.00330411	-0.0222408	0.00330411	0.999747	-0.340177	0.0507937	32.3359	
0.999737	3.92058e-05	0.0229207	3.88194e-05	0.999994	-0.00340368	-0.0229207	0.00340368	0.999731	-0.359394	0.0536479	33.1867	
0.999721	4.15702e-05	0.0236051	4.11499e-05	0.999994	-0.00350384	-0.0236051	0.00350384	0.999715	-0.379191	0.056587	34.0374	
0.999705	4.40195e-05	0.024294	4.35633e-05	0.999994	-0.00360458	-0.024294	0.00360457	0.999698	-0.399572	0.0596117	34.8882	
0.999688	4.65548e-05	0.0249874	4.60606e-05	0.999993	-0.0037059	-0.0249874	0.00370589	0.999681	-0.420542	0.0627224	35.7389	
0.99967	4.91774e-05	0.0256853	4.86429e-05	0.999993	-0.00380778	-0.0256853	0.00380778	0.999663	-0.442103	0.0659195	36.5897	
0.999652	5.18885e-05	0.0263876	5.13114e-05	0.999992	-0.00391024	-0.0263876	0.00391023	0.999644	-0.46426	0.0692035	37.4404	
0.999633	5.46894e-05	0.0270943	5.40673e-05	0.999992	-0.00401326	-0.0270943	0.00401325	0.999625	-0.487017	0.072575	38.2911	
0.999613	5.75811e-05	0.0278054	5.69115e-05	0.999992	-0.00411684	-0.0278054	0.00411683	0.999605	-0.510377	0.0760344	39.1418	
0.999593	6.0565e-05	0.0285208	5.98454e-05	0.999991	-0.00422097	-0.0285208	0.00422096	0.999584	-0.534344	0.0795821	39.9924	
0.999572	6.36422e-05	0.0292406	6.28699e-05	0.999991	-0.00432565	-0.0292406	0.00432564	0.999563	-0.558922	0.0832188	40.8431	
0.999551	6.68139e-05	0.0299647	6.59862e-05	0.99999	-0.00443087	-0.0299647	0.00443086	0.999541	-0.584114	0.0869447	41.6937	
0.999529	7.00813e-05	0.0306931	6.91954e-05	0.99999	-0.00453664	-0.0306931	0.00453662	0.999519	-0.609924	0.0907604	42.5443	
0.999506	7.34456e-05	0.0314257	7.24986e-05	0.999989	-0.00464293	-0.0314257	0.00464292	0.999495	-0.636356	0.0946664	43.3949	
0.999483	7.69079e-05	0.0321626	7.58968e-05	0.999989	-0.00474976	-0.0321626	0.00474974	0.999471	-0.663413	0.098663	44.2455	
0.999459	8.04694e-05	0.0329036	7.93911e-05	0.999988	-0.00485711	-0.0329036	0.00485709	0.999447	-0.6911	0.102751	45.096	
0.999434	8.41313e-05	0.0336489	8.29827e-05	0.999988	-0.00496498	-0.0336489	0.00496496	0.999421	-0.719418	0.10693	45.9466	
0.999408	8.78948e-05	0.0343982	8.66725e-05	0.999987	-0.00507337	-0.0343982	0.00507334	0.999395	-0.748372	0.111201	46.7971	
0.999382	9.17609e-05	0.0351517	9.04617e-05	0.999987	-0.00518226	-0.0351517	0.00518224	0.999369	-0.777966	0.115565	47.6475	
0.999355	9.57309e-05	0.0359093	9.43512e-05	0.999986	-0.00529166	-0.0359093	0.00529164	0.999341	-0.808203	0.120022	48.498	
0.999222	0.000117193	0.0394424	0.000153039	0.999977	-0.00684822	-0.0394423	0.00684892	0.999198	-0.840266	0.125188	49.3484	
0.999076	0.000144193	0.0429791	0.00021723	0.999965	-0.00840449	-0.0429788	0.00840606	0.999041	-0.875336	0.131679	50.1987	
0.998917	0.000176741	0.0465192	0.00028693	0.99995	-0.00996046	-0.0465186	0.00996302	0.998868	-0.913418	0.139495	51.0488	
0.998746	0.000214848	0.0500624	0.000362145	0.999934	-0.0115161	-0.0500616	0.0115198	0.99868	-0.954513	0.148636	51.8988	
0.998562	0.000258522	0.0536087	0.000442877	0.999914	-0.0130714	-0.0536075	0.0130763	0.998476	-0.998625	0.159102	52.7486	
0.998365	0.000307774	0.0571578	0.000529132	0.999893	-0.0146263	-0.0571562	0.0146326	0.998258	-1.04576	0.170892	53.5982	
0.998155	0.00036261	0.0607095	0.000620912	0.999869	-0.0161808	-0.0607075	0.0161887	0.998024	-1.09591	0.184007	54.4476	
0.997933	0.000423038	0.0642637	0.000718223	0.999842	-0.0177349	-0.0642611	0.0177444	0.997775	-1.14908	0.198446	55.2968	
0.997697	0.000489065	0.0678201	0.000821065	0.999814	-0.0192885	-0.0678169	0.0192998	0.997511	-1.20528	0.214208	56.1458	
0.997449	0.000560697	0.0713785	0.000929444	0.999782	-0.0208417	-0.0713746	0.0208549	0.997232	-1.26451	0.231294	56.9946	
0.997188	0.000637938	0.0749387	0.00104336	0.999749	-0.0223944	-0.0749342	0.0224096	0.996937	-1.32676	0.249703	57.8431	
0.996914	0.000720793	0.0785006	0.00116282	0.999713	-0.0239465	-0.0784953	0.0239639	0.996626	-1.39205	0.269435	58.6914	
0.996627	0.000809265	0.0820639	0.00128782	0.999674	-0.0254981	-0.0820578	0.0255178	0.996301	-1.46037	0.29049	59.5394	
0.996327	0.000903358	0.0856285	0.00141836	0.999633	-0.0270491	-0.0856215	0.0270712	0.99596	-1.53171	0.312867	60.3871	
0.996014	0.00100307	0.0891941	0.00155445	0.99959	-0.0285996	-0.0891862	0.0286242	0.995604	-1.6061	0.336566	61.2345	
0.995688	0.00110841	0.0927606	0.00169609	0.999544	-0.0301494	-0.0927517	0.0301767	0.995232	-1.68351	0.361586	62.0817	
0.995349	0.00121938	0.0963278	0.00184327	0.999496	-0.0316986	-0.0963178	0.0317287	0.994845	-1.76396	0.387927	62.9285	
0.994997	0.00133596	0.0998954	0.001996	0.999445	-0.0332472	-0.0998844	0.0332802	0.994442	-1.84745	0.415589	63.7749	
0.994632	0.00145818	0.103463	0.00215428	0.999392	-0.034795	-0.103451	0.0348311	0.994024	-1.93397	0.444571	64.621	
0.994254	0.00158601	0.107031	0.00231811	0.999337	-0.0363422	-0.107018	0.0363815	0.993591	-2.02352	0.474872	65.4667	
0.993864	0.00171946	0.110599	0.00248748	0.999279	-0.0378886	-0.110584	0.0379312	0.993143	-2.11611	0.506492	66.3121	
0.99346	0.00185853	0.114167	0.00266241	0.999219	-0.0394343	-0.114151	0.0394803	0.992679	-2.21174	0.539431	67.1571	
0.993043	0.00200321	0.117734	0.00284288	0.999156	-0.0409792	-0.117716	0.0410288	0.992199	-2.3104	0.573688	68.0017	
0.992614	0.0021535	0.1213	0.00302889	0.999091	-0.0425233	-0.121281	0.0425766	0.991705	-2.41209	0.609263	68.8458	
0.992171	0.00230939	0.124865	0.00322045	0.999023	-0.0440665	-0.124845	0.0441237	0.991195	-2.51682	0.646154	69.6896	
0.991716	0.00247088	0.128429	0.00341755	0.998954	-0.045609	-0.128408	0.0456701	0.990669	-2.62458	0.684362	70.5329	
0.991247	0.00263796	0.131992	0.00362019	0.998881	-0.0471506	-0.131969	0.0472157	0.990129	-2.73538	0.723886	71.3757	
0.988579	0.00362148	0.150661	0.00500474	0.998371	-0.0568372	-0.150622	0.0569421	0.98695	-2.85562	0.768207	72.217	
0.985559	0.00478845	0.169266	0.00657173	0.997765	-0.0664906	-0.169206	0.0666427	0.983325	-2.99172	0.820795	73.0554	
0.982189	0.00613832	0.187798	0.00832045	0.997065	-0.0761062	-0.187714	0.0763132	0.979255	-3.14359	0.881626	73.8905	
0.97847	0.0076705	0.206248	0.0102501	0.99627	-0.0856798	-0.206136	0.0859491	0.974741	-3.31119	0.950672	74.722	
0.974404	0.00938429	0.22461	0.0123598	0.995381	-0.095207	-0.224466	0.0955461	0.969787	-3.49442	1.0279	75.5494	
0.969992	0.0112789	0.242873	0.0146487	0.994398	-0.104683	-0.242694	0.1051	0.964393	-3.6932	1.11328	76.3724	
0.965238	0.0133535	0.261031	0.0171156	0.993321	-0.114105	-0.260812	0.114606	0.958563	-3.90745	1.20677	77.1907	
0.960143	0.0156071	0.279075	0.0197595	0.992152	-0.123467	-0.278811	0.12406	0.952299	-4.13707	1.30833	78.0038	
0.954708	0.0180388	0.296996	0.0225791	0.99089	-0.132766	-0.296685	0.133459	0.945604	-4.38196	1.41791	78.8114	
0.948938	0.0206474	0.314786	0.0255732	0.989537	-0.141997	-0.314425	0.142796	0.938481	-4.642	1.53546	79.6131	
0.942834	0.0234317	0.332439	0.0287405	0.988092	-0.151156	-0.332022	0.15207	0.930933	-4.91708	1.66093	80.4086	
0.936399	0.0263904	0.349944	0.0320794	0.986557	-0.160239	-0.349469	0.161274	0.922964	-5.20707	1.79427	81.1975	
0.929636	0.0295223	0.367295	0.0355886	0.984932	-0.169242	-0.366757	0.170405	0.914577	-5.51183	1.9354	81.9794	
0.922548	0.032826	0.384484	0.0392663	0.983218	-0.178161	-0.38388	0.179459	0.905776	-5.83125	2.08428	82.754	
0.915138	0.0362998	0.401503	0.043111	0.981415	-0.186992	-0.400829	0.188432	0.896565	-6.16516	2.24082	83.5209	
