1	0	0	0	1	0	0	0	1	0	0	0	
1	6.1411e-08	0.000652014	6.1411e-08	1	-0.000188373	-0.000652014	0.000188373	1	-0.000250927	7.24951e-05	0.769697	
0.999999	2.45531e-07	0.00130383	2.45459e-07	1	-0.000376576	-0.00130383	0.000376576	0.999999	-0.00100363	0.000289915	1.53939	
0.999998	5.52164e-07	0.00195542	5.51872e-07	1	-0.000564603	-0.00195542	0.000564603	0.999998	-0.00225794	0.000652126	2.30909	
0.999997	9.81097e-07	0.00260677	9.80368e-07	1	-0.000752449	-0.00260677	0.000752449	0.999996	-0.0040137	0.00115899	3.07878	
0.999995	1.53211e-06	0.00325786	1.53065e-06	1	-0.000940109	-0.00325786	0.000940109	0.999994	-0.00627069	0.00181037	3.84848	
0.999992	2.20495e-06	0.00390868	2.2024e-06	0.999999	-0.00112758	-0.00390868	0.00112758	0.999992	-0.00902872	0.00260612	4.61817	
0.99999	2.99938e-06	0.00455919	2.9953e-06	0.999999	-0.00131485	-0.00455919	0.00131485	0.999989	-0.0122876	0.00354608	5.38786	
0.999986	3.91513e-06	0.0052094	3.90901e-06	0.999999	-0.00150192	-0.0052094	0.00150192	0.999985	-0.016047	0.00463011	6.15755	
0.999983	4.95191e-06	0.00585927	4.94318e-06	0.999999	-0.00168878	-0.00585927	0.00168878	0.999981	-0.0203068	0.00585804	6.92723	
0.999979	6.10943e-06	0.00650878	6.09744e-06	0.999998	-0.00187542	-0.00650878	0.00187542	0.999977	-0.0250666	0.00722972	7.69691	
0.999974	7.3874e-06	0.00715792	7.37141e-06	0.999998	-0.00206185	-0.00715792	0.00206185	0.999972	-0.0303262	0.00874497	8.46659	
0.99997	8.78547e-06	0.00780668	8.7647e-06	0.999997	-0.00224806	-0.00780668	0.00224806	0.999967	-0.0360853	0.0104036	9.23626	
0.999964	1.03033e-05	0.00845502	1.02769e-05	0.999997	-0.00243404	-0.00845502	0.00243404	0.999961	-0.0423436	0.0122055	10.0059	
0.999959	1.19406e-05	0.00910293	1.19076e-05	0.999997	-0.00261978	-0.00910293	0.00261978	0.999955	-0.0491007	0.0141505	10.7756	
0.999952	1.3697e-05	0.0097504	1.36564e-05	0.999996	-0.00280528	-0.0097504	0.00280528	0.999949	-0.0563564	0.0162383	11.5453	
0.999946	1.5572e-05	0.0103974	1.55228e-05	0.999996	-0.00299054	-0.0103974	0.00299054	0.999941	-0.0641103	0.0184688	12.3149	
0.999939	1.75654e-05	0.0110439	1.75063e-05	0.999995	-0.00317555	-0.0110439	0.00317555	0.999934	-0.0723619	0.0208418	13.0846	
0.999932	1.96767e-05	0.0116899	1.96066e-05	0.999994	-0.00336031	-0.0116899	0.00336031	0.999926	-0.081111	0.0233572	13.8542	
0.999924	2.19054e-05	0.0123354	2.1823e-05	0.999994	-0.0035448	-0.0123354	0.0035448	0.999918	-0.0903571	0.0260146	14.6238	
0.999916	2.42513e-05	0.0129804	2.41552e-05	0.999993	-0.00372903	-0.0129804	0.00372903	0.999909	-0.1001	0.0288139	15.3935	
0.999907	2.67137e-05	0.0136248	2.66025e-05	0.999992	-0.00391299	-0.0136248	0.00391299	0.9999	-0.110339	0.0317549	16.1631	
0.999898	2.92923e-05	0.0142686	2.91646e-05	0.999992	-0.00409668	-0.0142686	0.00409667	0.99989	-0.121074	0.0348374	16.9327	
0.999889	3.19867e-05	0.0149118	3.18408e-05	0.999991	-0.00428008	-0.0149118	0.00428008	0.99988	-0.132304	0.0380612	17.7023	
0.999879	3.47962e-05	0.0155544	3.46305e-05	0.99999	-0.0044632	-0.0155544	0.00446319	0.999869	-0.144028	0.0414261	18.4719	
0.999869	3.77205e-05	0.0161963	3.75334e-05	0.999989	-0.00464602	-0.0161963	0.00464602	0.999858	-0.156248	0.0449317	19.2415	
0.999858	4.0759e-05	0.0168376	4.05487e-05	0.999988	-0.00482855	-0.0168376	0.00482855	0.999847	-0.168961	0.048578	20.0111	
0.999847	4.39112e-05	0.0174783	4.36759e-05	0.999987	-0.00501078	-0.0174783	0.00501078	0.999835	-0.182167	0.0523646	20.7807	
0.999836	4.71766e-05	0.0181182	4.69143e-05	0.999987	-0.0051927	-0.0181182	0.0051927	0.999822	-0.195866	0.0562914	21.5502	
0.999824	5.05547e-05	0.0187575	5.02635e-05	0.999986	-0.00537432	-0.0187575	0.00537431	0.99981	-0.210058	0.0603581	22.3198	
0.999812	5.40448e-05	0.019396	5.37227e-05	0.999985	-0.00555561	-0.019396	0.00555561	0.999796	-0.224741	0.0645645	23.0893	
0.999799	5.76464e-05	0.0200337	5.72914e-05	0.999984	-0.00573659	-0.0200337	0.00573658	0.999783	-0.239916	0.0689103	23.8589	
0.999786	6.1359e-05	0.0206707	6.09688e-05	0.999982	-0.00591724	-0.0206707	0.00591723	0.999769	-0.255581	0.0733952	24.6284	
0.999773	6.51819e-05	0.021307	6.47544e-05	0.999981	-0.00609756	-0.021307	0.00609755	0.999754	-0.271736	0.0780191	25.3979	
0.999759	6.91145e-05	0.0219424	6.86474e-05	0.99998	-0.00627754	-0.0219424	0.00627753	0.99974	-0.28838	0.0827816	26.1674	
0.999745	7.31563e-05	0.022577	7.26472e-05	0.999979	-0.00645718	-0.022577	0.00645717	0.999724	-0.305513	0.0876826	26.9369	
0.999731	7.73066e-05	0.0232107	7.67531e-05	0.999978	-0.00663647	-0.0232107	0.00663647	0.999709	-0.323135	0.0927216	27.7064	
0.999716	8.15647e-05	0.0238436	8.09645e-05	0.999977	-0.00681542	-0.0238436	0.00681541	0.999692	-0.341244	0.0978986	28.4758	
0.9997	8.593e-05	0.0244756	8.52804e-05	0.999976	-0.00699401	-0.0244756	0.006994	0.999676	-0.359839	0.103213	29.2453	
0.999685	9.04018e-05	0.0251068	8.97004e-05	0.999974	-0.00717223	-0.0251068	0.00717223	0.999659	-0.378921	0.108665	30.0147	
0.999669	9.49795e-05	0.025737	9.42236e-05	0.999973	-0.0073501	-0.025737	0.00735009	0.999642	-0.398488	0.114254	30.7842	
0.999652	9.96624e-05	0.0263663	9.88493e-05	0.999972	-0.00752759	-0.0263663	0.00752758	0.999624	-0.41854	0.11998	31.5536	
0.999636	0.00010445	0.0269946	0.000103577	0.99997	-0.00770471	-0.0269946	0.00770469	0.999606	-0.439076	0.125842	32.323	
0.999618	0.000109341	0.027622	0.000108405	0.999969	-0.00788144	-0.027622	0.00788143	0.999587	-0.460095	0.13184	33.0924	
0.999601	0.000114335	0.0282484	0.000113334	0.999968	-0.0080578	-0.0282484	0.00805778	0.999568	-0.481596	0.137974	33.8617	
0.999583	0.000119431	0.0288737	0.000118361	0.999966	-0.00823376	-0.0288737	0.00823374	0.999549	-0.50358	0.144244	34.6311	
0.999565	0.000124629	0.0294981	0.000123488	0.999965	-0.00840933	-0.0294981	0.00840931	0.999529	-0.526044	0.150649	35.4004	
0.999546	0.000129928	0.0301214	0.000128712	0.999963	-0.0085845	-0.0301214	0.00858448	0.999509	-0.548989	0.157189	36.1698	
0.999527	0.000135327	0.0307437	0.000134033	0.999962	-0.00875926	-0.0307437	0.00875924	0.999489	-0.572412	0.163864	36.9391	
0.999508	0.000140825	0.0313649	0.000139451	0.99996	-0.00893362	-0.0313649	0.0089336	0.999468	-0.596315	0.170673	37.7084	
0.999488	0.000146422	0.031985	0.000144964	0.999959	-0.00910757	-0.031985	0.00910754	0.999447	-0.620695	0.177616	38.4777	
0.999468	0.000152116	0.0326039	0.000150571	0.999957	-0.00928109	-0.0326039	0.00928107	0.999425	-0.645552	0.184693	39.2469	
0.999448	0.000157907	0.0332218	0.000156271	0.999955	-0.0094542	-0.0332218	0.00945417	0.999403	-0.670885	0.191903	40.0162	
0.999427	0.000163795	0.0338385	0.000162065	0.999954	-0.00962688	-0.0338385	0.00962685	0.999381	-0.696693	0.199246	40.7854	
0.999448	0.0001587	0.033235	8.22135e-05	0.999974	-0.00724731	-0.0332353	0.00724603	0.999421	-0.722506	0.20574	41.5546	
0.999467	0.000155045	0.0326316	3.76733e-06	0.999988	-0.0048667	-0.032632	0.00486423	0.999456	-0.747855	0.2104	42.3239	
0.999487	0.000152828	0.0320283	-7.32716e-05	0.999997	-0.00248509	-0.0320286	0.00248147	0.999484	-0.77274	0.213227	43.0932	
0.999506	0.000152049	0.031425	-0.000148901	1	-0.000102521	-0.031425	9.77914e-05	0.999506	-0.79716	0.21422	43.8625	
0.999525	0.00015271	0.0308218	-0.000223119	0.999997	0.00228096	-0.0308214	-0.00228676	0.999522	-0.821115	0.213378	44.6318	
0.999543	0.000154809	0.0302187	-0.000295923	0.999989	0.00466533	-0.0302177	-0.00467214	0.999532	-0.844606	0.210699	45.4011	
0.999561	0.000158348	0.0296157	-0.000367311	0.999975	0.00705053	-0.0296139	-0.00705831	0.999536	-0.867632	0.206185	46.1705	
0.999579	0.000163325	0.0290128	-0.000437282	0.999955	0.00943653	-0.02901	-0.00944524	0.999534	-0.890193	0.199834	46.9398	
0.999596	0.000169741	0.02841	-0.000505833	0.99993	0.0118233	-0.028406	-0.0118329	0.999526	-0.91229	0.191645	47.7092	
0.999613	0.000177596	0.0278073	-0.000572963	0.999899	0.0142108	-0.027802	-0.0142212	0.999512	-0.933921	0.181618	48.4785	
0.99963	0.00018689	0.0272047	-0.000638669	0.999862	0.0165989	-0.0271979	-0.0166101	0.999492	-0.955088	0.169752	49.2478	
0.999646	0.000197622	0.0266023	-0.000702951	0.999819	0.0189877	-0.0265937	-0.0189997	0.999466	-0.97579	0.156048	50.0171	
0.999662	0.000209793	0.026	-0.000765807	0.999771	0.0213771	-0.0259895	-0.0213898	0.999433	-0.996026	0.140504	50.7864	
0.999677	0.000223401	0.0253978	-0.000827234	0.999717	0.023767	-0.0253853	-0.0237804	0.999395	-1.0158	0.123121	51.5556	
0.999693	0.000238447	0.0247957	-0.000887232	0.999657	0.0261575	-0.024781	-0.0261714	0.99935	-1.0351	0.103897	52.3248	
0.999707	0.00025493	0.0241938	-0.000945799	0.999592	0.0285484	-0.0241767	-0.0285629	0.9993	-1.05395	0.0828322	53.094	
0.999722	0.00027285	0.0235921	-0.00100293	0.999521	0.0309398	-0.0235724	-0.0309548	0.999243	-1.07232	0.0599269	53.8632	
0.999736	0.000292206	0.0229905	-0.00105863	0.999444	0.0333316	-0.022968	-0.0333471	0.99918	-1.09023	0.0351804	54.6322	
0.999749	0.000312998	0.0223892	-0.0011129	0.999361	0.0357237	-0.0223637	-0.0357397	0.999111	-1.10768	0.00859242	55.4013	
0.999763	0.000335225	0.0217879	-0.00116573	0.999273	0.0381161	-0.0217593	-0.0381325	0.999036	-1.12466	-0.0198372	56.1703	
0.999775	0.000358887	0.0211869	-0.00121712	0.999178	0.0405089	-0.021155	-0.0405256	0.998955	-1.14117	-0.0501086	56.9392	
0.999788	0.000383983	0.0205861	-0.00126708	0.999078	0.0429018	-0.0205506	-0.0429188	0.998867	-1.15722	-0.0822221	57.708	
0.9998	0.000410512	0.0199854	-0.00131559	0.998973	0.045295	-0.0199463	-0.0453122	0.998774	-1.17281	-0.116178	58.4768	
0.999812	0.000438474	0.019385	-0.00136267	0.998861	0.0476883	-0.019342	-0.0477058	0.998674	-1.18793	-0.151976	59.2456	
0.999823	0.000467867	0.0187847	-0.0014083	0.998744	0.0500818	-0.0187377	-0.0500994	0.998568	-1.20259	-0.189616	60.0142	
0.999835	0.000498691	0.0181847	-0.00145249	0.998621	0.0524753	-0.0181335	-0.052493	0.998457	-1.21677	-0.229098	60.7827	
0.999845	0.000530946	0.0175849	-0.00149524	0.998492	0.0548688	-0.0175293	-0.0548867	0.998339	-1.2305	-0.270423	61.5512	
0.999856	0.000564629	0.0169854	-0.00153655	0.998358	0.0572624	-0.0169252	-0.0572802	0.998215	-1.24376	-0.31359	62.3196	
0.999866	0.000599741	0.016386	-0.00157641	0.998218	0.0596559	-0.0163211	-0.0596738	0.998084	-1.25655	-0.3586	63.0878	
0.999875	0.00063628	0.015787	-0.00161483	0.998072	0.0620494	-0.015717	-0.0620671	0.997948	-1.26888	-0.405452	63.856	
0.999884	0.000674245	0.0151881	-0.0016518	0.99792	0.0644427	-0.0151131	-0.0644604	0.997806	-1.28075	-0.454146	64.6241	
0.999893	0.000713635	0.0145896	-0.00168732	0.997763	0.0668359	-0.0145092	-0.0668534	0.997657	-1.29215	-0.504682	65.392	
0.999902	0.000754448	0.0139913	-0.0017214	0.997599	0.0692289	-0.0139054	-0.0692462	0.997503	-1.30308	-0.55706	66.1599	
0.99991	0.000796685	0.0133932	-0.00175404	0.99743	0.0716216	-0.0133017	-0.0716387	0.997342	-1.31356	-0.611279	66.9276	
0.999918	0.000840343	0.0127954	-0.00178523	0.997256	0.0740141	-0.0126981	-0.0740309	0.997175	-1.32356	-0.66734	67.6952	
0.999925	0.000885421	0.012198	-0.00181497	0.997075	0.0764063	-0.0120946	-0.0764227	0.997002	-1.3331	-0.725241	68.4626	
0.999932	0.000931917	0.0116008	-0.00184326	0.996889	0.0787981	-0.0114912	-0.0788141	0.996823	-1.34218	-0.784984	69.2299	
0.999939	0.000979832	0.0110039	-0.00187011	0.996697	0.0811895	-0.010888	-0.0812051	0.996638	-1.35079	-0.846567	69.9971	
0.999945	0.00102916	0.0104073	-0.00189551	0.996499	0.0835805	-0.0102848	-0.0835956	0.996447	-1.35894	-0.909991	70.7642	
0.999951	0.00107991	0.00981097	-0.00191946	0.996296	0.085971	-0.00968179	-0.0859856	0.996249	-1.36662	-0.975254	71.531	
0.999997	0.00185064	0.00170572	-0.00201699	0.994645	0.103327	-0.00150537	-0.10333	0.994646	-1.37093	-1.04811	72.2973	
0.999976	0.00276245	-0.00638497	-0.00197195	0.992693	0.120652	0.00667161	-0.120637	0.992674	-1.36894	-1.13431	73.0621	
0.999888	0.00381498	-0.0144581	-0.00178436	0.990439	0.137939	0.0148461	-0.137898	0.990335	-1.36066	-1.23381	73.8253	
0.999734	0.00500786	-0.0225107	-0.0014543	0.987885	0.155183	0.0230151	-0.155109	0.987629	-1.34609	-1.34658	74.5865	
0.999513	0.00634064	-0.0305398	-0.000981877	0.985031	0.172376	0.0311756	-0.172262	0.984558	-1.32523	-1.47257	75.3455	
0.999226	0.00781283	-0.0385424	-0.000367274	0.981878	0.189512	0.0393246	-0.189351	0.981122	-1.2981	-1.61174	76.1021	
