1	0	0	0	1	0	0	0	1	0	0	0	
1	2.59662e-08	-7.33404e-05	2.59662e-08	1	0.0007081	7.33404e-05	-0.0007081	1	2.75767e-05	-0.000266253	0.75202	
1	1.04692e-07	-0.000147274	1.04663e-07	0.999999	0.00142153	0.000147274	-0.00142153	0.999999	0.00011053	-0.00106701	1.50404	
1	2.37415e-07	-0.0002218	2.37296e-07	0.999998	0.00214026	0.0002218	-0.00214026	0.999998	0.000249306	-0.00240628	2.25606	
1	4.25377e-07	-0.000296917	4.25077e-07	0.999996	0.00286428	0.000296917	-0.00286428	0.999996	0.000444349	-0.00428804	3.00808	
1	6.69825e-07	-0.000372622	6.6922e-07	0.999994	0.00359356	0.000372622	-0.00359356	0.999993	0.000696102	-0.00671625	3.76009	
1	9.72008e-07	-0.000448914	9.70942e-07	0.999991	0.00432809	0.000448914	-0.00432809	0.999991	0.00100501	-0.00969487	4.51211	
1	1.33318e-06	-0.000525792	1.33146e-06	0.999987	0.00506783	0.000525792	-0.00506783	0.999987	0.00137151	-0.0132278	5.26412	
1	1.7546e-06	-0.000603254	1.75201e-06	0.999983	0.00581278	0.000603254	-0.00581278	0.999983	0.00179604	-0.0173191	6.01613	
1	2.23754e-06	-0.000681298	2.2338e-06	0.999978	0.0065629	0.000681298	-0.0065629	0.999978	0.00227905	-0.0219724	6.76813	
1	2.78325e-06	-0.000759923	2.77808e-06	0.999973	0.00731818	0.000759923	-0.00731818	0.999973	0.00282096	-0.0271919	7.52014	
1	3.39301e-06	-0.000839126	3.38606e-06	0.999967	0.00807858	0.000839127	-0.00807858	0.999967	0.00342222	-0.0329812	8.27213	
1	4.06808e-06	-0.000918907	4.05899e-06	0.999961	0.0088441	0.000918907	-0.0088441	0.99996	0.00408326	-0.0393443	9.02413	
1	4.80975e-06	-0.000999263	4.7981e-06	0.999954	0.00961471	0.000999263	-0.00961471	0.999953	0.00480451	-0.046285	9.77611	
0.999999	5.61929e-06	-0.00108019	5.60463e-06	0.999946	0.0103904	0.00108019	-0.0103904	0.999945	0.0055864	-0.0538071	10.5281	
0.999999	6.49799e-06	-0.00116169	6.47982e-06	0.999938	0.0111711	0.00116169	-0.0111711	0.999937	0.00642938	-0.0619144	11.2801	
0.999999	7.44712e-06	-0.00124376	7.4249e-06	0.999929	0.0119568	0.00124377	-0.0119568	0.999928	0.00733385	-0.0706108	12.032	
0.999999	8.46798e-06	-0.0013264	8.44114e-06	0.999919	0.0127476	0.0013264	-0.0127476	0.999918	0.00830026	-0.0798999	12.784	
0.999999	9.56184e-06	-0.00140961	9.52976e-06	0.999908	0.0135433	0.00140961	-0.0135433	0.999907	0.00932903	-0.0897855	13.536	
0.999999	1.073e-05	-0.00149338	1.0692e-05	0.999897	0.0143439	0.00149338	-0.0143439	0.999896	0.0104206	-0.100271	14.2879	
0.999999	1.19738e-05	-0.00157771	1.19292e-05	0.999885	0.0151495	0.00157771	-0.0151495	0.999884	0.0115753	-0.111361	15.0398	
0.999999	1.32944e-05	-0.00166261	1.32424e-05	0.999873	0.01596	0.00166261	-0.01596	0.999871	0.0127937	-0.123059	15.7918	
0.999998	1.46933e-05	-0.00174806	1.46331e-05	0.999859	0.0167753	0.00174806	-0.0167753	0.999858	0.0140762	-0.135367	16.5437	
0.999998	1.61716e-05	-0.00183407	1.61023e-05	0.999845	0.0175955	0.00183407	-0.0175955	0.999844	0.0154231	-0.148291	17.2956	
0.999998	1.77307e-05	-0.00192063	1.76515e-05	0.99983	0.0184206	0.00192063	-0.0184206	0.999828	0.0168349	-0.161834	18.0475	
0.999998	1.93719e-05	-0.00200775	1.92818e-05	0.999815	0.0192504	0.00200775	-0.0192504	0.999813	0.018312	-0.175998	18.7994	
0.999998	2.10964e-05	-0.00209541	2.09944e-05	0.999798	0.0200851	0.00209542	-0.0200851	0.999796	0.0198548	-0.190789	19.5513	
0.999998	2.29057e-05	-0.00218363	2.27907e-05	0.999781	0.0209245	0.00218363	-0.0209245	0.999779	0.0214638	-0.206209	20.3031	
0.999997	2.48009e-05	-0.00227239	2.46718e-05	0.999763	0.0217686	0.0022724	-0.0217686	0.99976	0.0231393	-0.222262	21.055	
0.999997	2.67834e-05	-0.0023617	2.66391e-05	0.999744	0.0226174	0.0023617	-0.0226174	0.999741	0.0248818	-0.238952	21.8068	
0.999997	2.88545e-05	-0.00245155	2.86938e-05	0.999725	0.0234709	0.00245155	-0.0234709	0.999722	0.0266916	-0.256281	22.5586	
0.999997	3.10155e-05	-0.00254194	3.0837e-05	0.999704	0.0243291	0.00254195	-0.0243291	0.999701	0.0285692	-0.274254	23.3104	
0.999997	3.32676e-05	-0.00263287	3.30701e-05	0.999683	0.0251919	0.00263288	-0.0251919	0.999679	0.030515	-0.292875	24.0622	
0.999996	3.56123e-05	-0.00272434	3.53944e-05	0.99966	0.0260593	0.00272434	-0.0260593	0.999657	0.0325294	-0.312146	24.814	
0.999996	3.80507e-05	-0.00281634	3.78109e-05	0.999637	0.0269313	0.00281634	-0.0269313	0.999633	0.0346127	-0.332071	25.5657	
0.999996	4.05843e-05	-0.00290887	4.03211e-05	0.999613	0.0278079	0.00290888	-0.0278079	0.999609	0.0367655	-0.352653	26.3175	
0.999995	4.32142e-05	-0.00300193	4.29261e-05	0.999588	0.0286889	0.00300194	-0.0286889	0.999584	0.038988	-0.373897	27.0692	
0.999995	4.59418e-05	-0.00309553	4.56272e-05	0.999563	0.0295745	0.00309553	-0.0295745	0.999558	0.0412807	-0.395804	27.8209	
0.999995	4.87684e-05	-0.00318964	4.84256e-05	0.999536	0.0304646	0.00318965	-0.0304646	0.999531	0.043644	-0.41838	28.5726	
0.999995	5.16953e-05	-0.00328428	5.13225e-05	0.999508	0.0313591	0.00328429	-0.0313591	0.999503	0.0460783	-0.441626	29.3242	
0.999994	5.47237e-05	-0.00337944	5.43193e-05	0.99948	0.0322581	0.00337945	-0.0322581	0.999474	0.0485839	-0.465547	30.0758	
0.999994	5.78551e-05	-0.00347512	5.7417e-05	0.99945	0.0331614	0.00347513	-0.0331614	0.999444	0.0511613	-0.490145	30.8275	
0.999994	6.10906e-05	-0.00357131	6.06169e-05	0.999419	0.0340691	0.00357132	-0.0340691	0.999413	0.0538108	-0.515424	31.579	
0.999993	6.44315e-05	-0.00366802	6.39203e-05	0.999388	0.0349812	0.00366803	-0.0349812	0.999381	0.0565329	-0.541388	32.3306	
0.999993	6.78792e-05	-0.00376525	6.73284e-05	0.999355	0.0358976	0.00376526	-0.0358976	0.999348	0.0593279	-0.568039	33.0822	
0.999993	7.14348e-05	-0.00386298	7.08424e-05	0.999322	0.0368183	0.00386299	-0.0368183	0.999315	0.0621962	-0.595381	33.8337	
0.999992	7.50998e-05	-0.00396122	7.44635e-05	0.999287	0.0377433	0.00396123	-0.0377433	0.99928	0.0651382	-0.623417	34.5852	
0.999992	7.88754e-05	-0.00405996	7.81929e-05	0.999252	0.0386725	0.00405997	-0.0386725	0.999244	0.0681542	-0.65215	35.3366	
0.999991	8.27628e-05	-0.0041592	8.20318e-05	0.999215	0.0396059	0.00415922	-0.0396059	0.999207	0.0712447	-0.681584	36.0881	
0.999991	8.67633e-05	-0.00425895	8.59815e-05	0.999178	0.0405435	0.00425897	-0.0405435	0.999169	0.07441	-0.711721	36.8395	
0.99999	9.08783e-05	-0.00435919	9.00431e-05	0.999139	0.0414852	0.00435921	-0.0414852	0.99913	0.0776506	-0.742564	37.5909	
0.99999	9.51089e-05	-0.00445993	9.42178e-05	0.999099	0.0424311	0.00445995	-0.0424311	0.999089	0.0809667	-0.774118	38.3422	
0.99999	9.94564e-05	-0.00456116	9.85068e-05	0.999059	0.0433811	0.00456119	-0.0433811	0.999048	0.0843587	-0.806384	39.0935	
0.999987	0.000126345	-0.00515521	0.000116363	0.998892	0.0470528	0.00515544	-0.0470527	0.998879	0.0880123	-0.840388	39.8448	
0.999983	0.000155432	-0.00574943	0.000136426	0.998713	0.0507277	0.00574991	-0.0507277	0.998696	0.0921128	-0.877154	40.5959	
0.99998	0.00018672	-0.00634381	0.0001587	0.998519	0.0544059	0.00634457	-0.0544058	0.998499	0.0966604	-0.916686	41.3468	
0.999976	0.000220214	-0.00693833	0.000183189	0.998312	0.058087	0.00693941	-0.0580869	0.998287	0.101655	-0.958984	42.0977	
0.999972	0.000255917	-0.00753299	0.000209899	0.99809	0.0617711	0.00753442	-0.0617709	0.998062	0.107098	-1.00405	42.8483	
0.999967	0.000293831	-0.00812777	0.000238833	0.997855	0.0654578	0.00812957	-0.0654576	0.997822	0.112987	-1.05189	43.5988	
0.999962	0.00033396	-0.00872265	0.000269996	0.997606	0.0691471	0.00872487	-0.0691469	0.997568	0.119325	-1.1025	44.3491	
0.999957	0.000376308	-0.00931763	0.000303391	0.997344	0.0728389	0.00932029	-0.0728385	0.9973	0.12611	-1.15589	45.0992	
0.999951	0.000420876	-0.00991267	0.000339021	0.997067	0.0765329	0.00991581	-0.0765325	0.997018	0.133343	-1.21206	45.849	
0.999945	0.000467667	-0.0105078	0.00037689	0.996776	0.080229	0.0105114	-0.0802285	0.996721	0.141024	-1.271	46.5987	
0.999938	0.000516684	-0.0111029	0.000417001	0.996472	0.083927	0.0111071	-0.0839265	0.99641	0.149153	-1.33272	47.3482	
0.999931	0.00056793	-0.0116981	0.000459357	0.996153	0.0876269	0.0117029	-0.0876262	0.996085	0.15773	-1.39723	48.0973	
0.999924	0.000621405	-0.0122933	0.00050396	0.995821	0.0913284	0.0122987	-0.0913276	0.995745	0.166754	-1.46452	48.8463	
0.999917	0.000677113	-0.0128885	0.000550812	0.995474	0.0950313	0.0128946	-0.0950305	0.995391	0.176227	-1.53459	49.595	
0.999909	0.000735055	-0.0134837	0.000599917	0.995114	0.0987356	0.0134904	-0.0987347	0.995022	0.186148	-1.60745	50.3434	
0.999901	0.000795233	-0.0140789	0.000651275	0.994739	0.102441	0.0140863	-0.10244	0.994639	0.196518	-1.68309	51.0915	
0.999892	0.000857648	-0.014674	0.000704888	0.99435	0.106148	0.0146822	-0.106146	0.994242	0.207335	-1.76152	51.8394	
0.999883	0.000922301	-0.0152691	0.000760758	0.993947	0.109855	0.015278	-0.109854	0.99383	0.2186	-1.84274	52.5869	
0.999874	0.000989195	-0.0158641	0.000818886	0.99353	0.113563	0.0158738	-0.113562	0.993404	0.230314	-1.92675	53.3341	
0.999864	0.00105833	-0.016459	0.000879272	0.993099	0.117272	0.0164696	-0.11727	0.992963	0.242475	-2.01354	54.081	
0.999854	0.00112971	-0.0170538	0.000941918	0.992654	0.120981	0.0170653	-0.120979	0.992508	0.255084	-2.10313	54.8276	
0.999844	0.00120332	-0.0176486	0.00100682	0.992195	0.12469	0.0176609	-0.124688	0.992039	0.268142	-2.1955	55.5738	
0.999833	0.00127919	-0.0182431	0.00107399	0.991722	0.128399	0.0182564	-0.128398	0.991555	0.281647	-2.29066	56.3197	
0.999822	0.00135729	-0.0188376	0.00114342	0.991235	0.132109	0.0188518	-0.132107	0.991056	0.2956	-2.38862	57.0651	
0.99981	0.00143764	-0.0194318	0.0012151	0.990733	0.135818	0.019447	-0.135816	0.990543	0.310001	-2.48936	57.8102	
0.999798	0.00152023	-0.0200259	0.00128905	0.990217	0.139526	0.0200421	-0.139524	0.990016	0.324849	-2.59289	58.5549	
0.999786	0.00160507	-0.0206198	0.00136525	0.989688	0.143235	0.0206371	-0.143232	0.989474	0.340145	-2.69921	59.2993	
0.999774	0.00169215	-0.0212136	0.00144372	0.989144	0.146942	0.0212319	-0.14694	0.988918	0.355888	-2.80832	60.0432	
0.999761	0.00178147	-0.021807	0.00152443	0.988586	0.150649	0.0218265	-0.150646	0.988347	0.372079	-2.92021	60.7866	
0.999747	0.00187303	-0.0224003	0.00160741	0.988014	0.154355	0.0224209	-0.154352	0.987762	0.388716	-3.03489	61.5297	
0.999734	0.00196684	-0.0229933	0.00169264	0.987428	0.158059	0.0230151	-0.158056	0.987162	0.405801	-3.15236	62.2723	
0.99972	0.00206289	-0.0235861	0.00178012	0.986828	0.161762	0.0236091	-0.161759	0.986548	0.423332	-3.27262	63.0144	
0.999705	0.00216117	-0.0241785	0.00186985	0.986214	0.165464	0.0242028	-0.16546	0.985919	0.44131	-3.39565	63.7561	
0.999691	0.0022617	-0.0247707	0.00196182	0.985586	0.169164	0.0247963	-0.16916	0.985277	0.459734	-3.52148	64.4972	
0.999676	0.00236446	-0.0253626	0.00205605	0.984944	0.172863	0.0253894	-0.172859	0.984619	0.478604	-3.65008	65.2379	
0.99966	0.00246946	-0.0259541	0.00215251	0.984288	0.176559	0.0259823	-0.176555	0.983948	0.49792	-3.78146	65.9782	
0.999644	0.00257669	-0.0265453	0.00225121	0.983618	0.180254	0.0265749	-0.180249	0.983262	0.517682	-3.91562	66.7178	
0.999628	0.00268616	-0.0271362	0.00235215	0.982934	0.183946	0.0271672	-0.183941	0.982562	0.53789	-4.05256	67.457	
0.999612	0.00279785	-0.0277267	0.00245532	0.982236	0.187636	0.0277591	-0.187631	0.981847	0.558543	-4.19228	68.1957	
0.999595	0.00291177	-0.0283168	0.00256072	0.981524	0.191323	0.0283507	-0.191318	0.981119	0.579641	-4.33477	68.9337	
0.999578	0.00302792	-0.0289065	0.00266834	0.980798	0.195007	0.0289419	-0.195002	0.980376	0.601183	-4.48003	69.6713	
0.99956	0.00314629	-0.0294958	0.00277819	0.980059	0.198689	0.0295328	-0.198684	0.979619	0.623171	-4.62806	70.4083	
0.999542	0.00326688	-0.0300847	0.00289025	0.979305	0.202368	0.0301232	-0.202362	0.978847	0.645602	-4.77885	71.1447	
0.999436	0.00396942	-0.0333311	0.00347786	0.975393	0.220445	0.0333859	-0.220436	0.97483	0.669483	-4.93784	71.8793	
0.99932	0.00473191	-0.0365635	0.00412575	0.971148	0.238443	0.0366369	-0.238432	0.970468	0.695813	-5.11038	72.6108	
0.999193	0.00555406	-0.0397809	0.00483367	0.96657	0.256358	0.0398748	-0.256344	0.965763	0.724583	-5.29643	73.3388	
0.999055	0.00643558	-0.042982	0.00560139	0.961661	0.274183	0.0430987	-0.274165	0.960716	0.755783	-5.49591	74.0632	
