1	0	0	0	1	0	0	0	1	0	0	0	
1	2.8557e-07	0.000305435	2.8557e-07	0.999998	-0.00186992	-0.000305435	0.00186992	0.999998	-0.000147781	0.00090474	0.967676	
1	1.14496e-06	0.00061154	1.14529e-06	0.999993	-0.00374505	-0.00061154	0.00374505	0.999993	-0.000591449	0.00362148	1.93535	
1	2.5822e-06	0.0009183	2.58355e-06	0.999984	-0.00562529	-0.0009183	0.00562529	0.999984	-0.00133164	0.00815521	2.90301	
0.999999	4.60123e-06	0.0012257	4.60461e-06	0.999972	-0.00751057	-0.0012257	0.00751057	0.999971	-0.00236899	0.0145108	3.87067	
0.999999	7.2059e-06	0.00153373	7.21269e-06	0.999956	-0.0094008	-0.00153373	0.0094008	0.999955	-0.00370411	0.0226932	4.83831	
0.999998	1.04e-05	0.00184236	1.04119e-05	0.999936	-0.0112959	-0.00184236	0.0112959	0.999935	-0.00533759	0.0327071	5.80593	
0.999998	1.41871e-05	0.0021516	1.42062e-05	0.999913	-0.0131958	-0.0021516	0.0131958	0.999911	-0.00727003	0.0445571	6.77354	
0.999997	1.85708e-05	0.00246141	1.85995e-05	0.999886	-0.0151003	-0.00246141	0.0151003	0.999883	-0.00950198	0.0582478	7.74111	
0.999996	2.35546e-05	0.00277179	2.35957e-05	0.999855	-0.0170095	-0.00277179	0.0170095	0.999851	-0.012034	0.0737838	8.70866	
0.999995	2.91418e-05	0.00308272	2.91985e-05	0.999821	-0.0189232	-0.00308272	0.0189232	0.999816	-0.0148666	0.0911694	9.67618	
0.999994	3.53357e-05	0.00339419	3.54115e-05	0.999783	-0.0208413	-0.00339419	0.0208413	0.999777	-0.0180004	0.110409	10.6437	
0.999993	4.21395e-05	0.00370618	4.22382e-05	0.999741	-0.0227638	-0.00370617	0.0227638	0.999734	-0.0214358	0.131507	11.6111	
0.999992	4.95562e-05	0.00401867	4.96822e-05	0.999695	-0.0246905	-0.00401867	0.0246905	0.999687	-0.0251734	0.154467	12.5785	
0.999991	5.75889e-05	0.00433166	5.77467e-05	0.999646	-0.0266214	-0.00433165	0.0266214	0.999636	-0.0292136	0.179294	13.5458	
0.999989	6.62403e-05	0.00464512	6.64351e-05	0.999592	-0.0285564	-0.00464511	0.0285564	0.999581	-0.0335569	0.205991	14.5131	
0.999988	7.55133e-05	0.00495904	7.57504e-05	0.999535	-0.0304953	-0.00495904	0.0304953	0.999523	-0.0382038	0.234562	15.4804	
0.999986	8.54106e-05	0.00527341	8.56957e-05	0.999474	-0.0324382	-0.00527341	0.0324382	0.99946	-0.0431546	0.265012	16.4476	
0.999984	9.59347e-05	0.00558821	9.62739e-05	0.999409	-0.0343849	-0.00558821	0.0343849	0.999393	-0.0484099	0.297344	17.4147	
0.999983	0.000107088	0.00590343	0.000107488	0.99934	-0.0363354	-0.00590342	0.0363354	0.999322	-0.05397	0.331561	18.3818	
0.999981	0.000118873	0.00621905	0.000119341	0.999267	-0.0382895	-0.00621904	0.0382895	0.999247	-0.0598353	0.367667	19.3487	
0.999979	0.000131292	0.00653506	0.000131835	0.99919	-0.0402471	-0.00653505	0.0402471	0.999168	-0.0660062	0.405666	20.3156	
0.999977	0.000144347	0.00685144	0.000144972	0.999109	-0.0422082	-0.00685143	0.0422082	0.999085	-0.0724831	0.445561	21.2825	
0.999974	0.00015804	0.00716818	0.000158756	0.999024	-0.0441727	-0.00716816	0.0441727	0.998998	-0.0792664	0.487356	22.2492	
0.999972	0.000172373	0.00748526	0.000173189	0.998935	-0.0461405	-0.00748524	0.0461405	0.998907	-0.0863562	0.531053	23.2159	
0.99997	0.000187348	0.00780266	0.000188272	0.998842	-0.0481115	-0.00780264	0.0481115	0.998811	-0.0937531	0.576656	24.1825	
0.999967	0.000202967	0.00812038	0.000204009	0.998745	-0.0500856	-0.00812035	0.0500856	0.998712	-0.101457	0.624167	25.1489	
0.999964	0.000219232	0.0084384	0.0002204	0.998644	-0.0520628	-0.00843837	0.0520628	0.998608	-0.109469	0.67359	26.1153	
0.999962	0.000236143	0.0087567	0.000237448	0.998539	-0.0540429	-0.00875666	0.0540429	0.9985	-0.117789	0.724928	27.0816	
0.999959	0.000253702	0.00907526	0.000255156	0.998429	-0.0560258	-0.00907522	0.0560258	0.998388	-0.126416	0.778184	28.0478	
0.999956	0.000271911	0.00939408	0.000273523	0.998316	-0.0580115	-0.00939404	0.0580115	0.998272	-0.135353	0.83336	29.0138	
0.999953	0.000290771	0.00971314	0.000292553	0.998198	-0.0599998	-0.00971309	0.0599998	0.998151	-0.144597	0.890458	29.9798	
0.99995	0.000310283	0.0100324	0.000312247	0.998077	-0.0619908	-0.0100324	0.0619908	0.998026	-0.154151	0.949482	30.9456	
0.999946	0.000330448	0.0103519	0.000332606	0.997951	-0.0639842	-0.0103518	0.0639842	0.997897	-0.164014	1.01043	31.9113	
0.999943	0.000351267	0.0106716	0.000353631	0.997821	-0.06598	-0.0106715	0.0659801	0.997764	-0.174185	1.07331	32.8769	
0.99994	0.000372741	0.0109915	0.000375324	0.997687	-0.0679782	-0.0109914	0.0679782	0.997626	-0.184667	1.13813	33.8423	
0.999936	0.00039487	0.0113115	0.000397685	0.997548	-0.0699786	-0.0113114	0.0699786	0.997484	-0.195458	1.20488	34.8076	
0.999932	0.000417655	0.0116317	0.000420717	0.997406	-0.0719811	-0.0116316	0.0719811	0.997338	-0.206558	1.27356	35.7728	
0.999928	0.000441096	0.011952	0.000444419	0.997259	-0.0739856	-0.0119519	0.0739857	0.997188	-0.217969	1.34419	36.7378	
0.999925	0.000465195	0.0122724	0.000468792	0.997108	-0.0759921	-0.0122723	0.0759922	0.997033	-0.22969	1.41675	37.7027	
0.999921	0.000489951	0.0125929	0.000493838	0.996953	-0.0780005	-0.0125928	0.0780005	0.996874	-0.24172	1.49126	38.6675	
0.999916	0.000515363	0.0129136	0.000519556	0.996794	-0.0800107	-0.0129134	0.0800107	0.99671	-0.254061	1.56771	39.632	
0.999912	0.000541434	0.0132343	0.000545947	0.99663	-0.0820225	-0.0132341	0.0820225	0.996543	-0.266712	1.64611	40.5964	
0.999908	0.000568161	0.013555	0.000573012	0.996463	-0.084036	-0.0135548	0.084036	0.996371	-0.279674	1.72646	41.5607	
0.999904	0.000595546	0.0138759	0.000600751	0.996291	-0.0860509	-0.0138756	0.0860509	0.996194	-0.292946	1.80875	42.5248	
0.999899	0.000623588	0.0141967	0.000629163	0.996114	-0.0880673	-0.0141965	0.0880673	0.996013	-0.306528	1.893	43.4887	
0.999894	0.000652286	0.0145176	0.000658249	0.995934	-0.0900849	-0.0145173	0.090085	0.995828	-0.320421	1.97919	44.4524	
0.99989	0.000681641	0.0148384	0.00068801	0.995749	-0.0921039	-0.0148381	0.0921039	0.995639	-0.334624	2.06734	45.416	
0.999885	0.000711651	0.0151593	0.000718444	0.99556	-0.094124	-0.015159	0.094124	0.995445	-0.349138	2.15745	46.3793	
0.99988	0.000742315	0.0154801	0.000749551	0.995367	-0.0961451	-0.0154798	0.0961451	0.995247	-0.363962	2.24951	47.3425	
0.999875	0.000773634	0.0158009	0.000781331	0.99517	-0.0981672	-0.0158005	0.0981672	0.995044	-0.379097	2.34352	48.3055	
0.99987	0.000805606	0.0161216	0.000813784	0.994968	-0.10019	-0.0161212	0.10019	0.994838	-0.394542	2.4395	49.2683	
0.999864	0.00083823	0.0164423	0.000846908	0.994762	-0.102214	-0.0164419	0.102214	0.994627	-0.410297	2.53743	50.2308	
0.999859	0.000871505	0.0167629	0.000880704	0.994552	-0.104238	-0.0167624	0.104238	0.994411	-0.426362	2.63732	51.1932	
0.999854	0.00090543	0.0170834	0.00091517	0.994338	-0.106263	-0.0170829	0.106264	0.994191	-0.442738	2.73916	52.1554	
0.999848	0.000940003	0.0174037	0.000950306	0.994119	-0.108289	-0.0174032	0.108289	0.993967	-0.459424	2.84297	53.1173	
0.999842	0.000975223	0.017724	0.000986109	0.993896	-0.110315	-0.0177234	0.110315	0.993739	-0.476419	2.94874	54.079	
0.999837	0.00101109	0.0180441	0.00102258	0.993669	-0.112341	-0.0180435	0.112342	0.993506	-0.493725	3.05647	55.0406	
0.999831	0.0010476	0.0183641	0.00105972	0.993438	-0.114368	-0.0183634	0.114368	0.993269	-0.51134	3.16616	56.0018	
0.999825	0.00108475	0.0186838	0.00109752	0.993202	-0.116395	-0.0186831	0.116395	0.993027	-0.529264	3.27782	56.9629	
0.999819	0.00112254	0.0190034	0.00113598	0.992963	-0.118422	-0.0190026	0.118422	0.992782	-0.547498	3.39143	57.9237	
0.999813	0.00116097	0.0193228	0.00117511	0.992719	-0.120449	-0.019322	0.120449	0.992531	-0.566041	3.507	58.8843	
0.999806	0.00120004	0.019642	0.0012149	0.992471	-0.122475	-0.0196411	0.122475	0.992277	-0.584893	3.62454	59.8446	
0.999834	0.00101993	0.0181766	0.00119548	0.992596	-0.121456	-0.0181659	0.121458	0.99243	-0.603185	3.74256	60.8049	
0.99986	0.000841227	0.0167102	0.0011776	0.99272	-0.120438	-0.0166899	0.120441	0.99258	-0.62005	3.8596	61.7653	
0.999884	0.000663935	0.0152428	0.00116125	0.992843	-0.11942	-0.015213	0.119424	0.992727	-0.635486	3.97566	62.7259	
0.999905	0.000488067	0.0137745	0.00114642	0.992965	-0.118403	-0.0137354	0.118408	0.99287	-0.649492	4.09073	63.6866	
0.999924	0.000313636	0.0123055	0.00113312	0.993086	-0.117387	-0.0122572	0.117392	0.99301	-0.662068	4.20482	64.6474	
0.999941	0.000140651	0.0108357	0.00112135	0.993205	-0.116372	-0.0107785	0.116377	0.993147	-0.673214	4.31793	65.6084	
0.999956	-3.08775e-05	0.00936544	0.00111109	0.993323	-0.115358	-0.00929935	0.115363	0.99328	-0.682928	4.43005	66.5695	
0.999969	-0.000200939	0.00789465	0.00110236	0.993441	-0.114344	-0.00781989	0.114349	0.99341	-0.691211	4.5412	67.5307	
0.999979	-0.000369523	0.00642346	0.00109514	0.993557	-0.113331	-0.00634019	0.113336	0.993537	-0.698062	4.65136	68.4921	
0.999988	-0.00053662	0.00495197	0.00108944	0.993672	-0.112319	-0.00486036	0.112323	0.99366	-0.703482	4.76054	69.4536	
0.999994	-0.000702222	0.00348027	0.00108525	0.993785	-0.111308	-0.00338048	0.111311	0.99378	-0.707469	4.86874	70.4152	
0.999998	-0.000866318	0.00200845	0.00108256	0.993898	-0.110298	-0.00190064	0.1103	0.993897	-0.710024	4.97597	71.3769	
0.999946	-0.00209085	-0.0101851	0.00117049	0.995982	-0.089545	0.0103314	0.0895282	0.995931	-0.705945	5.07266	72.3397	
0.999744	-0.00306049	-0.0224	0.00151351	0.997632	-0.0687557	0.0225574	0.0687042	0.997382	-0.690031	5.14922	73.3042	
0.999393	-0.00377467	-0.0346291	0.0021114	0.998848	-0.0479422	0.0347702	0.04784	0.99825	-0.662293	5.20561	74.2698	
0.998892	-0.00423297	-0.0468653	0.00296384	0.999628	-0.0271168	0.0469627	0.0269478	0.998533	-0.622745	5.2418	75.236	
0.998242	-0.00443511	-0.0591014	0.00407031	0.999972	-0.00629147	0.0591276	0.00603985	0.998232	-0.571412	5.25776	76.2021	
0.997443	-0.00438099	-0.0713302	0.00543017	0.99988	0.0145215	0.071258	-0.0148717	0.997347	-0.508323	5.25349	77.1677	
0.996496	-0.00407064	-0.0835446	0.00704262	0.999352	0.0353098	0.0833467	-0.0357745	0.995878	-0.433516	5.22898	78.1322	
0.9954	-0.00350422	-0.0957374	0.00890672	0.998388	0.0560615	0.0953865	-0.0566563	0.993827	-0.347034	5.18426	79.0949	
0.994158	-0.00268209	-0.107901	0.0110214	0.996988	0.0767643	0.107371	-0.077505	0.991193	-0.248927	5.11934	80.0554	
0.992769	-0.00160472	-0.12003	0.0133854	0.995155	0.0974061	0.119292	-0.0983084	0.98798	-0.139254	5.03427	81.013	
0.991234	-0.000272729	-0.132115	0.0159973	0.992888	0.117975	0.131143	-0.119054	0.984189	-0.0180781	4.9291	81.9673	
0.989555	0.00131309	-0.14415	0.0188556	0.990189	0.138459	0.142918	-0.13973	0.979821	0.11453	4.80388	82.9176	
0.987732	0.00315181	-0.156129	0.0219587	0.987059	0.158845	0.154609	-0.160325	0.974881	0.258492	4.6587	83.8634	
0.985766	0.00524236	-0.168043	0.0253046	0.983501	0.179123	0.16621	-0.180825	0.969369	0.413724	4.49363	84.8041	
0.983658	0.00758351	-0.179886	0.0288916	0.979517	0.199279	0.177713	-0.20122	0.963291	0.580134	4.30877	85.7393	
0.98141	0.0101739	-0.191652	0.0327174	0.975108	0.219303	0.189112	-0.221497	0.956648	0.757627	4.10423	86.6683	
0.979023	0.013012	-0.203332	0.0367798	0.970278	0.239183	0.200401	-0.241644	0.949446	0.946098	3.88014	87.5905	
0.976499	0.0160962	-0.214921	0.0410765	0.965029	0.258907	0.211572	-0.26165	0.941688	1.14544	3.63661	88.5056	
0.973838	0.0194246	-0.226411	0.0456049	0.959364	0.278463	0.22262	-0.281503	0.933379	1.35552	3.3738	89.4129	
0.971043	0.0229953	-0.237796	0.0503624	0.953286	0.29784	0.233537	-0.301191	0.924524	1.57624	3.09186	90.3118	
0.968115	0.0268062	-0.249069	0.0553462	0.9468	0.317026	0.244317	-0.320703	0.915128	1.80746	2.79095	91.202	
0.965055	0.0308552	-0.260224	0.0605533	0.939909	0.336012	0.254955	-0.340027	0.905196	2.04904	2.47124	92.0828	
0.961866	0.0351397	-0.271254	0.0659809	0.932617	0.354784	0.265443	-0.359152	0.894734	2.30084	2.13294	92.9537	
0.95855	0.0396573	-0.282153	0.0716255	0.924928	0.373333	0.275776	-0.378067	0.883749	2.56271	1.77623	93.8142	
0.955107	0.0444054	-0.292913	0.077484	0.916847	0.391647	0.285948	-0.396761	0.872247	2.83451	1.40132	94.6639	
