1	0	0	0	1	0	0	0	1	0	0	0	
1	-1.03445e-06	0.000933924	-1.03445e-06	0.999998	0.00221528	-0.000933924	-0.00221528	0.999997	-0.000346212	-0.000821221	0.741413	
0.999998	-4.14012e-06	0.00186808	-4.14259e-06	0.99999	0.00443377	-0.00186808	-0.00443377	0.999988	-0.00138494	-0.00328607	1.48282	
0.999996	-9.32093e-06	0.00280246	-9.33081e-06	0.999978	0.00665541	-0.00280246	-0.00665541	0.999974	-0.00311634	-0.00739691	2.22422	
0.999993	-1.65806e-05	0.00373702	-1.66054e-05	0.999961	0.00888014	-0.00373702	-0.00888014	0.999954	-0.00554057	-0.0131561	2.96561	
0.999989	-2.59228e-05	0.00467174	-2.59724e-05	0.999938	0.0111079	-0.00467174	-0.0111079	0.999927	-0.00865776	-0.0205658	3.70698	
0.999984	-3.73509e-05	0.00560659	-3.74376e-05	0.999911	0.0133387	-0.00560659	-0.0133387	0.999895	-0.012468	-0.0296283	4.44833	
0.999979	-5.0868e-05	0.00654156	-5.1007e-05	0.999879	0.0155724	-0.00654156	-0.0155724	0.999857	-0.0169714	-0.0403458	5.18965	
0.999972	-6.64771e-05	0.00747661	-6.66859e-05	0.999841	0.017809	-0.00747661	-0.017809	0.999813	-0.0221681	-0.0527206	5.93095	
0.999965	-8.41812e-05	0.00841172	-8.44798e-05	0.999799	0.0200484	-0.00841171	-0.0200484	0.999764	-0.028058	-0.0667545	6.6722	
0.999956	-0.000103983	0.00934686	-0.000104394	0.999752	0.0222905	-0.00934685	-0.0222905	0.999708	-0.0346412	-0.0824499	7.41342	
0.999947	-0.000125885	0.010282	-0.000126433	0.999699	0.0245354	-0.010282	-0.0245354	0.999646	-0.0419178	-0.0998086	8.1546	
0.999937	-0.000149888	0.0112171	-0.000150603	0.999641	0.0267829	-0.0112171	-0.0267829	0.999578	-0.0498876	-0.118833	8.89572	
0.999926	-0.000175997	0.0121522	-0.000176907	0.999578	0.0290331	-0.0121522	-0.0290331	0.999505	-0.0585508	-0.139524	9.6368	
0.999914	-0.000204212	0.0130872	-0.00020535	0.99951	0.0312857	-0.0130872	-0.0312858	0.999425	-0.0679073	-0.161885	10.3778	
0.999902	-0.000234535	0.0140222	-0.000235937	0.999437	0.0335409	-0.0140221	-0.0335409	0.999339	-0.0779569	-0.185916	11.1188	
0.999888	-0.000266967	0.014957	-0.000268672	0.999359	0.0357985	-0.014957	-0.0357985	0.999247	-0.0886997	-0.211621	11.8597	
0.999874	-0.000301511	0.0158916	-0.000303559	0.999275	0.0380585	-0.0158916	-0.0380585	0.999149	-0.100135	-0.239	12.6005	
0.999858	-0.000338166	0.0168261	-0.000340601	0.999187	0.0403208	-0.0168261	-0.0403208	0.999045	-0.112264	-0.268056	13.3412	
0.999842	-0.000376935	0.0177605	-0.000379802	0.999093	0.0425854	-0.0177604	-0.0425854	0.998935	-0.125086	-0.29879	14.0819	
0.999825	-0.000417819	0.0186945	-0.000421167	0.998994	0.0448522	-0.0186945	-0.0448522	0.998819	-0.1386	-0.331204	14.8225	
0.999807	-0.000460816	0.0196284	-0.000464697	0.998889	0.0471211	-0.0196283	-0.0471212	0.998696	-0.152806	-0.365299	15.563	
0.999788	-0.00050593	0.020562	-0.000510397	0.998779	0.0493922	-0.0205619	-0.0493922	0.998568	-0.167705	-0.401077	16.3034	
0.999769	-0.000553158	0.0214952	-0.000558268	0.998664	0.0516653	-0.0214951	-0.0516654	0.998433	-0.183296	-0.43854	17.0437	
0.999748	-0.000602503	0.0224282	-0.000608315	0.998544	0.0539404	-0.0224281	-0.0539404	0.998292	-0.199578	-0.477689	17.7839	
0.999727	-0.000653962	0.0233608	-0.000660539	0.998418	0.0562174	-0.0233607	-0.0562175	0.998145	-0.216553	-0.518525	18.524	
0.999705	-0.000707538	0.0242931	-0.000714943	0.998287	0.0584963	-0.0242929	-0.0584964	0.997992	-0.234218	-0.561051	19.2639	
0.999682	-0.000763228	0.025225	-0.000771529	0.998151	0.060777	-0.0252247	-0.0607771	0.997833	-0.252575	-0.605266	20.0038	
0.999658	-0.000821033	0.0261564	-0.000830299	0.998009	0.0630595	-0.0261562	-0.0630596	0.997667	-0.271622	-0.651173	20.7436	
0.999633	-0.000880951	0.0270875	-0.000891256	0.997862	0.0653437	-0.0270871	-0.0653439	0.997495	-0.29136	-0.698773	21.4832	
0.999607	-0.000942982	0.028018	-0.0009544	0.99771	0.0676296	-0.0280176	-0.0676297	0.997317	-0.311787	-0.748068	22.2227	
0.99958	-0.00100712	0.0289481	-0.00101973	0.997552	0.069917	-0.0289477	-0.0699172	0.997133	-0.332905	-0.799057	22.962	
0.999553	-0.00107338	0.0298777	-0.00108726	0.997389	0.072206	-0.0298772	-0.0722062	0.996942	-0.354712	-0.851744	23.7012	
0.999525	-0.00114174	0.0308067	-0.00115698	0.997221	0.0744965	-0.0308061	-0.0744967	0.996745	-0.377207	-0.906127	24.4403	
0.999496	-0.00121221	0.0317352	-0.00122889	0.997047	0.0767884	-0.0317345	-0.0767887	0.996542	-0.400392	-0.96221	25.1792	
0.999466	-0.00128478	0.0326631	-0.00130299	0.996867	0.0790817	-0.0326623	-0.079082	0.996333	-0.424264	-1.01999	25.918	
0.999435	-0.00135946	0.0335904	-0.00137929	0.996682	0.0813763	-0.0335895	-0.0813766	0.996117	-0.448824	-1.07948	26.6566	
0.999403	-0.00143624	0.034517	-0.00145778	0.996492	0.0836721	-0.0345161	-0.0836725	0.995895	-0.474071	-1.14066	27.3951	
0.999371	-0.00151511	0.035443	-0.00153847	0.996297	0.0859692	-0.035442	-0.0859696	0.995667	-0.500005	-1.20355	28.1334	
0.999337	-0.00159609	0.0363683	-0.00162136	0.996095	0.0882674	-0.0363672	-0.0882679	0.995433	-0.526626	-1.26814	28.8715	
0.999303	-0.00167916	0.037293	-0.00170644	0.995889	0.0905667	-0.0372917	-0.0905672	0.995192	-0.553931	-1.33443	29.6094	
0.999268	-0.00176431	0.0382169	-0.00179372	0.995677	0.0928671	-0.0382155	-0.0928676	0.994945	-0.581923	-1.40244	30.3472	
0.999232	-0.00185156	0.03914	-0.00188319	0.995459	0.0951684	-0.0391385	-0.095169	0.994691	-0.610598	-1.47214	31.0848	
0.999195	-0.00194089	0.0400624	-0.00197485	0.995236	0.0974706	-0.0400608	-0.0974713	0.994432	-0.639958	-1.54355	31.8221	
0.999158	-0.0020323	0.040984	-0.00206871	0.995008	0.0997737	-0.0409822	-0.0997745	0.994166	-0.670001	-1.61668	32.5593	
0.999119	-0.00212579	0.0419048	-0.00216477	0.994774	0.102078	-0.0419028	-0.102078	0.993893	-0.700727	-1.6915	33.2963	
0.99908	-0.00222136	0.0428248	-0.00226301	0.994535	0.104382	-0.0428226	-0.104383	0.993615	-0.732136	-1.76804	34.0331	
0.99904	-0.00231899	0.0437439	-0.00236345	0.99429	0.106688	-0.0437415	-0.106689	0.99333	-0.764226	-1.84629	34.7697	
0.998999	-0.00241869	0.0446621	-0.00246608	0.994039	0.108994	-0.0446595	-0.108995	0.993039	-0.796996	-1.92624	35.506	
0.998958	-0.00252045	0.0455794	-0.00257089	0.993783	0.1113	-0.0455765	-0.111301	0.992741	-0.830448	-2.00791	36.2422	
0.998915	-0.00262427	0.0464957	-0.00267789	0.993522	0.113607	-0.0464927	-0.113609	0.992437	-0.864578	-2.09128	36.9781	
0.998872	-0.00273015	0.0474111	-0.00278708	0.993255	0.115915	-0.0474078	-0.115916	0.992127	-0.899388	-2.17637	37.7138	
0.998953	-0.00252619	0.0456787	-0.00286941	0.993049	0.11767	-0.0456584	-0.117678	0.992002	-0.933888	-2.26296	38.4493	
0.999031	-0.00231892	0.0439446	-0.00294896	0.992838	0.119432	-0.0439068	-0.119446	0.991869	-0.967091	-2.35087	39.1848	
0.999107	-0.00210832	0.0422089	-0.00302571	0.992623	0.121201	-0.0421531	-0.121221	0.99173	-0.998994	-2.44009	39.9201	
0.999179	-0.0018944	0.0404717	-0.00309961	0.992405	0.122977	-0.0403972	-0.123001	0.991584	-1.0296	-2.53062	40.6553	
0.999248	-0.00167714	0.0387329	-0.00317063	0.992182	0.124759	-0.0386394	-0.124788	0.991431	-1.0589	-2.62248	41.3904	
0.999314	-0.00145652	0.0369928	-0.00323875	0.991955	0.126547	-0.0368795	-0.12658	0.991271	-1.08689	-2.71566	42.1254	
0.999378	-0.00123255	0.0352513	-0.00330392	0.991725	0.128342	-0.0351178	-0.128378	0.991103	-1.11358	-2.81018	42.8603	
0.999438	-0.0010052	0.0335085	-0.00336611	0.99149	0.130142	-0.0333542	-0.130181	0.990929	-1.13896	-2.90603	43.5951	
0.999495	-0.000774472	0.0317646	-0.0034253	0.991251	0.131948	-0.0315888	-0.13199	0.990748	-1.16304	-3.00322	44.3297	
0.999549	-0.000540358	0.0300194	-0.00348145	0.991008	0.13376	-0.0298217	-0.133804	0.990559	-1.1858	-3.10175	45.0642	
0.9996	-0.000302849	0.0282731	-0.00353454	0.990761	0.135577	-0.028053	-0.135622	0.990363	-1.20726	-3.20163	45.7985	
0.999648	-6.19385e-05	0.0265259	-0.00358453	0.990509	0.137399	-0.0262826	-0.137446	0.990161	-1.2274	-3.30285	46.5327	
0.999693	0.000182381	0.0247776	-0.00363141	0.990254	0.139226	-0.0245107	-0.139274	0.989951	-1.24623	-3.40544	47.2668	
0.999735	0.000430117	0.0230284	-0.00367514	0.989994	0.141059	-0.0227373	-0.141106	0.989733	-1.26375	-3.50937	48.0006	
0.999773	0.000681273	0.0212783	-0.0037157	0.989731	0.142895	-0.0209625	-0.142942	0.989509	-1.27995	-3.61467	48.7344	
0.999809	0.000935855	0.0195275	-0.00375306	0.989463	0.144737	-0.0191863	-0.144783	0.989277	-1.29483	-3.72133	49.4679	
0.999841	0.00119387	0.0177759	-0.0037872	0.989191	0.146583	-0.0174087	-0.146627	0.989039	-1.30839	-3.82936	50.2013	
0.999871	0.00145532	0.0160236	-0.00381811	0.988915	0.148433	-0.0156299	-0.148475	0.988793	-1.32064	-3.93876	50.9345	
0.999897	0.00172021	0.0142707	-0.00384575	0.988635	0.150287	-0.01385	-0.150326	0.988539	-1.33157	-4.04953	51.6675	
0.99992	0.00198854	0.0125172	-0.00387011	0.988351	0.152145	-0.0120688	-0.152181	0.988279	-1.34118	-4.16167	52.4003	
0.99994	0.00226032	0.0107631	-0.00389116	0.988062	0.154006	-0.0102866	-0.154039	0.988011	-1.34947	-4.27519	53.1329	
0.999956	0.00253555	0.00900866	-0.0039089	0.98777	0.155871	-0.00850327	-0.155899	0.987736	-1.35643	-4.39008	53.8654	
0.99997	0.00281423	0.00725377	-0.0039233	0.987473	0.157739	-0.00671899	-0.157763	0.987454	-1.36208	-4.50636	54.5976	
0.99998	0.00309636	0.00549852	-0.00393434	0.987172	0.15961	-0.00493378	-0.159629	0.987165	-1.36639	-4.62402	55.3296	
0.999987	0.00338194	0.00374297	-0.00394201	0.986867	0.161485	-0.00314768	-0.161497	0.986868	-1.36939	-4.74306	56.0614	
0.999991	0.00367098	0.00198716	-0.0039463	0.986558	0.163362	-0.00136076	-0.163368	0.986564	-1.37106	-4.86349	56.7929	
0.999992	0.00396348	0.000231164	-0.00394719	0.986245	0.165241	0.000426945	-0.165241	0.986253	-1.37141	-4.98531	57.5243	
0.99999	0.00425942	-0.00152498	-0.00394467	0.985928	0.167123	0.00221537	-0.167115	0.985935	-1.37043	-5.10852	58.2554	
0.999984	0.00455883	-0.00328122	-0.00393872	0.985607	0.169007	0.00400447	-0.168991	0.985609	-1.36812	-5.23311	58.9863	
0.999975	0.00486168	-0.0050375	-0.00392935	0.985282	0.170893	0.00579418	-0.170869	0.985277	-1.36449	-5.3591	59.7169	
0.999964	0.00516798	-0.00679377	-0.00391653	0.984952	0.172781	0.00758447	-0.172748	0.984937	-1.35953	-5.48648	60.4473	
0.999948	0.00547773	-0.00854998	-0.00390026	0.984619	0.17467	0.00937527	-0.174628	0.98459	-1.35324	-5.61526	61.1774	
0.99993	0.00579093	-0.0103061	-0.00388053	0.984282	0.176561	0.0111665	-0.176509	0.984236	-1.34563	-5.74543	61.9072	
0.999909	0.00610757	-0.012062	-0.00385733	0.983941	0.178454	0.0129582	-0.178391	0.983874	-1.33669	-5.87699	62.6368	
0.999884	0.00642765	-0.0138177	-0.00383066	0.983596	0.180347	0.0147503	-0.180273	0.983506	-1.32641	-6.00995	63.3661	
0.999856	0.00675116	-0.0155732	-0.00380052	0.983246	0.182242	0.0165426	-0.182156	0.98313	-1.31481	-6.14431	64.0952	
0.999825	0.0070781	-0.0173283	-0.0037669	0.982893	0.184137	0.0183353	-0.184039	0.982748	-1.30188	-6.28006	64.824	
0.99979	0.00740847	-0.0190831	-0.00372979	0.982537	0.186032	0.0201281	-0.185922	0.982358	-1.28763	-6.4172	65.5524	
0.999753	0.00774226	-0.0208375	-0.0036892	0.982176	0.187929	0.0219211	-0.187805	0.981962	-1.27204	-6.55575	66.2806	
0.999712	0.00807946	-0.0225914	-0.00364513	0.981811	0.189825	0.0237142	-0.189688	0.981558	-1.25512	-6.69569	67.0085	
0.999668	0.00842006	-0.0243449	-0.00359757	0.981443	0.191721	0.0255074	-0.19157	0.981147	-1.23687	-6.83702	67.7361	
0.999621	0.00876406	-0.0260977	-0.00354654	0.981071	0.193617	0.0273006	-0.193451	0.98073	-1.2173	-6.97975	68.4634	
0.999571	0.00911146	-0.02785	-0.00349202	0.980695	0.195513	0.0290938	-0.195332	0.980306	-1.19639	-7.12388	69.1904	
0.999517	0.00946223	-0.0296016	-0.00343402	0.980315	0.197408	0.0308868	-0.197211	0.979874	-1.17416	-7.2694	69.917	
0.99946	0.00981638	-0.0313525	-0.00337255	0.979932	0.199303	0.0326798	-0.19909	0.979436	-1.15059	-7.41631	70.6433	
0.9994	0.0101739	-0.0331027	-0.00330762	0.979545	0.201197	0.0344726	-0.200967	0.978991	-1.1257	-7.56461	71.3693	
0.998601	0.0138272	-0.051032	-0.00343178	0.980113	0.19841	0.0527606	-0.197958	0.97879	-1.09336	-7.7125	72.0951	
0.997468	0.0174248	-0.0689546	-0.00360799	0.980672	0.195624	0.0710306	-0.19488	0.978252	-1.04747	-7.85813	72.8206	
