1	0	0	0	1	0	0	0	1	0	0	0	
0.999999	5.02554e-07	-0.0014703	5.02554e-07	1	0.000683607	0.0014703	-0.000683607	0.999999	0.000667205	-0.000310213	0.907575	
0.999996	2.01518e-06	-0.00294422	2.01519e-06	0.999999	0.00136891	0.00294422	-0.00136891	0.999995	0.00267046	-0.00124162	1.81515	
0.99999	4.54524e-06	-0.00442171	4.54528e-06	0.999998	0.00205587	0.00442171	-0.00205587	0.999988	0.00601304	-0.00279574	2.72272	
0.999983	8.09993e-06	-0.00590271	8.10003e-06	0.999996	0.00274447	0.00590271	-0.00274447	0.999979	0.0106981	-0.00497407	3.63028	
0.999973	1.26863e-05	-0.00738715	1.26865e-05	0.999994	0.00343468	0.00738715	-0.00343468	0.999967	0.0167289	-0.00777809	4.53783	
0.999961	1.83114e-05	-0.00887498	1.83118e-05	0.999991	0.00412647	0.00887498	-0.00412647	0.999952	0.0241085	-0.0112092	5.44537	
0.999946	2.49819e-05	-0.0103661	2.49825e-05	0.999988	0.00481981	0.0103661	-0.00481981	0.999935	0.0328399	-0.015269	6.35289	
0.99993	3.27046e-05	-0.0118606	3.27054e-05	0.999985	0.00551468	0.0118606	-0.00551468	0.999914	0.0429261	-0.0199586	7.2604	
0.999911	4.14858e-05	-0.0133582	4.1487e-05	0.999981	0.00621105	0.0133582	-0.00621105	0.999891	0.05437	-0.0252796	8.16789	
0.99989	5.13321e-05	-0.014859	5.13338e-05	0.999976	0.00690889	0.014859	-0.00690889	0.999866	0.0671746	-0.0312333	9.07535	
0.999866	6.22496e-05	-0.0163628	6.22518e-05	0.999971	0.00760817	0.0163628	-0.00760817	0.999837	0.0813427	-0.037821	9.98279	
0.99984	7.42445e-05	-0.0178697	7.42474e-05	0.999965	0.00830887	0.0178697	-0.00830887	0.999806	0.0968771	-0.0450439	10.8902	
0.999812	8.73226e-05	-0.0193796	8.73262e-05	0.999959	0.00901096	0.0193796	-0.00901096	0.999772	0.11378	-0.0529035	11.7976	
0.999782	0.00010149	-0.0208924	0.000101494	0.999953	0.0097144	0.0208924	-0.0097144	0.999735	0.132055	-0.0614008	12.7049	
0.999749	0.000116752	-0.022408	0.000116757	0.999946	0.0104192	0.022408	-0.0104192	0.999695	0.151705	-0.0705372	13.6123	
0.999714	0.000133114	-0.0239264	0.00013312	0.999938	0.0111253	0.0239264	-0.0111253	0.999652	0.172731	-0.0803138	14.5195	
0.999676	0.000150581	-0.0254476	0.000150589	0.99993	0.0118326	0.0254476	-0.0118326	0.999606	0.195136	-0.0907318	15.4268	
0.999636	0.000169159	-0.0269714	0.000169169	0.999921	0.0125412	0.0269714	-0.0125412	0.999558	0.218923	-0.101792	16.334	
0.999594	0.000188854	-0.0284978	0.000188865	0.999912	0.013251	0.0284978	-0.013251	0.999506	0.244094	-0.113497	17.2411	
0.999549	0.000209668	-0.0300268	0.000209682	0.999903	0.0139621	0.0300268	-0.0139621	0.999452	0.270652	-0.125846	18.1482	
0.999502	0.000231608	-0.0315582	0.000231624	0.999892	0.0146742	0.0315582	-0.0146742	0.999394	0.298598	-0.13884	19.0553	
0.999452	0.000254678	-0.0330921	0.000254697	0.999882	0.0153875	0.0330921	-0.0153875	0.999334	0.327936	-0.152482	19.9623	
0.9994	0.000278883	-0.0346283	0.000278904	0.99987	0.0161019	0.0346283	-0.0161019	0.999271	0.358667	-0.166772	20.8692	
0.999346	0.000304226	-0.0361668	0.00030425	0.999859	0.0168174	0.0361668	-0.0168174	0.999204	0.390793	-0.18171	21.7761	
0.999289	0.000330712	-0.0377076	0.000330739	0.999846	0.017534	0.0377076	-0.017534	0.999135	0.424316	-0.197298	22.6829	
0.999229	0.000358344	-0.0392506	0.000358375	0.999833	0.0182515	0.0392506	-0.0182515	0.999063	0.459239	-0.213537	23.5897	
0.999167	0.000387128	-0.0407956	0.000387161	0.99982	0.0189701	0.0407956	-0.0189701	0.998987	0.495563	-0.230428	24.4964	
0.999103	0.000417065	-0.0423428	0.000417103	0.999806	0.0196896	0.0423428	-0.0196896	0.998909	0.53329	-0.247971	25.403	
0.999036	0.00044816	-0.0438919	0.000448202	0.999792	0.0204101	0.0438919	-0.0204101	0.998828	0.572422	-0.266168	26.3096	
0.998967	0.000480415	-0.0454429	0.000480462	0.999777	0.0211314	0.0454429	-0.0211314	0.998743	0.612961	-0.285019	27.216	
0.998895	0.000513835	-0.0469959	0.000513887	0.999761	0.0218537	0.0469959	-0.0218537	0.998656	0.654909	-0.304525	28.1224	
0.998821	0.000548422	-0.0485506	0.000548479	0.999745	0.0225767	0.0485506	-0.0225767	0.998566	0.698267	-0.324687	29.0287	
0.998744	0.000584179	-0.0501071	0.000584241	0.999728	0.0233006	0.0501071	-0.0233006	0.998472	0.743036	-0.345506	29.935	
0.998664	0.000621108	-0.0516653	0.000621177	0.999711	0.0240253	0.0516653	-0.0240253	0.998375	0.789219	-0.366982	30.8411	
0.998582	0.000659213	-0.0532251	0.000659288	0.999693	0.0247508	0.0532251	-0.0247508	0.998276	0.836817	-0.389116	31.7472	
0.998498	0.000698495	-0.0547864	0.000698576	0.999675	0.025477	0.0547864	-0.025477	0.998173	0.885832	-0.411909	32.6531	
0.998411	0.000738956	-0.0563493	0.000739045	0.999656	0.0262039	0.0563493	-0.0262039	0.998067	0.936264	-0.435361	33.559	
0.998321	0.000780599	-0.0579136	0.000780695	0.999637	0.0269315	0.0579136	-0.0269315	0.997958	0.988115	-0.459473	34.4648	
0.998229	0.000823425	-0.0594793	0.000823529	0.999617	0.0276597	0.0594793	-0.0276597	0.997846	1.04139	-0.484246	35.3704	
0.998135	0.000867437	-0.0610463	0.000867549	0.999597	0.0283886	0.0610463	-0.0283886	0.997731	1.09608	-0.50968	36.276	
0.998037	0.000912635	-0.0626146	0.000912756	0.999576	0.029118	0.0626146	-0.029118	0.997613	1.1522	-0.535776	37.1815	
0.997938	0.00095902	-0.064184	0.000959151	0.999554	0.029848	0.064184	-0.029848	0.997492	1.20974	-0.562534	38.0868	
0.997835	0.0010066	-0.0657546	0.00100674	0.999532	0.0305785	0.0657546	-0.0305785	0.997367	1.2687	-0.589955	38.9921	
0.99773	0.00105536	-0.0673263	0.00105551	0.999509	0.0313096	0.0673263	-0.0313096	0.99724	1.32909	-0.618039	39.8972	
0.997623	0.00110532	-0.068899	0.00110548	0.999486	0.0320411	0.068899	-0.0320411	0.997109	1.39091	-0.646786	40.8022	
0.997513	0.00115646	-0.0704726	0.00115664	0.999462	0.032773	0.0704726	-0.032773	0.996975	1.45415	-0.676198	41.7071	
0.997401	0.0012088	-0.0720471	0.00120899	0.999438	0.0335054	0.0720471	-0.0335054	0.996838	1.51883	-0.706275	42.6119	
0.997285	0.00126233	-0.0736224	0.00126253	0.999413	0.0342382	0.0736224	-0.0342382	0.996698	1.58493	-0.737016	43.5165	
0.997168	0.00131706	-0.0751985	0.00131727	0.999387	0.0349713	0.0751985	-0.0349713	0.996555	1.65246	-0.768422	44.421	
0.997047	0.00137298	-0.0767752	0.0013732	0.999361	0.0357048	0.0767752	-0.0357048	0.996409	1.72143	-0.800494	45.3254	
0.996925	0.00143008	-0.0783526	0.00143032	0.999335	0.0364385	0.0783526	-0.0364386	0.99626	1.79182	-0.833232	46.2297	
0.996799	0.00148839	-0.0799306	0.00148864	0.999308	0.0371726	0.0799306	-0.0371726	0.996107	1.86365	-0.866636	47.1338	
0.996671	0.00154788	-0.0815091	0.00154814	0.99928	0.0379069	0.0815091	-0.0379069	0.995951	1.93691	-0.900706	48.0378	
0.996541	0.00160856	-0.0830881	0.00160884	0.999252	0.0386414	0.083088	-0.0386414	0.995793	2.0116	-0.935443	48.9416	
0.996408	0.00167043	-0.0846674	0.00167073	0.999223	0.039376	0.0846674	-0.0393761	0.995631	2.08773	-0.970846	49.8453	
0.996272	0.0017335	-0.086247	0.00173381	0.999194	0.0401109	0.086247	-0.0401109	0.995466	2.16528	-1.00692	50.7488	
0.996134	0.00179775	-0.087827	0.00179808	0.999164	0.0408459	0.087827	-0.0408459	0.995298	2.24428	-1.04365	51.6522	
0.995993	0.00186318	-0.0894071	0.00186353	0.999133	0.0415809	0.0894071	-0.041581	0.995127	2.3247	-1.08106	52.5554	
0.99585	0.0019298	-0.0909874	0.00193017	0.999102	0.0423161	0.0909873	-0.0423161	0.994953	2.40656	-1.11913	53.4585	
0.995704	0.0019976	-0.0925677	0.00199799	0.999071	0.0430513	0.0925677	-0.0430513	0.994775	2.48986	-1.15787	54.3614	
0.99573	0.00198534	-0.0922954	0.00232219	0.998914	0.0465403	0.0922875	-0.0465559	0.994643	2.57374	-1.19853	55.2642	
0.995755	0.00197225	-0.0920258	0.00264557	0.998744	0.0500306	0.0920089	-0.0500616	0.994499	2.65738	-1.24237	56.1668	
0.995779	0.00195833	-0.0917588	0.00296811	0.998562	0.0535219	0.0917317	-0.0535683	0.994342	2.74076	-1.2894	57.0693	
0.995804	0.00194361	-0.0914942	0.00328982	0.998368	0.0570141	0.0914557	-0.0570758	0.994172	2.82388	-1.33961	57.9717	
0.995828	0.00192808	-0.0912318	0.00361069	0.998161	0.060507	0.0911807	-0.0605839	0.99399	2.90676	-1.393	58.8739	
0.995852	0.00191175	-0.0909714	0.0039307	0.997942	0.0640004	0.0909065	-0.0640925	0.993795	2.98939	-1.44958	59.7759	
0.995875	0.00189462	-0.0907129	0.00424984	0.997711	0.0674942	0.0906331	-0.0676013	0.993587	3.07177	-1.50934	60.6778	
0.995899	0.00187669	-0.090456	0.00456812	0.997467	0.0709882	0.0903601	-0.0711103	0.993367	3.1539	-1.57229	61.5795	
0.995922	0.00185796	-0.0902007	0.0048855	0.99721	0.0744822	0.0900875	-0.0746192	0.993135	3.23579	-1.63842	62.4809	
0.995945	0.00183843	-0.0899468	0.00520199	0.996942	0.0779761	0.0898151	-0.0781278	0.992889	3.31743	-1.70773	63.3821	
0.995968	0.00181809	-0.089694	0.00551758	0.996661	0.0814697	0.0895426	-0.0816361	0.992632	3.39882	-1.78023	64.2831	
0.99599	0.00179693	-0.0894423	0.00583224	0.996367	0.0849627	0.08927	-0.0851437	0.992362	3.47996	-1.85591	65.1839	
0.996013	0.00177496	-0.0891913	0.00614597	0.996061	0.0884551	0.088997	-0.0886506	0.992079	3.56086	-1.93478	66.0844	
0.996035	0.00175215	-0.088941	0.00645875	0.995743	0.0919467	0.0887235	-0.0921566	0.991784	3.6415	-2.01683	66.9847	
0.996058	0.00172849	-0.0886913	0.00677058	0.995412	0.0954373	0.0884494	-0.0956615	0.991476	3.7219	-2.10206	67.8847	
0.99608	0.00170398	-0.0884418	0.00708143	0.99507	0.0989267	0.0881743	-0.0991652	0.991157	3.80205	-2.19047	68.7844	
0.996102	0.00167859	-0.0881925	0.0073913	0.994714	0.102415	0.0878982	-0.102667	0.990825	3.88195	-2.28206	69.6838	
0.996124	0.00165231	-0.0879431	0.00770017	0.994347	0.105901	0.087621	-0.106168	0.99048	3.9616	-2.37682	70.5829	
0.996146	0.00162511	-0.0876936	0.00800801	0.993967	0.109386	0.0873423	-0.109667	0.990123	4.041	-2.47477	71.4816	
0.99716	0.000134593	-0.0753066	0.00954131	0.991714	0.128112	0.0746998	-0.128467	0.988896	4.11453	-2.58283	72.3797	
0.998016	-0.00159086	-0.0629381	0.010835	0.989105	0.14681	0.0620188	-0.147201	0.98716	4.17658	-2.70793	73.2765	
0.998713	-0.00355036	-0.0505945	0.0118884	0.986143	0.165471	0.0493059	-0.165859	0.984916	4.2271	-2.85	74.1714	
0.99925	-0.0057429	-0.0382822	0.0127009	0.982828	0.184084	0.0365676	-0.184432	0.982165	4.26607	-3.00897	75.0641	
0.999628	-0.00816735	-0.0260075	0.0132723	0.979163	0.20264	0.0238105	-0.20291	0.978908	4.29347	-3.18475	75.954	
0.999847	-0.0108225	-0.0137767	0.013602	0.975149	0.22113	0.0110412	-0.221284	0.975147	4.30928	-3.37725	76.8408	
0.999905	-0.0137069	-0.00159616	0.0136901	0.970789	0.239544	-0.00173386	-0.239543	0.970884	4.31351	-3.58638	77.7239	
0.999803	-0.0168191	0.0105279	0.0135364	0.966084	0.257873	-0.014508	-0.25768	0.966121	4.30614	-3.81202	78.603	
0.999542	-0.0201575	0.0225892	0.0131411	0.961037	0.276107	-0.0272747	-0.275683	0.960861	4.28717	-4.05406	79.4774	
0.99912	-0.0237204	0.0345816	0.0125042	0.955651	0.294236	-0.0400273	-0.293545	0.955107	4.25663	-4.31238	80.3469	
0.99854	-0.0275059	0.0464989	0.0116263	0.949928	0.312252	-0.0527594	-0.311256	0.948861	4.21453	-4.58685	81.2109	
0.9978	-0.0315122	0.0583349	0.0105076	0.943872	0.330145	-0.0654643	-0.328806	0.942126	4.16087	-4.87731	82.0691	
0.996901	-0.0357371	0.0700836	0.00914879	0.937485	0.347907	-0.0781354	-0.346187	0.934906	4.09571	-5.18363	82.9209	
0.995844	-0.0401785	0.0817389	0.00755058	0.93077	0.365526	-0.0907664	-0.36339	0.927205	4.01906	-5.50564	83.7659	
0.994629	-0.044834	0.0932947	0.00571378	0.923732	0.382996	-0.103351	-0.380406	0.919027	3.93097	-5.84318	84.6038	
0.993256	-0.0497013	0.104745	0.00363933	0.916374	0.400307	-0.115882	-0.397226	0.910375	3.83148	-6.19607	85.434	
0.991728	-0.054778	0.116085	0.0013283	0.908699	0.417449	-0.128353	-0.413841	0.901255	3.72064	-6.56414	86.2561	
0.990043	-0.0600612	0.127307	-0.00121812	0.900712	0.434414	-0.140758	-0.430244	0.891671	3.59852	-6.94719	87.0697	
0.988204	-0.0655485	0.138406	-0.00399863	0.892417	0.451194	-0.153091	-0.446425	0.881628	3.46517	-7.34503	87.8745	
0.986211	-0.0712368	0.149377	-0.00701178	0.883818	0.467779	-0.165345	-0.462376	0.871131	3.32066	-7.75745	88.6699	
