1	0	0	0	1	0	0	0	1	0	0	0	
1	-1.26746e-07	0.000360391	-1.26746e-07	1	0.00070338	-0.000360391	-0.00070338	1	-0.000157171	-0.000306752	0.872222	
1	-5.08614e-07	0.000721908	-5.08703e-07	0.999999	0.00140921	-0.000721908	-0.00140921	0.999999	-0.000629173	-0.00122807	1.74444	
0.999999	-1.14805e-06	0.00108454	-1.14841e-06	0.999998	0.00211745	-0.00108454	-0.00211745	0.999997	-0.00141698	-0.00276609	2.61666	
0.999999	-2.04746e-06	0.00144826	-2.04836e-06	0.999996	0.00282809	-0.00144826	-0.00282809	0.999995	-0.00252156	-0.00492289	3.48888	
0.999998	-3.20922e-06	0.00181307	-3.21103e-06	0.999994	0.00354109	-0.00181307	-0.00354109	0.999992	-0.00394386	-0.00770056	4.3611	
0.999998	-4.6357e-06	0.00217894	-4.63887e-06	0.999991	0.00425643	-0.00217894	-0.00425643	0.999989	-0.00568482	-0.0111011	5.23331	
0.999997	-6.32919e-06	0.00254587	-6.33428e-06	0.999988	0.00497408	-0.00254587	-0.00497408	0.999984	-0.00774537	-0.0151267	6.10552	
0.999996	-8.29199e-06	0.00291384	-8.29965e-06	0.999984	0.00569402	-0.00291384	-0.00569402	0.99998	-0.0101264	-0.0197792	6.97773	
0.999995	-1.05263e-05	0.00328283	-1.05373e-05	0.999979	0.00641622	-0.00328283	-0.00641622	0.999974	-0.0128288	-0.0250606	7.84993	
0.999993	-1.30345e-05	0.00365284	-1.30496e-05	0.999975	0.00714066	-0.00365284	-0.00714066	0.999968	-0.0158536	-0.0309729	8.72213	
0.999992	-1.58185e-05	0.00402383	-1.58388e-05	0.999969	0.0078673	-0.00402383	-0.0078673	0.999961	-0.0192014	-0.037518	9.59432	
0.99999	-1.88807e-05	0.00439582	-1.89071e-05	0.999963	0.00859611	-0.00439582	-0.00859611	0.999953	-0.0228734	-0.0446979	10.4665	
0.999989	-2.22231e-05	0.00476876	-2.22568e-05	0.999957	0.00932708	-0.00476876	-0.00932708	0.999945	-0.0268701	-0.0525144	11.3387	
0.999987	-2.58477e-05	0.00514266	-2.589e-05	0.999949	0.0100602	-0.00514266	-0.0100602	0.999936	-0.0311926	-0.0609694	12.2109	
0.999985	-2.97567e-05	0.0055175	-2.98089e-05	0.999942	0.0107954	-0.0055175	-0.0107954	0.999927	-0.0358416	-0.0700647	13.083	
0.999983	-3.3952e-05	0.00589326	-3.40156e-05	0.999933	0.0115326	-0.00589326	-0.0115326	0.999916	-0.040818	-0.0798022	13.9552	
0.99998	-3.84356e-05	0.00626993	-3.85121e-05	0.999925	0.0122719	-0.00626993	-0.0122719	0.999905	-0.0461225	-0.0901836	14.8273	
0.999978	-4.32095e-05	0.00664749	-4.33006e-05	0.999915	0.0130133	-0.00664749	-0.0130133	0.999893	-0.0517559	-0.101211	15.6994	
0.999975	-4.82754e-05	0.00702593	-4.83829e-05	0.999905	0.0137566	-0.00702593	-0.0137566	0.999881	-0.057719	-0.112885	16.5716	
0.999973	-5.36353e-05	0.00740523	-5.37611e-05	0.999895	0.0145018	-0.00740523	-0.0145018	0.999867	-0.0640126	-0.125209	17.4437	
0.99997	-5.92911e-05	0.00778538	-5.94371e-05	0.999884	0.015249	-0.00778538	-0.015249	0.999853	-0.0706374	-0.138184	18.3158	
0.999967	-6.52444e-05	0.00816637	-6.54128e-05	0.999872	0.0159981	-0.00816637	-0.0159981	0.999839	-0.0775942	-0.151811	19.1879	
0.999963	-7.1497e-05	0.00854818	-7.169e-05	0.99986	0.0167491	-0.00854818	-0.0167491	0.999823	-0.0848836	-0.166093	20.0599	
0.99996	-7.80506e-05	0.00893079	-7.82706e-05	0.999847	0.0175019	-0.00893079	-0.0175019	0.999807	-0.0925063	-0.18103	20.932	
0.999957	-8.4907e-05	0.00931419	-8.51563e-05	0.999833	0.0182566	-0.00931419	-0.0182566	0.99979	-0.100463	-0.196625	21.8041	
0.999953	-9.20676e-05	0.00969837	-9.23488e-05	0.999819	0.019013	-0.00969837	-0.019013	0.999772	-0.108755	-0.212878	22.6761	
0.999949	-9.95341e-05	0.0100833	-9.98499e-05	0.999805	0.0197712	-0.0100833	-0.0197712	0.999754	-0.117382	-0.229792	23.5481	
0.999945	-0.000107308	0.010469	-0.000107661	0.999789	0.0205312	-0.010469	-0.0205312	0.999734	-0.126345	-0.247369	24.4201	
0.999941	-0.000115391	0.0108554	-0.000115784	0.999773	0.0212928	-0.0108554	-0.0212928	0.999714	-0.135645	-0.265609	25.2921	
0.999937	-0.000123784	0.0112425	-0.000124221	0.999757	0.0220562	-0.0112425	-0.0220562	0.999694	-0.145282	-0.284514	26.164	
0.999932	-0.000132489	0.0116304	-0.000132972	0.99974	0.0228211	-0.0116303	-0.0228212	0.999672	-0.155257	-0.304085	27.036	
0.999928	-0.000141508	0.0120189	-0.00014204	0.999722	0.0235878	-0.0120189	-0.0235878	0.99965	-0.165571	-0.324325	27.9079	
0.999923	-0.00015084	0.0124081	-0.000151426	0.999703	0.024356	-0.012408	-0.024356	0.999626	-0.176223	-0.345233	28.7798	
0.999918	-0.000160489	0.0127979	-0.000161131	0.999684	0.0251257	-0.0127979	-0.0251257	0.999602	-0.187216	-0.366813	29.6517	
0.999913	-0.000170455	0.0131884	-0.000171157	0.999665	0.025897	-0.0131884	-0.025897	0.999578	-0.198549	-0.389065	30.5236	
0.999908	-0.000180739	0.0135795	-0.000181505	0.999644	0.0266698	-0.0135795	-0.0266698	0.999552	-0.210223	-0.41199	31.3954	
0.999902	-0.000191342	0.0139712	-0.000192176	0.999623	0.0274441	-0.0139712	-0.0274441	0.999526	-0.222238	-0.435589	32.2672	
0.999897	-0.000202266	0.0143635	-0.000203171	0.999602	0.0282199	-0.0143635	-0.0282199	0.999499	-0.234595	-0.459865	33.139	
0.999891	-0.000213512	0.0147564	-0.000214493	0.999579	0.028997	-0.0147564	-0.0289971	0.999471	-0.247294	-0.484818	34.0108	
0.999885	-0.000225081	0.0151498	-0.000226141	0.999557	0.0297756	-0.0151498	-0.0297756	0.999442	-0.260337	-0.510449	34.8826	
0.999879	-0.000236973	0.0155438	-0.000238117	0.999533	0.0305555	-0.0155438	-0.0305555	0.999412	-0.273723	-0.53676	35.7543	
0.999873	-0.00024919	0.0159384	-0.000250422	0.999509	0.0313368	-0.0159384	-0.0313368	0.999382	-0.287452	-0.563752	36.626	
0.999867	-0.000261732	0.0163334	-0.000263058	0.999484	0.0321194	-0.0163334	-0.0321194	0.999351	-0.301526	-0.591426	37.4976	
0.99986	-0.000274601	0.016729	-0.000276024	0.999459	0.0329032	-0.016729	-0.0329032	0.999319	-0.315945	-0.619783	38.3693	
0.999853	-0.000287797	0.0171251	-0.000289323	0.999432	0.0336883	-0.017125	-0.0336883	0.999286	-0.330709	-0.648825	39.2409	
0.999846	-0.000301321	0.0175216	-0.000302954	0.999406	0.0344746	-0.0175216	-0.0344746	0.999252	-0.345819	-0.678551	40.1125	
0.999839	-0.000315174	0.0179186	-0.00031692	0.999378	0.0352621	-0.0179185	-0.0352621	0.999217	-0.361275	-0.708964	40.984	
0.999832	-0.000329356	0.018316	-0.00033122	0.99935	0.0360508	-0.018316	-0.0360508	0.999182	-0.377077	-0.740065	41.8556	
0.999825	-0.000343869	0.0187139	-0.000345855	0.999321	0.0368406	-0.0187138	-0.0368406	0.999146	-0.393226	-0.771853	42.7271	
0.999817	-0.000358712	0.0191121	-0.000360826	0.999292	0.0376315	-0.0191121	-0.0376315	0.999109	-0.409723	-0.804332	43.5985	
0.99981	-0.000373886	0.0195108	-0.000376134	0.999261	0.0384234	-0.0195108	-0.0384235	0.999071	-0.426567	-0.8375	44.4699	
0.999802	-0.000389392	0.0199099	-0.000391779	0.999231	0.0392165	-0.0199098	-0.0392165	0.999032	-0.443758	-0.87136	45.3413	
0.999794	-0.00040523	0.0203093	-0.000407763	0.999199	0.0400105	-0.0203092	-0.0400105	0.998993	-0.461298	-0.905911	46.2127	
0.999785	-0.000421401	0.0207091	-0.000424084	0.999167	0.0408055	-0.020709	-0.0408055	0.998952	-0.479187	-0.941156	47.084	
0.999777	-0.000437905	0.0211092	-0.000440745	0.999134	0.0416015	-0.0211091	-0.0416015	0.998911	-0.497424	-0.977095	47.9553	
0.999769	-0.000454742	0.0215096	-0.000457745	0.999101	0.0423984	-0.0215095	-0.0423984	0.998869	-0.516011	-1.01373	48.8266	
0.99976	-0.000471912	0.0219104	-0.000475085	0.999066	0.0431961	-0.0219103	-0.0431962	0.998826	-0.534947	-1.05106	49.6978	
0.999751	-0.000489416	0.0223114	-0.000492765	0.999032	0.0439948	-0.0223113	-0.0439948	0.998783	-0.554232	-1.08908	50.569	
0.99981	-0.000364915	0.0195099	-0.000509202	0.998997	0.04478	-0.0195067	-0.0447814	0.998806	-0.572469	-1.1278	51.4401	
0.99986	-0.00023822	0.0167088	-0.000523481	0.998961	0.0455677	-0.0167023	-0.0455701	0.998822	-0.588261	-1.1672	52.3113	
0.999903	-0.000109325	0.0139079	-0.000535587	0.998925	0.046358	-0.013898	-0.046361	0.998828	-0.601606	-1.20729	53.1825	
0.999938	2.17746e-05	0.0111074	-0.000545504	0.998888	0.0471507	-0.011094	-0.0471539	0.998826	-0.612505	-1.24808	54.0537	
0.999965	0.000155082	0.00830722	-0.000553219	0.99885	0.0479458	-0.00829023	-0.0479488	0.998815	-0.620959	-1.28955	54.9249	
0.999985	0.000290603	0.0055075	-0.000558719	0.998811	0.0487433	-0.00548678	-0.0487456	0.998796	-0.626967	-1.33172	55.7961	
0.999996	0.00042834	0.00270823	-0.00056199	0.998772	0.0495429	-0.00268368	-0.0495443	0.998768	-0.63053	-1.37459	56.6673	
1	0.000568299	-9.05476e-05	-0.000563019	0.998732	0.0503448	0.000119044	-0.0503447	0.998732	-0.631649	-1.41815	57.5384	
0.999996	0.000710482	-0.0028888	-0.000561796	0.998691	0.0511488	0.00292135	-0.0511469	0.998687	-0.630323	-1.46241	58.4095	
0.999983	0.000854893	-0.00568648	-0.000558307	0.998649	0.0519548	0.00572321	-0.0519508	0.998633	-0.626553	-1.50737	59.2805	
0.999964	0.00100153	-0.00848356	-0.000552542	0.998607	0.0527629	0.00852459	-0.0527563	0.998571	-0.620339	-1.55304	60.1516	
0.999936	0.00115041	-0.01128	-0.000544492	0.998564	0.0535729	0.0113254	-0.0535633	0.9985	-0.611682	-1.5994	61.0225	
0.9999	0.00130153	-0.0140758	-0.000534144	0.99852	0.0543847	0.0141257	-0.0543718	0.998421	-0.600583	-1.64648	61.8934	
0.999857	0.00145488	-0.0168709	-0.000521491	0.998475	0.0551984	0.0169254	-0.0551817	0.998333	-0.587041	-1.69425	62.7642	
0.999805	0.00161047	-0.0196652	-0.000506524	0.99843	0.0560138	0.0197245	-0.0559929	0.998236	-0.571057	-1.74274	63.6349	
0.999746	0.00176832	-0.0224587	-0.000489233	0.998384	0.0568308	0.0225229	-0.0568054	0.998131	-0.552633	-1.79193	64.5055	
0.999679	0.0019284	-0.0252515	-0.000469612	0.998337	0.0576495	0.0253206	-0.0576191	0.998017	-0.531768	-1.84183	65.3761	
0.999605	0.00209074	-0.0280434	-0.000447652	0.998289	0.0584696	0.0281176	-0.058434	0.997895	-0.508463	-1.89244	66.2465	
0.999522	0.00225532	-0.0308344	-0.000423348	0.998241	0.0592913	0.0309138	-0.0592499	0.997764	-0.482718	-1.94377	67.1169	
0.999432	0.00242216	-0.0336244	-0.000396693	0.998191	0.0601144	0.0337092	-0.0600668	0.997625	-0.454536	-1.9958	67.9871	
0.999333	0.00259125	-0.0364136	-0.00036768	0.998141	0.0609387	0.0365038	-0.0608847	0.997477	-0.423915	-2.04855	68.8572	
0.999227	0.00276259	-0.0392017	-0.000336306	0.998091	0.0617644	0.0392975	-0.0617035	0.997321	-0.390857	-2.10201	69.7271	
0.999114	0.00293619	-0.0419888	-0.000302565	0.998039	0.0625912	0.0420903	-0.0625231	0.997156	-0.355363	-2.15619	70.5969	
0.998992	0.00311204	-0.0447749	-0.000266453	0.997987	0.0634192	0.0448821	-0.0633434	0.996982	-0.317433	-2.21108	71.4666	
0.997776	0.00449275	-0.0665022	-0.000264778	0.997985	0.0634491	0.0666533	-0.0632904	0.995767	-0.268789	-2.26631	72.3357	
0.996086	0.00587198	-0.0881979	-0.00026245	0.997983	0.063479	0.0883928	-0.0632074	0.994078	-0.201169	-2.32148	73.2035	
0.993922	0.00724908	-0.109852	-0.000259469	0.997981	0.0635089	0.11009	-0.0630943	0.991917	-0.114605	-2.37656	74.0697	
0.991285	0.00862338	-0.131453	-0.000255837	0.997979	0.0635386	0.131735	-0.0629512	0.989284	-0.0091384	-2.43154	74.9337	
0.988177	0.00999423	-0.152992	-0.000251556	0.997977	0.0635683	0.153318	-0.0627782	0.986181	0.115181	-2.48637	75.7953	
0.984599	0.011361	-0.174458	-0.000246628	0.997976	0.0635979	0.174827	-0.0625754	0.982609	0.258295	-2.54104	76.6539	
0.980553	0.012723	-0.195841	-0.000241055	0.997974	0.0636273	0.196254	-0.0623427	0.978569	0.420134	-2.59552	77.5093	
0.976041	0.0140796	-0.217131	-0.000234839	0.997972	0.0636566	0.217587	-0.0620805	0.974065	0.600622	-2.64979	78.3609	
0.971065	0.0154302	-0.238318	-0.000227985	0.99797	0.0636858	0.238817	-0.0617887	0.969097	0.799672	-2.70381	79.2083	
0.965627	0.0167741	-0.259391	-0.000220494	0.997968	0.0637148	0.259933	-0.0614676	0.963668	1.01719	-2.75756	80.0513	
0.95973	0.0181106	-0.280341	-0.000212372	0.997966	0.0637437	0.280925	-0.0611172	0.957782	1.25307	-2.81103	80.8893	
0.953376	0.0194392	-0.301158	-0.00020362	0.997964	0.0637724	0.301784	-0.0607377	0.95144	1.50721	-2.86417	81.7219	
0.94657	0.0207593	-0.321831	-0.000194244	0.997963	0.0638008	0.3225	-0.0603294	0.944645	1.77948	-2.91697	82.5489	
0.939313	0.0220701	-0.342351	-0.000184249	0.997961	0.0638291	0.343062	-0.0598924	0.937401	2.06975	-2.9694	83.3697	
0.931609	0.023371	-0.362709	-0.000173638	0.997959	0.0638572	0.363461	-0.0594269	0.929712	2.37788	-3.02144	84.184	
0.923463	0.0246615	-0.382894	-0.000162417	0.997957	0.063885	0.383687	-0.0589332	0.921581	2.70374	-3.07306	84.9914	
0.914878	0.025941	-0.402897	-0.000150591	0.997955	0.0639125	0.403731	-0.0584115	0.913011	3.04715	-3.12424	85.7915	
