1	0	0	0	1	0	0	0	1	0	0	0	
0.99999	-7.42195e-06	-0.00451763	-7.42195e-06	0.999995	-0.00328574	0.00451763	0.00328574	0.999984	0.00238545	0.00173498	1.05606	
0.999959	-2.96946e-05	-0.00903695	-2.96849e-05	0.999978	-0.00657055	0.00903695	0.00657055	0.999938	0.0095427	0.00693941	2.11208	
0.999908	-6.68252e-05	-0.0135578	-6.67864e-05	0.999951	-0.0098543	0.0135578	0.0098543	0.99986	0.0214734	0.0156123	3.16803	
0.999837	-0.00011882	-0.0180799	-0.000118723	0.999914	-0.0131369	0.0180799	0.0131369	0.99975	0.0381791	0.0277523	4.22389	
0.999744	-0.000185684	-0.0226032	-0.00018549	0.999865	-0.0164181	0.0226032	0.0164181	0.99961	0.0596611	0.0433583	5.27962	
0.999632	-0.000267422	-0.0271274	-0.000267082	0.999806	-0.0196979	0.0271274	0.0196979	0.999438	0.0859204	0.0624287	6.33518	
0.999499	-0.000364038	-0.0316525	-0.000363493	0.999736	-0.0229761	0.0316525	0.0229761	0.999235	0.116958	0.0849619	7.39054	
0.999345	-0.000475533	-0.0361782	-0.000474716	0.999655	-0.0262527	0.0361782	0.0262527	0.999	0.152775	0.110956	8.44567	
0.999171	-0.00060191	-0.0407043	-0.000600743	0.999564	-0.0295274	0.0407043	0.0295274	0.998735	0.193371	0.14041	9.50054	
0.998976	-0.000743169	-0.0452307	-0.000741564	0.999462	-0.0328002	0.0452307	0.0328001	0.998438	0.238748	0.173321	10.5551	
0.998761	-0.00089931	-0.0497572	-0.000897171	0.999349	-0.0360708	0.0497572	0.0360708	0.99811	0.288904	0.209687	11.6093	
0.998525	-0.00107033	-0.0542836	-0.00106755	0.999225	-0.0393393	0.0542837	0.0393392	0.99775	0.343841	0.249506	12.6632	
0.998268	-0.00125623	-0.0588097	-0.00125269	0.999091	-0.0426055	0.0588098	0.0426054	0.99736	0.403558	0.292775	13.7167	
0.997991	-0.00145701	-0.0633355	-0.00145259	0.998946	-0.0458692	0.0633356	0.045869	0.996938	0.468055	0.339492	14.7698	
0.997693	-0.00167266	-0.0678606	-0.00166721	0.998791	-0.0491303	0.0678607	0.0491301	0.996484	0.537331	0.389655	15.8223	
0.997375	-0.00190318	-0.0723849	-0.00189657	0.998625	-0.0523887	0.072385	0.0523884	0.996	0.611385	0.44326	16.8744	
0.997036	-0.00214856	-0.0769082	-0.00214062	0.998448	-0.0556442	0.0769084	0.0556439	0.995484	0.690216	0.500304	17.926	
0.996676	-0.00240879	-0.0814304	-0.00239937	0.998261	-0.0588969	0.0814307	0.0588965	0.994937	0.773824	0.560785	18.977	
0.996296	-0.00268387	-0.0859513	-0.00267279	0.998063	-0.0621464	0.0859517	0.0621459	0.994359	0.862208	0.6247	20.0274	
0.995895	-0.00297379	-0.0904707	-0.00296087	0.997855	-0.0653927	0.0904711	0.0653921	0.99375	0.955364	0.692044	21.0772	
0.995473	-0.00327854	-0.0949884	-0.00326358	0.997636	-0.0686357	0.094989	0.068635	0.993109	1.05329	0.762814	22.1263	
0.995031	-0.00359812	-0.0995043	-0.00358091	0.997407	-0.0718752	0.0995049	0.0718744	0.992438	1.15599	0.837008	23.1748	
0.994568	-0.0039325	-0.104018	-0.00391283	0.997167	-0.0751112	0.104019	0.0751102	0.991735	1.26346	0.91462	24.2225	
0.994084	-0.00428167	-0.10853	-0.00425933	0.996917	-0.0783435	0.108531	0.0783423	0.991001	1.37569	0.995648	25.2694	
0.99358	-0.00464563	-0.113039	-0.00462038	0.996657	-0.0815719	0.11304	0.0815705	0.990236	1.49269	1.08009	26.3156	
0.993055	-0.00502437	-0.117546	-0.00499596	0.996386	-0.0847964	0.117547	0.0847947	0.989441	1.61445	1.16793	27.3609	
0.992509	-0.00541785	-0.12205	-0.00538604	0.996104	-0.0880168	0.122051	0.0880149	0.988614	1.74096	1.25918	28.4054	
0.991943	-0.00582608	-0.126551	-0.00579061	0.995813	-0.0912331	0.126553	0.0912308	0.987756	1.87223	1.35383	29.449	
0.991356	-0.00624903	-0.131049	-0.00620963	0.995511	-0.094445	0.131051	0.0944424	0.986867	2.00826	1.45187	30.4916	
0.990749	-0.00668669	-0.135544	-0.00664307	0.995198	-0.0976525	0.135546	0.0976495	0.985947	2.14903	1.5533	31.5333	
0.990121	-0.00713903	-0.140035	-0.00709092	0.994876	-0.100855	0.140038	0.100852	0.984997	2.29454	1.65812	32.5741	
0.989472	-0.00760604	-0.144523	-0.00755313	0.994543	-0.104054	0.144526	0.10405	0.984015	2.4448	1.76631	33.6138	
0.988803	-0.0080877	-0.149007	-0.00802969	0.9942	-0.107247	0.14901	0.107243	0.983003	2.5998	1.87788	34.6524	
0.988113	-0.00858399	-0.153487	-0.00852056	0.993847	-0.110436	0.153491	0.110431	0.98196	2.75953	1.99282	35.69	
0.987403	-0.00909488	-0.157963	-0.0090257	0.993483	-0.113619	0.157967	0.113614	0.980887	2.92399	2.11112	36.7264	
0.986672	-0.00962036	-0.162435	-0.0095451	0.99311	-0.116798	0.162439	0.116791	0.979782	3.09317	2.23278	37.7617	
0.985921	-0.0101604	-0.166902	-0.0100787	0.992726	-0.119971	0.166907	0.119964	0.978647	3.26708	2.3578	38.7958	
0.985149	-0.010715	-0.171364	-0.0106265	0.992333	-0.123138	0.17137	0.123131	0.977482	3.4457	2.48616	39.8287	
0.984357	-0.011284	-0.175822	-0.0111884	0.991929	-0.1263	0.175828	0.126292	0.976286	3.62903	2.61786	40.8604	
0.983545	-0.0118676	-0.180275	-0.0117645	0.991515	-0.129457	0.180281	0.129448	0.97506	3.81707	2.7529	41.8908	
0.982712	-0.0124656	-0.184722	-0.0123546	0.991092	-0.132608	0.18473	0.132597	0.973803	4.0098	2.89127	42.9198	
0.981858	-0.0130781	-0.189164	-0.0129588	0.990658	-0.135753	0.189172	0.135741	0.972516	4.20724	3.03296	43.9475	
0.980985	-0.0137049	-0.193601	-0.013577	0.990214	-0.138892	0.19361	0.138879	0.971199	4.40936	3.17797	44.9739	
0.980091	-0.0143461	-0.198032	-0.0142091	0.989761	-0.142025	0.198042	0.142011	0.969852	4.61616	3.32629	45.9988	
0.979176	-0.0150016	-0.202457	-0.0148552	0.989298	-0.145151	0.202468	0.145136	0.968474	4.82764	3.47791	47.0223	
0.978242	-0.0156715	-0.206876	-0.0155151	0.988825	-0.148272	0.206888	0.148255	0.967067	5.0438	3.63283	48.0443	
0.977287	-0.0163556	-0.211289	-0.0161889	0.988342	-0.151386	0.211302	0.151368	0.965629	5.26461	3.79104	49.0649	
0.976312	-0.017054	-0.215695	-0.0168764	0.98785	-0.154493	0.215709	0.154473	0.964161	5.49009	3.95253	50.0839	
0.975317	-0.0177665	-0.220095	-0.0175778	0.987348	-0.157594	0.220111	0.157573	0.962664	5.72022	4.1173	51.1013	
0.974301	-0.0184933	-0.224489	-0.0182928	0.986836	-0.160688	0.224505	0.160665	0.961137	5.95499	4.28534	52.1171	
0.973266	-0.0192341	-0.228875	-0.0190215	0.986314	-0.163775	0.228893	0.16375	0.95958	6.1944	4.45664	53.1313	
0.97221	-0.0199891	-0.233254	-0.0197639	0.985783	-0.166855	0.233273	0.166828	0.957994	6.43843	4.6312	54.1438	
0.971135	-0.0207581	-0.237626	-0.0205198	0.985243	-0.169928	0.237647	0.169899	0.956378	6.6871	4.809	55.1547	
0.970039	-0.0215412	-0.241991	-0.0212892	0.984693	-0.172993	0.242013	0.172962	0.954732	6.94037	4.99004	56.1638	
0.968924	-0.0223382	-0.246348	-0.0220721	0.984133	-0.176052	0.246372	0.176018	0.953057	7.19825	5.17432	57.1712	
0.967789	-0.0231491	-0.250697	-0.0228685	0.983565	-0.179102	0.250723	0.179066	0.951353	7.46074	5.36181	58.1768	
0.966634	-0.023974	-0.255039	-0.0236782	0.982986	-0.182146	0.255067	0.182107	0.94962	7.72781	5.55252	59.1806	
0.965459	-0.0248127	-0.259372	-0.0245013	0.982399	-0.185181	0.259402	0.18514	0.947858	7.99946	5.74644	60.1825	
0.964264	-0.0256652	-0.263697	-0.0253376	0.981802	-0.188209	0.263729	0.188165	0.946066	8.27569	5.94356	61.1825	
0.96305	-0.0265315	-0.268014	-0.0261872	0.981196	-0.191229	0.268048	0.191182	0.944246	8.55649	6.14386	62.1807	
0.961816	-0.0274115	-0.272322	-0.0270499	0.980581	-0.194241	0.272359	0.194191	0.942396	8.84184	6.34735	63.1769	
0.960562	-0.0283052	-0.276622	-0.0279258	0.979956	-0.197245	0.27666	0.197191	0.940518	9.13174	6.55401	64.1711	
0.959289	-0.0292125	-0.280912	-0.0288148	0.979323	-0.200241	0.280953	0.200183	0.938612	9.42618	6.76384	65.1634	
0.957996	-0.0301334	-0.285194	-0.0297167	0.97868	-0.203228	0.285238	0.203167	0.936676	9.72515	6.97682	66.1536	
0.956684	-0.0310678	-0.289466	-0.0306316	0.978029	-0.206207	0.289513	0.206142	0.934713	10.0286	7.19295	67.1417	
0.954269	-0.0327709	-0.297147	-0.0311888	0.977636	-0.207979	0.297317	0.207736	0.931906	10.3385	7.41149	68.1274	
0.95179	-0.0344869	-0.304805	-0.0317602	0.97724	-0.209745	0.305101	0.209314	0.929032	10.6566	7.63171	69.11	
0.949248	-0.0362158	-0.312437	-0.0323458	0.976842	-0.211503	0.312862	0.210874	0.926094	10.9829	7.85358	70.0896	
0.941154	-0.041353	-0.33544	-0.0295146	0.978639	-0.203457	0.336688	0.201384	0.919829	11.3259	8.07128	71.0643	
0.932469	-0.046252	-0.358278	-0.0264766	0.980353	-0.195468	0.360279	0.191754	0.912923	11.6939	8.27888	72.0321	
0.923199	-0.0509093	-0.380936	-0.0232341	0.981982	-0.187542	0.38362	0.18199	0.905381	12.0868	8.47624	72.9923	
0.91335	-0.0553216	-0.403399	-0.0197893	0.983525	-0.179685	0.406693	0.172099	0.897208	12.5041	8.66322	73.9442	
0.902931	-0.059486	-0.425649	-0.0161446	0.984982	-0.171902	0.429483	0.162088	0.88841	12.9457	8.83969	74.8871	
0.891947	-0.0633994	-0.447673	-0.0123026	0.986351	-0.164198	0.451973	0.151964	0.878992	13.4111	9.00553	75.8204	
0.880406	-0.0670593	-0.469455	-0.00826579	0.987631	-0.156579	0.474148	0.141734	0.868962	13.9002	9.16062	76.7434	
0.868317	-0.0704629	-0.490979	-0.00403715	0.988821	-0.149051	0.495993	0.131405	0.858326	14.4125	9.30485	77.6555	
0.855688	-0.073608	-0.512231	0.000380415	0.989921	-0.141617	0.517492	0.120985	0.847092	14.9476	9.43813	78.5561	
0.842527	-0.0764923	-0.533195	0.00498383	0.99093	-0.134284	0.538631	0.110481	0.835267	15.5053	9.56036	79.4445	
0.828845	-0.0791139	-0.553857	0.00976988	0.991847	-0.127057	0.559394	0.0998991	0.82286	16.0852	9.67145	80.3201	
0.814649	-0.0814709	-0.574203	0.0147352	0.992672	-0.11994	0.579767	0.0892479	0.80988	16.6867	9.77133	81.1823	
0.799951	-0.0835617	-0.594218	0.0198764	0.993403	-0.112939	0.599736	0.0785345	0.796335	17.3096	9.85993	82.0305	
0.784761	-0.0853847	-0.613889	0.0251899	0.994041	-0.106058	0.619287	0.0677664	0.782235	17.9533	9.93719	82.864	
0.769088	-0.0869389	-0.633202	0.0306719	0.994584	-0.0993027	0.638406	0.0569511	0.76759	18.6174	10.003	83.6824	
0.752945	-0.088223	-0.652143	0.0363186	0.995034	-0.0926773	0.65708	0.046096	0.75241	19.3015	10.0575	84.4851	
0.736342	-0.0892361	-0.670699	0.0421262	0.995388	-0.0861866	0.675297	0.0352088	0.736705	20.0051	10.1004	85.2714	
0.719291	-0.0899776	-0.688857	0.0480905	0.995647	-0.079835	0.693042	0.0242971	0.720487	20.7276	10.1318	86.0409	
0.701804	-0.090447	-0.706605	0.0542074	0.995812	-0.073627	0.710305	0.0133685	0.703767	21.4687	10.1517	86.793	
0.683892	-0.0906439	-0.72393	0.0604726	0.99588	-0.0675669	0.727073	0.00243052	0.686556	22.2277	10.1601	87.5272	
0.665569	-0.0905681	-0.74082	0.0668818	0.995854	-0.0616589	0.743333	-0.00850914	0.668867	23.0042	10.1568	88.2429	
0.646847	-0.0902198	-0.757264	0.0734305	0.995732	-0.0559071	0.759076	-0.0194429	0.650712	23.7976	10.1421	88.9398	
0.62774	-0.0895992	-0.773249	0.0801141	0.995515	-0.0503156	0.77429	-0.030363	0.632103	24.6073	10.1158	89.6172	
0.60826	-0.0887066	-0.788766	0.086928	0.995203	-0.0448882	0.788964	-0.0412621	0.613053	25.4328	10.078	90.2747	
0.588421	-0.0875428	-0.803802	0.0938674	0.994796	-0.0396288	0.803088	-0.0521323	0.593576	26.2735	10.0286	90.9118	
0.568237	-0.0861086	-0.818347	0.100927	0.994294	-0.034541	0.816652	-0.0629662	0.573686	27.1288	9.96786	91.5282	
0.547722	-0.0844048	-0.832392	0.108103	0.993698	-0.0296283	0.829647	-0.0737563	0.553395	27.9981	9.89566	92.1234	
0.526891	-0.0824328	-0.845926	0.11539	0.993008	-0.0248941	0.842064	-0.0844949	0.532719	28.8809	9.8121	92.6969	
0.505757	-0.0801939	-0.85894	0.122782	0.992225	-0.0203418	0.853894	-0.0951746	0.511671	29.7765	9.71722	93.2484	
0.484336	-0.0776897	-0.871426	0.130275	0.991349	-0.0159746	0.865128	-0.105788	0.490267	30.6842	9.6111	93.7775	
0.462643	-0.0749219	-0.883373	0.137863	0.990381	-0.0117955	0.87576	-0.116328	0.468521	31.6035	9.49381	94.2838	
