1	0	0	0	1	0	0	0	1	0	0	0	
0.999999	3.60061e-06	-0.00169215	3.60061e-06	0.999991	0.00425565	0.00169215	-0.00425565	0.99999	0.000731983	-0.00184089	0.865148	
0.999994	1.43908e-05	-0.00338206	1.44049e-05	0.999964	0.00851405	0.00338206	-0.00851405	0.999958	0.00292697	-0.00736477	1.73028	
0.999987	3.23562e-05	-0.0050697	3.24128e-05	0.999918	0.0127751	0.0050697	-0.0127751	0.999906	0.006583	-0.016574	2.59537	
0.999977	5.74821e-05	-0.00675501	5.76238e-05	0.999855	0.0170386	0.00675501	-0.0170386	0.999832	0.0116981	-0.0294707	3.46041	
0.999964	8.97536e-05	-0.00843794	9.0037e-05	0.999773	0.0213046	0.00843794	-0.0213046	0.999737	0.0182702	-0.0460571	4.32538	
0.999949	0.000129155	-0.0101185	0.000129651	0.999673	0.0255729	0.0101184	-0.0255729	0.999622	0.0262973	-0.0663352	5.19025	
0.99993	0.000175671	-0.0117965	0.000176465	0.999555	0.0298433	0.0117965	-0.0298433	0.999485	0.0357771	-0.0903069	6.05502	
0.999909	0.000229285	-0.013472	0.000230477	0.999418	0.0341158	0.013472	-0.0341158	0.999327	0.0467077	-0.117974	6.91966	
0.999885	0.000289981	-0.015145	0.000291684	0.999263	0.0383902	0.0151449	-0.0383902	0.999148	0.0590867	-0.149338	7.78415	
0.999859	0.000357742	-0.0168153	0.000360083	0.999089	0.0426664	0.0168153	-0.0426664	0.998948	0.0729119	-0.184402	8.64848	
0.999829	0.00043255	-0.018483	0.000435673	0.998897	0.0469443	0.0184829	-0.0469444	0.998726	0.0881811	-0.223165	9.51263	
0.999797	0.000514388	-0.020148	0.000518449	0.998687	0.0512239	0.0201479	-0.0512239	0.998484	0.104892	-0.26563	10.3766	
0.999762	0.000603239	-0.0218102	0.000608409	0.998458	0.0555049	0.0218101	-0.0555049	0.99822	0.123042	-0.311799	11.2403	
0.999724	0.000699083	-0.0234696	0.000705547	0.998211	0.0597872	0.0234694	-0.0597873	0.997935	0.142629	-0.361672	12.1038	
0.999684	0.000801902	-0.0251262	0.00080986	0.997945	0.0640708	0.025126	-0.0640709	0.997629	0.16365	-0.41525	12.967	
0.999641	0.000911678	-0.0267799	0.000921343	0.997661	0.0683556	0.0267796	-0.0683557	0.997302	0.186103	-0.472534	13.83	
0.999595	0.00102839	-0.0284307	0.00103999	0.997358	0.0726413	0.0284303	-0.0726415	0.996953	0.209986	-0.533526	14.6927	
0.999547	0.00115202	-0.0300785	0.0011658	0.997036	0.0769279	0.030078	-0.0769281	0.996583	0.235295	-0.598227	15.555	
0.999496	0.00128255	-0.0317233	0.00129876	0.996696	0.0812153	0.0317226	-0.0812156	0.996192	0.262028	-0.666636	16.417	
0.999442	0.00141995	-0.033365	0.00143887	0.996337	0.0855034	0.0333642	-0.0855037	0.995779	0.290183	-0.738755	17.2787	
0.999386	0.00156421	-0.0350036	0.00158612	0.995959	0.0897919	0.0350026	-0.0897923	0.995345	0.319757	-0.814584	18.14	
0.999327	0.00171531	-0.036639	0.00174051	0.995563	0.094081	0.0366378	-0.0940814	0.99489	0.350747	-0.894123	19.001	
0.999266	0.00187322	-0.0382713	0.00190203	0.995148	0.0983703	0.0382699	-0.0983708	0.994414	0.383151	-0.977374	19.8615	
0.999202	0.00203792	-0.0399003	0.00207066	0.994714	0.10266	0.0398986	-0.10266	0.993916	0.416964	-1.06433	20.7216	
0.999135	0.00220939	-0.041526	0.00224641	0.994262	0.106949	0.041524	-0.10695	0.993397	0.452186	-1.15501	21.5813	
0.999066	0.00238761	-0.0431484	0.00242926	0.993791	0.111239	0.0431461	-0.11124	0.992857	0.488812	-1.24939	22.4405	
0.998994	0.00257256	-0.0447675	0.00261922	0.993301	0.115528	0.0447647	-0.115529	0.992295	0.52684	-1.34749	23.2992	
0.99892	0.00276421	-0.0463831	0.00281626	0.992792	0.119817	0.0463799	-0.119819	0.991712	0.566267	-1.44929	24.1574	
0.998843	0.00296254	-0.0479953	0.00302037	0.992264	0.124106	0.0479917	-0.124107	0.991108	0.60709	-1.55481	25.0152	
0.998764	0.00316752	-0.0496039	0.00323156	0.991718	0.128394	0.0495998	-0.128396	0.990482	0.649306	-1.66404	25.8723	
0.998682	0.00337914	-0.0512091	0.00344981	0.991153	0.132682	0.0512044	-0.132684	0.989835	0.692912	-1.77697	26.729	
0.998598	0.00359737	-0.0528107	0.00367511	0.990569	0.136969	0.0528053	-0.136971	0.989167	0.737904	-1.89362	27.585	
0.998511	0.00382218	-0.0544086	0.00390745	0.989966	0.141254	0.0544026	-0.141257	0.988477	0.784279	-2.01397	28.4405	
0.998422	0.00405355	-0.0560029	0.00414682	0.989344	0.145539	0.0559961	-0.145542	0.987766	0.832035	-2.13804	29.2954	
0.998331	0.00429145	-0.0575935	0.00439321	0.988703	0.149823	0.0575858	-0.149826	0.987034	0.881168	-2.26581	30.1497	
0.998237	0.00453587	-0.0591804	0.00464661	0.988043	0.154106	0.0591718	-0.154109	0.98628	0.931675	-2.39728	31.0033	
0.998141	0.00478676	-0.0607635	0.004907	0.987365	0.158387	0.0607539	-0.158391	0.985506	0.983552	-2.53246	31.8562	
0.998042	0.00504412	-0.0623427	0.00517438	0.986667	0.162667	0.0623321	-0.162671	0.984709	1.0368	-2.67134	32.7085	
0.997941	0.00530791	-0.0639182	0.00544873	0.985951	0.166945	0.0639063	-0.16695	0.983892	1.0914	-2.81393	33.5601	
0.997838	0.0055781	-0.0654897	0.00573004	0.985216	0.171222	0.0654766	-0.171227	0.983053	1.14737	-2.96022	34.4109	
0.997732	0.00585467	-0.0670573	0.0060183	0.984462	0.175497	0.0670428	-0.175502	0.982194	1.2047	-3.11021	35.261	
0.997624	0.00613759	-0.0686209	0.00631349	0.983688	0.17977	0.068605	-0.179776	0.981312	1.26337	-3.26389	36.1104	
0.997514	0.00642684	-0.0701805	0.00661561	0.982896	0.184041	0.070163	-0.184047	0.98041	1.3234	-3.42127	36.959	
0.997401	0.00672239	-0.0717361	0.00692463	0.982085	0.188309	0.0717169	-0.188317	0.979486	1.38478	-3.58235	37.8068	
0.997286	0.00702421	-0.0732876	0.00724054	0.981255	0.192576	0.0732665	-0.192584	0.978541	1.44749	-3.74712	38.6538	
0.997169	0.00733226	-0.074835	0.00756334	0.980406	0.19684	0.074812	-0.196849	0.977575	1.51155	-3.91558	39.5	
0.99705	0.00764653	-0.0763782	0.007893	0.979539	0.201102	0.0763531	-0.201111	0.976588	1.57694	-4.08772	40.3453	
0.996928	0.00796699	-0.0779172	0.0082295	0.978652	0.205361	0.0778899	-0.205371	0.97558	1.64366	-4.26356	41.1898	
0.996804	0.0082936	-0.079452	0.00857285	0.977746	0.209617	0.0794223	-0.209628	0.97455	1.71171	-4.44308	42.0333	
0.996678	0.00862634	-0.0809825	0.00892301	0.976821	0.21387	0.0809504	-0.213883	0.973499	1.78108	-4.62628	42.876	
0.99655	0.00896518	-0.0825087	0.00927998	0.975878	0.218121	0.0824739	-0.218134	0.972428	1.85178	-4.81316	43.7178	
0.99642	0.00931009	-0.0840306	0.00964374	0.974915	0.222368	0.083993	-0.222383	0.971335	1.92379	-5.00372	44.5586	
0.996287	0.00966103	-0.0855481	0.0100143	0.973933	0.226613	0.0855075	-0.226628	0.970221	1.99711	-5.19795	45.3985	
0.996153	0.010018	-0.0870613	0.0103915	0.972933	0.230854	0.0870175	-0.23087	0.969086	2.07174	-5.39585	46.2374	
0.996016	0.0103809	-0.0885699	0.0107756	0.971914	0.235091	0.0885228	-0.235109	0.96793	2.14767	-5.59742	47.0753	
0.995877	0.0107498	-0.0900741	0.0111663	0.970875	0.239325	0.0900234	-0.239344	0.966752	2.22491	-5.80266	47.9122	
0.995736	0.0111246	-0.0915738	0.0115638	0.969818	0.243555	0.0915194	-0.243576	0.965554	2.30344	-6.01156	48.748	
0.995593	0.0115053	-0.093069	0.0119679	0.968742	0.247782	0.0930106	-0.247804	0.964335	2.38326	-6.22412	49.5829	
0.995737	0.0111159	-0.0915695	0.0124365	0.96747	0.25268	0.0913995	-0.252741	0.963207	2.46303	-6.44064	50.4167	
0.995878	0.0107187	-0.0900713	0.0128978	0.96617	0.257582	0.0897852	-0.257682	0.962049	2.54141	-6.66144	51.2495	
0.996016	0.0103137	-0.0885745	0.0133519	0.964843	0.262489	0.0881677	-0.262626	0.960861	2.61839	-6.88651	52.0813	
0.996152	0.00990091	-0.0870793	0.0137986	0.963487	0.267398	0.0865472	-0.267571	0.959643	2.69397	-7.11586	52.9121	
0.996286	0.00948029	-0.0855855	0.0142377	0.962104	0.272311	0.0849237	-0.272518	0.958395	2.76814	-7.34949	53.7418	
0.996417	0.00905186	-0.0840933	0.0146693	0.960693	0.277225	0.0832973	-0.277466	0.957118	2.84091	-7.5874	54.5704	
0.996545	0.00861562	-0.0826029	0.0150933	0.959254	0.282141	0.0816679	-0.282413	0.95581	2.91227	-7.8296	55.3979	
0.996671	0.00817157	-0.0811141	0.0155095	0.957788	0.287058	0.0800358	-0.287361	0.954473	2.98222	-8.07607	56.2242	
0.996795	0.0077197	-0.0796271	0.0159179	0.956293	0.291975	0.0784008	-0.292307	0.953105	3.05075	-8.32682	57.0494	
0.996916	0.00726002	-0.0781419	0.0163184	0.954772	0.296892	0.0767631	-0.297252	0.951708	3.11787	-8.58185	57.8734	
0.997034	0.00679253	-0.0766586	0.0167109	0.953222	0.301808	0.0751227	-0.302194	0.950282	3.18358	-8.84115	58.6961	
0.99715	0.00631722	-0.0751772	0.0170955	0.951646	0.306722	0.0734796	-0.307133	0.948826	3.24786	-9.10473	59.5176	
0.997264	0.00583411	-0.0736977	0.0174719	0.950041	0.311634	0.071834	-0.312069	0.94734	3.31072	-9.37259	60.3379	
0.997374	0.00534319	-0.0722203	0.0178402	0.94841	0.316543	0.0701858	-0.317001	0.945825	3.37215	-9.64471	61.1568	
0.997483	0.00484446	-0.070745	0.0182002	0.946752	0.321449	0.0685352	-0.321928	0.94428	3.43216	-9.92109	61.9744	
0.997588	0.00433793	-0.0692717	0.018552	0.945066	0.326351	0.0668821	-0.326849	0.942707	3.49074	-10.2017	62.7907	
0.997692	0.0038236	-0.0678006	0.0188955	0.943354	0.331249	0.0652265	-0.331765	0.941104	3.54789	-10.4866	63.6056	
0.997792	0.00330147	-0.0663316	0.0192305	0.941615	0.336141	0.0635686	-0.336674	0.939473	3.6036	-10.7758	64.4191	
0.99789	0.00277154	-0.0648649	0.0195571	0.93985	0.341027	0.0619084	-0.341576	0.937813	3.65788	-11.0692	65.2311	
0.997986	0.00223383	-0.0634004	0.0198753	0.938058	0.345908	0.060246	-0.346471	0.936124	3.71072	-11.3668	66.0418	
0.998079	0.00168834	-0.0619382	0.0201848	0.93624	0.350781	0.0585813	-0.351357	0.934407	3.76212	-11.6687	66.8509	
0.998169	0.00113506	-0.0604783	0.0204858	0.934396	0.355647	0.0569144	-0.356234	0.932662	3.81208	-11.9748	67.6586	
0.998257	0.000574012	-0.0590208	0.0207782	0.932526	0.360504	0.0552454	-0.361102	0.930888	3.8606	-12.2851	68.4647	
0.998342	5.19649e-06	-0.0575656	0.0210619	0.930631	0.365354	0.0535742	-0.36596	0.929087	3.90767	-12.5996	69.2693	
0.998424	-0.000571379	-0.0561129	0.0213369	0.92871	0.370194	0.0519011	-0.370807	0.927258	3.9533	-12.9183	70.0723	
0.99929	-0.00837889	-0.0367319	0.0215654	0.926649	0.375308	0.0308929	-0.375834	0.926172	3.98911	-13.2413	70.8741	
0.999716	-0.0162897	-0.0173781	0.0216779	0.924562	0.380415	0.00987028	-0.380684	0.924652	4.00675	-13.5686	71.6747	
0.999703	-0.0243	0.00193939	0.0216743	0.922448	0.385513	-0.011157	-0.385356	0.9227	4.00619	-13.8999	72.4739	
0.99925	-0.0324062	0.0212115	0.0215547	0.920309	0.390599	-0.032179	-0.389848	0.920317	3.98745	-14.2353	73.2712	
0.998357	-0.0406045	0.0404293	0.0213192	0.918145	0.39567	-0.053186	-0.394158	0.917502	3.95052	-14.5744	74.0662	
0.997025	-0.0488909	0.0595838	0.0209677	0.915959	0.400725	-0.0741681	-0.398283	0.914259	3.89542	-14.9172	74.8586	
0.995255	-0.0572617	0.0786659	0.0205006	0.91375	0.40576	-0.0951154	-0.402222	0.910588	3.82219	-15.2635	75.648	
0.993047	-0.0657129	0.0976668	0.019918	0.911519	0.410775	-0.116018	-0.405973	0.906491	3.73086	-15.6132	76.4341	
0.990403	-0.0742405	0.116578	0.0192202	0.909269	0.415765	-0.136867	-0.409534	0.90197	3.62146	-15.9659	77.2164	
0.987323	-0.0828406	0.135389	0.0184074	0.906999	0.420729	-0.157652	-0.412904	0.897027	3.49406	-16.3217	77.9946	
0.98381	-0.0915091	0.154093	0.0174802	0.904712	0.425665	-0.178362	-0.41608	0.891664	3.3487	-16.6803	78.7684	
0.979864	-0.100242	0.172681	0.0164389	0.902407	0.43057	-0.19899	-0.419061	0.885884	3.18546	-17.0416	79.5373	
0.975487	-0.109035	0.191143	0.0152841	0.900087	0.435442	-0.219524	-0.421847	0.87969	3.00441	-17.4054	80.3011	
0.970683	-0.117885	0.209472	0.0140161	0.897752	0.440279	-0.239956	-0.424435	0.873084	2.80565	-17.7715	81.0594	
0.965452	-0.126786	0.227658	0.0126358	0.895403	0.445078	-0.260275	-0.426825	0.86607	2.58925	-18.1397	81.8117	
0.959797	-0.135736	0.245693	0.0111436	0.893041	0.449837	-0.280473	-0.429015	0.858651	2.35533	-18.5099	82.5578	
