1	0	0	0	1	0	0	0	1	0	0	0	
0.999999	-4.23338e-07	0.00145743	-4.23338e-07	1	0.000580936	-0.00145743	-0.000580936	0.999999	-0.000542857	-0.000216384	0.744949	
0.999996	-1.6943e-06	0.00291558	-1.69455e-06	0.999999	0.00116232	-0.00291558	-0.00116232	0.999995	-0.00217169	-0.000865704	1.4899	
0.99999	-3.81433e-06	0.0043744	-3.8153e-06	0.999998	0.00174415	-0.0043744	-0.00174415	0.999989	-0.00488703	-0.00194829	2.23484	
0.999983	-6.78477e-06	0.00583386	-6.7872e-06	0.999997	0.00232639	-0.00583386	-0.00232639	0.99998	-0.00868934	-0.00346446	2.97978	
0.999973	-1.06069e-05	0.00729392	-1.06118e-05	0.999996	0.00290904	-0.00729392	-0.00290904	0.999969	-0.0135791	-0.00541453	3.72471	
0.999962	-1.52819e-05	0.00875454	-1.52904e-05	0.999994	0.00349208	-0.00875454	-0.00349208	0.999956	-0.0195568	-0.00779879	4.46963	
0.999948	-2.08108e-05	0.0102157	-2.08245e-05	0.999992	0.0040755	-0.0102157	-0.0040755	0.99994	-0.0266227	-0.0106175	5.21454	
0.999932	-2.71948e-05	0.0116773	-2.72152e-05	0.999989	0.00465928	-0.0116773	-0.00465928	0.999921	-0.0347773	-0.013871	5.95944	
0.999914	-3.44346e-05	0.0131394	-3.44639e-05	0.999986	0.0052434	-0.0131394	-0.0052434	0.9999	-0.0440209	-0.0175595	6.70432	
0.999893	-4.25313e-05	0.0146019	-4.25715e-05	0.999983	0.00582786	-0.0146019	-0.00582786	0.999876	-0.0543538	-0.0216833	7.44919	
0.999871	-5.14855e-05	0.0160647	-5.15392e-05	0.999979	0.00641263	-0.0160647	-0.00641263	0.99985	-0.0657763	-0.0262426	8.19404	
0.999846	-6.1298e-05	0.0175279	-6.13678e-05	0.999976	0.0069977	-0.0175279	-0.0069977	0.999822	-0.0782887	-0.0312376	8.93886	
0.99982	-7.19694e-05	0.0189914	-7.20583e-05	0.999971	0.00758305	-0.0189914	-0.00758305	0.999791	-0.0918912	-0.0366685	9.68367	
0.999791	-8.35002e-05	0.0204551	-8.36113e-05	0.999967	0.00816868	-0.0204551	-0.00816868	0.999757	-0.106584	-0.0425356	10.4285	
0.99976	-9.58908e-05	0.0219191	-9.60276e-05	0.999962	0.00875456	-0.0219191	-0.00875456	0.999721	-0.122367	-0.0488391	11.1732	
0.999727	-0.000109142	0.0233832	-0.000109308	0.999956	0.00934067	-0.0233832	-0.00934068	0.999683	-0.139241	-0.0555791	11.9179	
0.999691	-0.000123253	0.0248475	-0.000123452	0.999951	0.00992702	-0.0248475	-0.00992702	0.999642	-0.157206	-0.0627559	12.6626	
0.999654	-0.000138225	0.0263118	-0.000138462	0.999945	0.0105136	-0.0263118	-0.0105136	0.999598	-0.176262	-0.0703695	13.4073	
0.999614	-0.000154058	0.0277763	-0.000154337	0.999938	0.0111003	-0.0277763	-0.0111003	0.999553	-0.196408	-0.0784201	14.1519	
0.999572	-0.000170751	0.0292407	-0.000171077	0.999932	0.0116872	-0.0292407	-0.0116872	0.999504	-0.217645	-0.0869079	14.8965	
0.999528	-0.000188306	0.0307052	-0.000188683	0.999925	0.0122743	-0.0307052	-0.0122743	0.999453	-0.239974	-0.095833	15.6411	
0.999482	-0.000206721	0.0321696	-0.000207154	0.999917	0.0128616	-0.0321696	-0.0128616	0.9994	-0.263393	-0.105195	16.3856	
0.999434	-0.000225997	0.0336339	-0.000226492	0.99991	0.0134489	-0.0336339	-0.0134489	0.999344	-0.287903	-0.114995	17.1301	
0.999384	-0.000246132	0.0350981	-0.000246695	0.999901	0.0140364	-0.0350981	-0.0140364	0.999285	-0.313504	-0.125233	17.8745	
0.999331	-0.000267128	0.0365621	-0.000267764	0.999893	0.014624	-0.0365621	-0.014624	0.999224	-0.340196	-0.135908	18.6189	
0.999277	-0.000288982	0.0380259	-0.000289698	0.999884	0.0152117	-0.0380259	-0.0152117	0.999161	-0.367978	-0.147021	19.3633	
0.99922	-0.000311696	0.0394895	-0.000312498	0.999875	0.0157994	-0.0394895	-0.0157994	0.999095	-0.396851	-0.158572	20.1076	
0.999161	-0.000335267	0.0409528	-0.000336162	0.999866	0.0163872	-0.0409528	-0.0163872	0.999027	-0.426813	-0.170561	20.8518	
0.9991	-0.000359696	0.0424158	-0.00036069	0.999856	0.016975	-0.0424158	-0.0169751	0.998956	-0.457866	-0.182988	21.596	
0.999037	-0.000384982	0.0438784	-0.000386082	0.999846	0.0175629	-0.0438784	-0.0175629	0.998882	-0.490008	-0.195852	22.3402	
0.998971	-0.000411123	0.0453407	-0.000412337	0.999835	0.0181508	-0.0453407	-0.0181508	0.998807	-0.52324	-0.209155	23.0843	
0.998904	-0.000438119	0.0468025	-0.000439455	0.999824	0.0187386	-0.0468025	-0.0187387	0.998728	-0.557561	-0.222895	23.8283	
0.998835	-0.000465968	0.0482638	-0.000467433	0.999813	0.0193265	-0.0482638	-0.0193265	0.998648	-0.592971	-0.237073	24.5723	
0.998763	-0.00049467	0.0497247	-0.000496273	0.999802	0.0199143	-0.0497246	-0.0199143	0.998564	-0.629469	-0.251689	25.3162	
0.998689	-0.000524224	0.0511849	-0.000525972	0.99979	0.020502	-0.0511849	-0.0205021	0.998479	-0.667056	-0.266744	26.06	
0.998613	-0.000554627	0.0526446	-0.000556529	0.999777	0.0210897	-0.0526446	-0.0210898	0.998391	-0.705729	-0.282235	26.8038	
0.998535	-0.000585879	0.0541037	-0.000587944	0.999765	0.0216773	-0.0541037	-0.0216774	0.9983	-0.745491	-0.298165	27.5475	
0.998455	-0.000617979	0.0555621	-0.000620216	0.999752	0.0222648	-0.0555621	-0.0222649	0.998207	-0.786338	-0.314533	28.2912	
0.998373	-0.000650923	0.0570199	-0.000653342	0.999739	0.0228522	-0.0570198	-0.0228523	0.998111	-0.828272	-0.331338	29.0347	
0.998289	-0.000684712	0.0584769	-0.000687321	0.999725	0.0234395	-0.0584768	-0.0234396	0.998014	-0.871292	-0.34858	29.7783	
0.998202	-0.000719344	0.0599331	-0.000722153	0.999711	0.0240266	-0.059933	-0.0240267	0.997913	-0.915397	-0.36626	30.5217	
0.998114	-0.000754815	0.0613885	-0.000757835	0.999697	0.0246136	-0.0613885	-0.0246137	0.99781	-0.960586	-0.384377	31.265	
0.998023	-0.000791126	0.0628431	-0.000794365	0.999682	0.0252004	-0.062843	-0.0252005	0.997705	-1.00686	-0.402932	32.0083	
0.99793	-0.000828273	0.0642967	-0.000831743	0.999667	0.025787	-0.0642967	-0.0257871	0.997598	-1.05422	-0.421924	32.7515	
0.997836	-0.000866254	0.0657495	-0.000869966	0.999652	0.0263734	-0.0657494	-0.0263735	0.997488	-1.10265	-0.441352	33.4946	
0.997739	-0.000905068	0.0672013	-0.000909032	0.999636	0.0269595	-0.0672012	-0.0269597	0.997375	-1.15217	-0.461217	34.2377	
0.99764	-0.000944713	0.0686521	-0.00094894	0.99962	0.0275455	-0.068652	-0.0275456	0.99726	-1.20278	-0.481519	34.9806	
0.997539	-0.000985185	0.0701018	-0.000989687	0.999604	0.0281312	-0.0701018	-0.0281313	0.997143	-1.25446	-0.502257	35.7235	
0.997436	-0.00102648	0.0715505	-0.00103127	0.999587	0.0287166	-0.0715505	-0.0287167	0.997024	-1.30722	-0.523432	36.4663	
0.997332	-0.0010686	0.0729981	-0.00107369	0.99957	0.0293017	-0.072998	-0.0293019	0.996902	-1.36106	-0.545042	37.209	
0.997225	-0.00111155	0.0744445	-0.00111694	0.999553	0.0298865	-0.0744445	-0.0298867	0.996777	-1.41598	-0.567089	37.9516	
0.997116	-0.00115531	0.0758898	-0.00116102	0.999535	0.0304711	-0.0758897	-0.0304713	0.996651	-1.47198	-0.589571	38.6941	
0.997212	-0.00111587	0.0746089	-0.00119317	0.999522	0.0308969	-0.0746077	-0.0308998	0.996734	-1.52803	-0.61243	39.4365	
0.997307	-0.00107585	0.0733269	-0.00122486	0.999509	0.0313239	-0.0733245	-0.0313294	0.996816	-1.58313	-0.635608	40.1791	
0.997401	-0.00103525	0.0720437	-0.00125608	0.999495	0.0317521	-0.0720402	-0.0317601	0.996896	-1.63728	-0.659108	40.9217	
0.997493	-0.000994057	0.0707595	-0.00128683	0.999481	0.0321815	-0.0707548	-0.0321919	0.996974	-1.69047	-0.682928	41.6644	
0.997583	-0.000952278	0.0694742	-0.0013171	0.999467	0.032612	-0.0694682	-0.0326247	0.997051	-1.7427	-0.707071	42.4071	
0.997672	-0.00090991	0.0681879	-0.0013469	0.999453	0.0330436	-0.0681806	-0.0330586	0.997125	-1.79397	-0.731536	43.1499	
0.997759	-0.000866951	0.0669005	-0.0013762	0.999439	0.0334763	-0.066892	-0.0334934	0.997198	-1.84428	-0.756325	43.8927	
0.997845	-0.0008234	0.0656123	-0.00140502	0.999424	0.0339101	-0.0656024	-0.0339292	0.997269	-1.89363	-0.781438	44.6356	
0.997929	-0.000779257	0.064323	-0.00143334	0.999409	0.0343449	-0.0643118	-0.034366	0.997338	-1.94202	-0.806876	45.3785	
0.998011	-0.00073452	0.0630329	-0.00146116	0.999394	0.0347807	-0.0630202	-0.0348036	0.997405	-1.98945	-0.83264	46.1215	
0.998092	-0.000689187	0.0617418	-0.00148847	0.999379	0.0352174	-0.0617277	-0.0352421	0.997471	-2.03591	-0.858731	46.8646	
0.998171	-0.000643259	0.0604499	-0.00151527	0.999363	0.0356551	-0.0604343	-0.0356815	0.997534	-2.08141	-0.885148	47.6077	
0.998249	-0.000596735	0.0591572	-0.00154156	0.999347	0.0360937	-0.0591401	-0.0361217	0.997596	-2.12595	-0.911893	48.3508	
0.998324	-0.000549613	0.0578636	-0.00156733	0.999331	0.0365332	-0.057845	-0.0365627	0.997656	-2.16953	-0.938966	49.094	
0.998399	-0.000501893	0.0565693	-0.00159257	0.999315	0.0369736	-0.0565491	-0.0370045	0.997714	-2.21213	-0.966368	49.8372	
0.998471	-0.000453574	0.0552743	-0.00161729	0.999299	0.0374148	-0.0552525	-0.037447	0.99777	-2.25378	-0.994099	50.5805	
0.998542	-0.000404657	0.0539785	-0.00164148	0.999282	0.0378568	-0.053955	-0.0378902	0.997824	-2.29446	-1.02216	51.3238	
0.998611	-0.000355139	0.052682	-0.00166513	0.999265	0.0382995	-0.0526569	-0.038334	0.997877	-2.33417	-1.05055	52.0671	
0.998679	-0.000305022	0.0513849	-0.00168824	0.999248	0.038743	-0.0513581	-0.0387786	0.997927	-2.37291	-1.07927	52.8105	
0.998745	-0.000254304	0.0500871	-0.00171082	0.99923	0.0391872	-0.0500586	-0.0392237	0.997976	-2.41068	-1.10833	53.5539	
0.998809	-0.000202985	0.0487888	-0.00173284	0.999213	0.0396321	-0.0487584	-0.0396695	0.998023	-2.44749	-1.13771	54.2974	
0.998872	-0.000151065	0.0474898	-0.00175432	0.999195	0.0400777	-0.0474577	-0.0401158	0.998067	-2.48333	-1.16743	55.0409	
0.998933	-9.85447e-05	0.0461903	-0.00177524	0.999177	0.0405239	-0.0461563	-0.0405626	0.99811	-2.5182	-1.19748	55.7844	
0.998992	-4.5423e-05	0.0448903	-0.00179561	0.999159	0.0409707	-0.0448544	-0.04101	0.998151	-2.5521	-1.22787	56.528	
0.99905	8.29989e-06	0.0435898	-0.00181542	0.99914	0.041418	-0.043552	-0.0414578	0.998191	-2.58503	-1.25858	57.2716	
0.999105	6.26238e-05	0.0422889	-0.00183467	0.999122	0.0418659	-0.0422491	-0.0419061	0.998228	-2.61698	-1.28963	58.0152	
0.99916	0.000117549	0.0409875	-0.00185336	0.999103	0.0423144	-0.0409457	-0.0423548	0.998263	-2.64797	-1.32102	58.7588	
0.999212	0.000173074	0.0396857	-0.00187148	0.999083	0.0427633	-0.0396419	-0.0428038	0.998297	-2.67799	-1.35274	59.5025	
0.999263	0.0002292	0.0383835	-0.00188903	0.999064	0.0432126	-0.0383377	-0.0432533	0.998328	-2.70703	-1.38479	60.2462	
0.999312	0.000285925	0.037081	-0.00190601	0.999045	0.0436624	-0.0370331	-0.0437031	0.998358	-2.73511	-1.41718	60.9899	
0.99936	0.000343251	0.0357781	-0.00192241	0.999025	0.0441126	-0.0357281	-0.0441532	0.998386	-2.76221	-1.44991	61.7336	
0.999405	0.000401175	0.034475	-0.00193824	0.999005	0.0445632	-0.0344228	-0.0446035	0.998412	-2.78834	-1.48297	62.4774	
0.99945	0.000459698	0.0331715	-0.0019535	0.998984	0.0450141	-0.0331172	-0.0450542	0.998435	-2.8135	-1.51636	63.2212	
0.999492	0.000518818	0.0318679	-0.00196817	0.998964	0.0454654	-0.0318113	-0.045505	0.998457	-2.83768	-1.55009	63.9649	
0.999533	0.000578536	0.030564	-0.00198226	0.998943	0.0459169	-0.0305052	-0.045956	0.998478	-2.86089	-1.58416	64.7088	
0.999572	0.00063885	0.02926	-0.00199576	0.998922	0.0463687	-0.0291988	-0.0464072	0.998496	-2.88313	-1.61856	65.4526	
0.999609	0.00069976	0.0279558	-0.00200869	0.998901	0.0468207	-0.0278923	-0.0468586	0.998512	-2.9044	-1.6533	66.1964	
0.999644	0.000761264	0.0266515	-0.00202102	0.99888	0.0472729	-0.0265856	-0.04731	0.998526	-2.92469	-1.68838	66.9403	
0.999678	0.000823361	0.0253471	-0.00203277	0.998858	0.0477253	-0.0252788	-0.0477615	0.998539	-2.94401	-1.72379	67.6841	
0.999711	0.000886051	0.0240426	-0.00204393	0.998837	0.0481779	-0.0239719	-0.0482131	0.998549	-2.96235	-1.75954	68.428	
0.999741	0.000949333	0.0227381	-0.0020545	0.998815	0.0486305	-0.0226649	-0.0486646	0.998558	-2.97972	-1.79562	69.1719	
0.99977	0.0010132	0.0214335	-0.00206448	0.998793	0.0490833	-0.0213579	-0.0491162	0.998565	-2.99612	-1.83204	69.9157	
0.999797	0.00107766	0.020129	-0.00207387	0.99877	0.0495361	-0.0200509	-0.0495677	0.998569	-3.01154	-1.8688	70.6596	
0.999822	0.00114271	0.0188245	-0.00208267	0.998748	0.0499889	-0.0187438	-0.0500192	0.998572	-3.02599	-1.90589	71.4035	
0.999998	0.00206487	0.000245218	-0.00207442	0.998791	0.049117	-0.000143502	-0.0491174	0.998793	-3.03303	-1.94282	72.1475	
0.999827	0.00297009	-0.018335	-0.00208242	0.998833	0.0482451	0.0184569	-0.0481986	0.998667	-3.02621	-1.97907	72.8915	
0.999311	0.00385807	-0.0369096	-0.00210665	0.998875	0.0473735	0.0370508	-0.0472631	0.998195	-3.00553	-2.01463	73.6353	
