1	0	0	0	1	0	0	0	1	0	0	0	
1	-1.10711e-08	6.44458e-05	-1.10711e-08	1	0.000343579	-6.44458e-05	-0.000343579	1	-3.36876e-05	-0.000179598	1.04545	
1	-4.37079e-08	0.00012806	-4.36932e-08	1	0.000682499	-0.00012806	-0.000682499	1	-0.000134316	-0.000715957	2.09091	
1	-9.70462e-08	0.000190839	-9.69882e-08	0.999999	0.00101674	-0.000190839	-0.00101674	0.999999	-0.000301013	-0.0016042	3.13636	
1	-1.70228e-07	0.000252778	-1.70085e-07	0.999999	0.00134629	-0.000252778	-0.00134629	0.999999	-0.000532904	-0.00283942	4.18182	
1	-2.62401e-07	0.000313872	-2.62119e-07	0.999999	0.00167113	-0.000313872	-0.00167113	0.999999	-0.000829108	-0.0044167	5.22727	
1	-3.72721e-07	0.000374117	-3.72234e-07	0.999998	0.00199123	-0.000374117	-0.00199123	0.999998	-0.00118874	-0.00633112	6.27272	
1	-5.00349e-07	0.000433509	-4.99581e-07	0.999997	0.00230659	-0.000433509	-0.00230659	0.999997	-0.00161091	-0.00857771	7.31817	
1	-6.44453e-07	0.000492043	-6.43318e-07	0.999997	0.00261719	-0.000492043	-0.00261719	0.999996	-0.00209472	-0.0111515	8.36363	
1	-8.0421e-07	0.000549715	-8.02612e-07	0.999996	0.002923	-0.000549715	-0.002923	0.999996	-0.00263927	-0.0140475	9.40908	
1	-9.78802e-07	0.00060652	-9.76638e-07	0.999995	0.00322403	-0.00060652	-0.00322403	0.999995	-0.00324367	-0.0172607	10.4545	
1	-1.16742e-06	0.000662455	-1.16458e-06	0.999994	0.00352023	-0.000662455	-0.00352023	0.999994	-0.003907	-0.0207861	11.5	
1	-1.36927e-06	0.000717515	-1.36563e-06	0.999993	0.00381162	-0.000717515	-0.00381162	0.999992	-0.00462834	-0.0246187	12.5454	
1	-1.58355e-06	0.000771696	-1.57899e-06	0.999992	0.00409816	-0.000771696	-0.00409816	0.999991	-0.00540679	-0.0287534	13.5909	
1	-1.80948e-06	0.000824994	-1.80387e-06	0.99999	0.00437984	-0.000824994	-0.00437984	0.99999	-0.00624143	-0.033185	14.6363	
1	-2.04629e-06	0.000877405	-2.03949e-06	0.999989	0.00465665	-0.000877405	-0.00465665	0.999989	-0.00713132	-0.0379086	15.6818	
1	-2.29321e-06	0.000928925	-2.28509e-06	0.999988	0.00492857	-0.000928925	-0.00492857	0.999987	-0.00807554	-0.0429191	16.7272	
1	-2.54948e-06	0.00097955	-2.53989e-06	0.999987	0.00519559	-0.00097955	-0.00519559	0.999986	-0.00907315	-0.0482113	17.7726	
0.999999	-2.81436e-06	0.00102928	-2.80315e-06	0.999985	0.00545769	-0.00102928	-0.00545769	0.999985	-0.0101232	-0.05378	18.8181	
0.999999	-3.08711e-06	0.0010781	-3.07414e-06	0.999984	0.00571486	-0.0010781	-0.00571486	0.999983	-0.0112248	-0.0596202	19.8635	
0.999999	-3.367e-06	0.00112602	-3.35212e-06	0.999982	0.0059671	-0.00112602	-0.0059671	0.999982	-0.012377	-0.0657267	20.909	
0.999999	-3.65331e-06	0.00117302	-3.63637e-06	0.999981	0.00621437	-0.00117302	-0.00621437	0.99998	-0.0135787	-0.0720943	21.9544	
0.999999	-3.94533e-06	0.00121912	-3.92619e-06	0.999979	0.00645668	-0.00121912	-0.00645668	0.999978	-0.0148292	-0.0787178	22.9998	
0.999999	-4.24238e-06	0.00126429	-4.22089e-06	0.999978	0.006694	-0.00126429	-0.006694	0.999977	-0.0161273	-0.085592	24.0453	
0.999999	-4.54377e-06	0.00130855	-4.51977e-06	0.999976	0.00692633	-0.00130855	-0.00692633	0.999975	-0.0174722	-0.0927117	25.0907	
0.999999	-4.84881e-06	0.00135187	-4.82216e-06	0.999974	0.00715365	-0.00135187	-0.00715365	0.999973	-0.0188629	-0.100072	26.1361	
0.999999	-5.15685e-06	0.00139427	-5.12741e-06	0.999973	0.00737596	-0.00139427	-0.00737596	0.999972	-0.0202984	-0.107667	27.1815	
0.999999	-5.46723e-06	0.00143574	-5.43486e-06	0.999971	0.00759323	-0.00143574	-0.00759323	0.99997	-0.0217777	-0.115492	28.227	
0.999999	-5.77932e-06	0.00147628	-5.74389e-06	0.99997	0.00780546	-0.00147628	-0.00780546	0.999968	-0.0232999	-0.123541	29.2724	
0.999999	-6.09249e-06	0.00151587	-6.05386e-06	0.999968	0.00801265	-0.00151587	-0.00801265	0.999967	-0.024864	-0.131809	30.3178	
0.999999	-6.40611e-06	0.00155452	-6.36416e-06	0.999966	0.00821476	-0.00155452	-0.00821476	0.999965	-0.0264689	-0.140292	31.3632	
0.999999	-6.71959e-06	0.00159223	-6.67419e-06	0.999965	0.00841181	-0.00159223	-0.00841181	0.999963	-0.0281138	-0.148983	32.4086	
0.999999	-7.03234e-06	0.00162899	-6.98338e-06	0.999963	0.00860377	-0.00162899	-0.00860377	0.999962	-0.0297977	-0.157878	33.4541	
0.999999	-7.34377e-06	0.0016648	-7.29114e-06	0.999961	0.00879063	-0.0016648	-0.00879063	0.99996	-0.0315194	-0.16697	34.4995	
0.999999	-7.65332e-06	0.00169965	-7.59692e-06	0.99996	0.0089724	-0.00169965	-0.0089724	0.999958	-0.0332781	-0.176255	35.5449	
0.999998	-7.96043e-06	0.00173354	-7.90016e-06	0.999958	0.00914905	-0.00173354	-0.00914905	0.999957	-0.0350727	-0.185728	36.5903	
0.999998	-8.26457e-06	0.00176647	-8.20035e-06	0.999957	0.00932057	-0.00176647	-0.00932057	0.999955	-0.0369023	-0.195382	37.6357	
0.999998	-8.56521e-06	0.00179844	-8.49696e-06	0.999955	0.00948697	-0.00179844	-0.00948697	0.999953	-0.0387657	-0.205214	38.6811	
0.999998	-8.86184e-06	0.00182944	-8.78949e-06	0.999953	0.00964823	-0.00182944	-0.00964823	0.999952	-0.0406621	-0.215216	39.7265	
0.999998	-9.15395e-06	0.00185948	-9.07744e-06	0.999952	0.00980434	-0.00185948	-0.00980434	0.99995	-0.0425904	-0.225385	40.7719	
0.999998	-9.44106e-06	0.00188854	-9.36034e-06	0.99995	0.00995529	-0.00188854	-0.00995529	0.999949	-0.0445496	-0.235713	41.8173	
0.999998	-9.7227e-06	0.00191662	-9.63774e-06	0.999949	0.0101011	-0.00191662	-0.0101011	0.999947	-0.0465387	-0.246197	42.8627	
0.999998	-9.99842e-06	0.00194372	-9.90917e-06	0.999948	0.0102417	-0.00194372	-0.0102417	0.999946	-0.0485566	-0.256831	43.9081	
0.999998	-1.02678e-05	0.00196985	-1.01742e-05	0.999946	0.0103771	-0.00196985	-0.0103771	0.999944	-0.0506023	-0.267609	44.9535	
0.999998	-1.05303e-05	0.00199499	-1.04325e-05	0.999945	0.0105074	-0.00199499	-0.0105074	0.999943	-0.0526749	-0.278526	45.9989	
0.999998	-1.07856e-05	0.00201914	-1.06835e-05	0.999943	0.0106325	-0.00201914	-0.0106325	0.999941	-0.0547731	-0.289577	47.0443	
0.999998	-1.10333e-05	0.00204231	-1.09269e-05	0.999942	0.0107523	-0.00204231	-0.0107523	0.99994	-0.0568962	-0.300755	48.0897	
0.999998	-1.12731e-05	0.00206448	-1.11624e-05	0.999941	0.010867	-0.00206449	-0.010867	0.999939	-0.0590429	-0.312056	49.1351	
0.999998	-1.15044e-05	0.00208567	-1.13895e-05	0.99994	0.0109765	-0.00208567	-0.0109765	0.999938	-0.0612123	-0.323474	50.1805	
0.999998	-1.1727e-05	0.00210585	-1.1608e-05	0.999939	0.0110807	-0.00210585	-0.0110807	0.999936	-0.0634033	-0.335004	51.2259	
0.999998	-1.19406e-05	0.00212504	-1.18175e-05	0.999938	0.0111797	-0.00212504	-0.0111797	0.999935	-0.0656149	-0.34664	52.2712	
0.999998	-1.21448e-05	0.00214322	-1.20177e-05	0.999936	0.0112735	-0.00214323	-0.0112735	0.999934	-0.0678461	-0.358377	53.3166	
0.999998	-1.23393e-05	0.00216041	-1.22083e-05	0.999935	0.0113621	-0.00216041	-0.0113621	0.999933	-0.0700957	-0.370209	54.362	
0.999998	-1.25238e-05	0.00217659	-1.2389e-05	0.999934	0.0114454	-0.00217659	-0.0114454	0.999932	-0.0723628	-0.382131	55.4074	
0.999998	-1.26981e-05	0.00219176	-1.25596e-05	0.999934	0.0115235	-0.00219176	-0.0115235	0.999931	-0.0746462	-0.394138	56.4528	
0.999998	-1.28618e-05	0.00220592	-1.27198e-05	0.999933	0.0115964	-0.00220592	-0.0115964	0.99993	-0.076945	-0.406223	57.4982	
0.999998	-1.30148e-05	0.00221907	-1.28694e-05	0.999932	0.011664	-0.00221907	-0.011664	0.99993	-0.0792581	-0.418382	58.5435	
0.999998	-1.31567e-05	0.00223121	-1.30081e-05	0.999931	0.0117263	-0.00223121	-0.0117263	0.999929	-0.0815844	-0.430609	59.5889	
0.999997	-1.32875e-05	0.00224234	-1.31359e-05	0.999931	0.0117834	-0.00224234	-0.0117834	0.999928	-0.0839228	-0.442898	60.6343	
0.999997	-1.34069e-05	0.00225244	-1.32524e-05	0.99993	0.0118353	-0.00225244	-0.0118353	0.999927	-0.0862724	-0.455244	61.6797	
0.999997	-1.35147e-05	0.00226153	-1.33576e-05	0.999929	0.0118819	-0.00226153	-0.0118819	0.999927	-0.0886319	-0.467642	62.7251	
0.999997	-1.36107e-05	0.0022696	-1.34513e-05	0.999929	0.0119232	-0.0022696	-0.0119232	0.999926	-0.0910005	-0.480085	63.7704	
0.999997	-1.36948e-05	0.00227665	-1.35333e-05	0.999928	0.0119593	-0.00227665	-0.0119593	0.999926	-0.0933769	-0.49257	64.8158	
0.999997	-1.3767e-05	0.00228267	-1.36036e-05	0.999928	0.0119901	-0.00228267	-0.0119901	0.999926	-0.0957602	-0.505089	65.8612	
0.999997	-1.3827e-05	0.00228767	-1.3662e-05	0.999928	0.0120157	-0.00228767	-0.0120157	0.999925	-0.0981493	-0.517637	66.9066	
0.999997	-1.38747e-05	0.00229164	-1.37085e-05	0.999928	0.012036	-0.00229164	-0.012036	0.999925	-0.100543	-0.53021	67.952	
1	2.00323e-05	-0.000814868	-1.20519e-05	0.999952	0.00979232	0.000815025	-0.00979231	0.999952	-0.101315	-0.54162	68.9973	
0.999992	4.69693e-05	-0.00392241	-1.73789e-05	0.999972	0.00754363	0.00392265	-0.0075435	0.999964	-0.0988383	-0.550682	70.0428	
0.999975	6.69161e-05	-0.0070309	-2.97217e-05	0.999986	0.00529011	0.00703116	-0.00528977	0.999961	-0.0931125	-0.55739	71.0882	
0.999603	1.63438e-05	-0.0281727	-0.000300112	0.999949	-0.0100682	0.0281711	0.0100727	0.999552	-0.0747102	-0.55489	72.1334	
0.998784	-0.000359025	-0.0492987	-0.000895108	0.999677	-0.0254151	0.0492918	0.0254283	0.998461	-0.0342159	-0.536331	73.1779	
0.997519	-0.00105893	-0.0703943	-0.0018143	0.999168	-0.0407399	0.0703789	0.0407665	0.996687	0.0283428	-0.501728	74.2209	
0.995808	-0.00208291	-0.0914452	-0.00305707	0.998424	-0.0560322	0.0914178	0.0560769	0.994232	0.112923	-0.451102	75.2617	
0.993653	-0.00343024	-0.112437	-0.00462256	0.997446	-0.0712817	0.112394	0.071349	0.991099	0.219467	-0.384489	76.2995	
0.991055	-0.00510002	-0.133356	-0.00650971	0.996233	-0.0864777	0.133294	0.0865723	0.987288	0.347903	-0.301935	77.3337	
0.988016	-0.0070911	-0.154186	-0.00871722	0.994786	-0.10161	0.154103	0.101737	0.982803	0.498142	-0.203495	78.3636	
0.984539	-0.00940212	-0.174915	-0.0112436	0.993107	-0.116668	0.174806	0.116831	0.977647	0.670081	-0.0892372	79.3884	
0.980624	-0.0120315	-0.195528	-0.0140871	0.991197	-0.131642	0.19539	0.131846	0.971823	0.863604	0.0407606	80.4075	
0.976276	-0.0149774	-0.21601	-0.0172458	0.989057	-0.146522	0.215841	0.146771	0.965335	1.07858	0.18641	81.4202	
0.971497	-0.018238	-0.236348	-0.0207175	0.986689	-0.161296	0.236144	0.161596	0.958187	1.31486	0.34761	82.4257	
0.96629	-0.0218108	-0.256529	-0.0244999	0.984093	-0.175956	0.256286	0.17631	0.950385	1.57228	0.524253	83.4234	
0.96066	-0.0256935	-0.276537	-0.0285903	0.981272	-0.190491	0.276253	0.190904	0.941934	1.85067	0.716216	84.4127	
0.954609	-0.0298835	-0.29636	-0.032986	0.978229	-0.204891	0.296031	0.205367	0.93284	2.14983	0.923369	85.3927	
0.948142	-0.0343778	-0.315984	-0.0376841	0.974964	-0.219147	0.315607	0.21969	0.923108	2.46957	1.14557	86.3629	
0.941263	-0.0391734	-0.335395	-0.0426811	0.97148	-0.233248	0.334967	0.233863	0.912746	2.80966	1.38267	87.3226	
0.933977	-0.0442671	-0.354581	-0.0479739	0.96778	-0.247186	0.354098	0.247876	0.90176	3.16987	1.6345	88.2712	
0.926289	-0.0496553	-0.373528	-0.0535587	0.963866	-0.260949	0.372988	0.26172	0.890159	3.54996	1.9009	89.2079	
0.918205	-0.0553344	-0.392223	-0.0594317	0.95974	-0.27453	0.391623	0.275385	0.877949	3.94967	2.18167	90.1322	
0.909729	-0.0613004	-0.410653	-0.0655889	0.955406	-0.287919	0.40999	0.288863	0.86514	4.36872	2.47664	91.0434	
0.900867	-0.0675494	-0.428807	-0.0720261	0.950866	-0.301107	0.428077	0.302142	0.851739	4.80682	2.78559	91.9409	
0.891627	-0.074077	-0.44667	-0.078739	0.946125	-0.314084	0.445872	0.315216	0.837757	5.26369	3.10832	92.8241	
0.882013	-0.0808788	-0.464232	-0.0857228	0.941183	-0.326842	0.463362	0.328074	0.823203	5.739	3.4446	93.6924	
0.872033	-0.0879502	-0.481481	-0.092973	0.936046	-0.339372	0.480536	0.340708	0.808086	6.23243	3.79421	94.5452	
0.861693	-0.0952862	-0.498404	-0.100484	0.930717	-0.351665	0.497382	0.353109	0.792417	6.74364	4.15691	95.3819	
0.851	-0.102882	-0.51499	-0.108252	0.925199	-0.363714	0.513888	0.365269	0.776207	7.27229	4.53245	96.2019	
0.839962	-0.110732	-0.531227	-0.11627	0.919497	-0.375509	0.530042	0.37718	0.759467	7.81801	4.92057	97.0046	
0.828586	-0.118832	-0.547105	-0.124534	0.913613	-0.387044	0.545835	0.388833	0.742208	8.38043	5.32101	97.7897	
0.816881	-0.127175	-0.562613	-0.133038	0.907552	-0.398309	0.561255	0.40022	0.724442	8.95917	5.73349	98.5564	
0.804853	-0.135756	-0.577739	-0.141776	0.901318	-0.409298	0.576291	0.411334	0.706182	9.55383	6.15773	99.3042	
0.792511	-0.144569	-0.592475	-0.150741	0.894916	-0.420002	0.590934	0.422167	0.687439	10.164	6.59345	100.033	
