1	0	0	0	1	0	0	0	1	0	0	0	
0.999997	-5.34917e-06	-0.00262813	-5.34917e-06	0.999992	-0.00407068	0.00262813	0.00407068	0.999988	0.00112758	0.00174649	0.858077	
0.999986	-2.14121e-05	-0.00525906	-2.13966e-05	0.999967	-0.0081398	0.00525906	0.0081398	0.999953	0.0045115	0.00698529	1.71613	
0.999969	-4.82078e-05	-0.00789272	-4.81457e-05	0.999925	-0.0122072	0.00789272	0.0122072	0.999894	0.0101542	0.015715	2.57415	
0.999945	-8.57549e-05	-0.0105291	-8.55998e-05	0.999868	-0.0162729	0.0105291	0.0162729	0.999812	0.0180579	0.0279342	3.43211	
0.999913	-0.000134072	-0.013168	-0.000133762	0.999793	-0.0203367	0.013168	0.0203367	0.999706	0.0282249	0.0436412	4.28998	
0.999875	-0.000193177	-0.0158095	-0.000192634	0.999702	-0.0243986	0.0158095	0.0243986	0.999577	0.0406574	0.0628345	5.14776	
0.99983	-0.000263087	-0.0184534	-0.000262219	0.999595	-0.0284584	0.0184534	0.0284584	0.999425	0.0553576	0.0855124	6.00541	
0.999777	-0.000343821	-0.0210998	-0.000342518	0.999471	-0.032516	0.0210998	0.032516	0.999248	0.0723276	0.111673	6.86293	
0.999718	-0.000435395	-0.0237485	-0.000433533	0.999331	-0.0365713	0.0237485	0.0365713	0.999049	0.0915694	0.141314	7.72028	
0.999651	-0.000537826	-0.0263995	-0.000535266	0.999174	-0.0406243	0.0263995	0.0406243	0.998826	0.113085	0.174434	8.57745	
0.999578	-0.00065113	-0.0290527	-0.000647717	0.999001	-0.0446748	0.0290527	0.0446748	0.998579	0.136876	0.211031	9.43442	
0.999497	-0.000775324	-0.031708	-0.000770887	0.998812	-0.0487228	0.0317081	0.0487227	0.998309	0.162945	0.251103	10.2912	
0.999409	-0.000910424	-0.0343654	-0.000904776	0.998606	-0.0527681	0.0343656	0.052768	0.998015	0.191293	0.294646	11.1477	
0.999314	-0.00105644	-0.0370248	-0.00104939	0.998384	-0.0568106	0.037025	0.0568105	0.997698	0.221923	0.34166	12.0039	
0.999211	-0.0012134	-0.0396862	-0.00120471	0.998146	-0.0608503	0.0396864	0.0608501	0.997358	0.254835	0.392141	12.8599	
0.999102	-0.00138131	-0.0423494	-0.00137076	0.997892	-0.064887	0.0423498	0.0648867	0.996994	0.290032	0.446087	13.7155	
0.998985	-0.00156018	-0.0450145	-0.00154752	0.997621	-0.0689206	0.0450149	0.0689203	0.996606	0.327515	0.503496	14.5709	
0.998861	-0.00175003	-0.0476812	-0.00173501	0.997334	-0.0729511	0.0476818	0.0729507	0.996195	0.367286	0.564365	15.4259	
0.99873	-0.00195088	-0.0503497	-0.0019332	0.997031	-0.0769783	0.0503504	0.0769778	0.995761	0.409346	0.62869	16.2805	
0.998591	-0.00216273	-0.0530198	-0.00214211	0.996712	-0.0810022	0.0530206	0.0810016	0.995303	0.453696	0.69647	17.1347	
0.998445	-0.00238561	-0.0556913	-0.00236173	0.996376	-0.0850226	0.0556924	0.0850219	0.994821	0.500339	0.767701	17.9886	
0.998292	-0.00261952	-0.0583644	-0.00259206	0.996025	-0.0890394	0.0583656	0.0890386	0.994317	0.549274	0.84238	18.842	
0.998131	-0.00286447	-0.0610389	-0.00283309	0.995657	-0.0930526	0.0610403	0.0930517	0.993788	0.600504	0.920504	19.695	
0.997963	-0.00312048	-0.0637147	-0.00308483	0.995274	-0.0970621	0.0637164	0.097061	0.993237	0.65403	1.00207	20.5475	
0.997788	-0.00338756	-0.0663917	-0.00334727	0.994874	-0.101068	0.0663938	0.101066	0.992662	0.709853	1.08708	21.3995	
0.997605	-0.00366573	-0.06907	-0.0036204	0.994458	-0.105069	0.0690724	0.105068	0.992063	0.767973	1.17552	22.2511	
0.997415	-0.00395498	-0.0717493	-0.00390422	0.994027	-0.109067	0.0717521	0.109065	0.991442	0.828393	1.26739	23.1021	
0.997217	-0.00425535	-0.0744298	-0.00419873	0.993579	-0.113061	0.074433	0.113058	0.990796	0.891112	1.36269	23.9525	
0.997012	-0.00456682	-0.0771112	-0.00450393	0.993116	-0.11705	0.0771149	0.117047	0.990128	0.956132	1.46141	24.8024	
0.996799	-0.00488942	-0.0797935	-0.0048198	0.992637	-0.121035	0.0797977	0.121032	0.989436	1.02345	1.56356	25.6517	
0.996579	-0.00522316	-0.0824767	-0.00514635	0.992141	-0.125015	0.0824815	0.125012	0.988721	1.09308	1.66912	26.5005	
0.996352	-0.00556804	-0.0851606	-0.00548356	0.991631	-0.128991	0.0851661	0.128988	0.987982	1.16501	1.7781	27.3485	
0.996117	-0.00592407	-0.0878453	-0.00583143	0.991104	-0.132963	0.0878515	0.132959	0.98722	1.23924	1.89048	28.196	
0.995874	-0.00629126	-0.0905306	-0.00618996	0.990561	-0.136929	0.0905376	0.136925	0.986435	1.31577	2.00627	29.0428	
0.995624	-0.00666963	-0.0932165	-0.00655914	0.990003	-0.140891	0.0932243	0.140886	0.985627	1.39462	2.12547	29.8889	
0.995366	-0.00705918	-0.0959028	-0.00693897	0.98943	-0.144848	0.0959116	0.144843	0.984795	1.47576	2.24806	30.7343	
0.9951	-0.00745991	-0.0985896	-0.00732942	0.98884	-0.1488	0.0985994	0.148794	0.98394	1.55922	2.37404	31.5789	
0.994827	-0.00787184	-0.101277	-0.00773051	0.988235	-0.152747	0.101288	0.15274	0.983062	1.64498	2.50341	32.4229	
0.994546	-0.00829497	-0.103964	-0.00814222	0.987614	-0.156689	0.103976	0.156681	0.982161	1.73304	2.63616	33.266	
0.994258	-0.00872931	-0.106652	-0.00856454	0.986978	-0.160625	0.106665	0.160617	0.981236	1.82342	2.7723	34.1084	
0.993962	-0.00917487	-0.10934	-0.00899746	0.986327	-0.164557	0.109354	0.164547	0.980289	1.9161	2.91181	34.95	
0.993658	-0.00963165	-0.112027	-0.00944098	0.985659	-0.168482	0.112044	0.168471	0.979318	2.01109	3.05468	35.7907	
0.993347	-0.0100997	-0.114715	-0.00989509	0.984977	-0.172402	0.114733	0.17239	0.978324	2.10838	3.20093	36.6306	
0.993028	-0.0105789	-0.117403	-0.0103598	0.984279	-0.176317	0.117423	0.176304	0.977307	2.20799	3.35053	37.4697	
0.992701	-0.0110694	-0.120091	-0.010835	0.983566	-0.180225	0.120112	0.180211	0.976267	2.3099	3.50349	38.3078	
0.992367	-0.0115711	-0.122778	-0.0113208	0.982837	-0.184128	0.122802	0.184113	0.975204	2.41412	3.6598	39.1451	
0.992024	-0.0120841	-0.125465	-0.0118172	0.982093	-0.188025	0.125491	0.188008	0.974118	2.52065	3.81946	39.9814	
0.991674	-0.0126083	-0.128152	-0.0123241	0.981334	-0.191916	0.12818	0.191898	0.973008	2.62948	3.98245	40.8168	
0.991317	-0.0131438	-0.130839	-0.0128415	0.98056	-0.195801	0.130869	0.195781	0.971876	2.74063	4.14878	41.6513	
0.990951	-0.0136905	-0.133524	-0.0133695	0.97977	-0.199679	0.133557	0.199658	0.970721	2.85407	4.31844	42.4847	
0.990578	-0.0142485	-0.13621	-0.0139079	0.978965	-0.203552	0.136245	0.203528	0.969543	2.96983	4.49142	43.3172	
0.990196	-0.0148178	-0.138894	-0.0144569	0.978146	-0.207418	0.138932	0.207392	0.968342	3.08789	4.66773	44.1486	
0.989807	-0.0153983	-0.141578	-0.0150163	0.977311	-0.211277	0.141619	0.211249	0.967118	3.20826	4.84734	44.979	
0.98941	-0.0159901	-0.144261	-0.0155862	0.976461	-0.21513	0.144306	0.2151	0.965872	3.33094	5.03026	45.8083	
0.989006	-0.0165932	-0.146944	-0.0161666	0.975596	-0.218976	0.146991	0.218944	0.964602	3.45591	5.21649	46.6366	
0.988593	-0.0172076	-0.149625	-0.0167574	0.974717	-0.222815	0.149676	0.222781	0.96331	3.5832	5.406	47.4637	
0.988173	-0.0178332	-0.152305	-0.0173587	0.973822	-0.226648	0.15236	0.226611	0.961995	3.71278	5.59881	48.2898	
0.987744	-0.0184701	-0.154985	-0.0179703	0.972913	-0.230474	0.155043	0.230434	0.960657	3.84467	5.7949	49.1147	
0.986925	-0.0196722	-0.159973	-0.0182758	0.972464	-0.232335	0.160139	0.232221	0.95939	3.9799	5.9934	49.9385	
0.986078	-0.0208856	-0.164964	-0.0185921	0.972011	-0.234199	0.165238	0.234005	0.958091	4.1195	6.19343	50.7611	
0.985204	-0.0221103	-0.169956	-0.0189193	0.971553	-0.236065	0.17034	0.235788	0.956759	4.26347	6.39499	51.5827	
0.984301	-0.0233461	-0.174948	-0.0192574	0.97109	-0.237935	0.175445	0.237569	0.955395	4.41183	6.59808	52.4031	
0.98337	-0.0245932	-0.179941	-0.0196063	0.970623	-0.239807	0.180552	0.239347	0.953999	4.56457	6.8027	53.2223	
0.982411	-0.0258512	-0.184933	-0.0199662	0.970151	-0.24168	0.18566	0.241122	0.95257	4.72169	7.00884	54.0403	
0.981424	-0.0271203	-0.189924	-0.020337	0.969674	-0.243555	0.19077	0.242894	0.95111	4.88319	7.2165	54.857	
0.980409	-0.0284002	-0.194914	-0.0207187	0.969192	-0.245432	0.195879	0.244662	0.949617	5.04908	7.42568	55.6725	
0.979366	-0.0296909	-0.199901	-0.0211113	0.968707	-0.247309	0.200989	0.246427	0.948092	5.21935	7.63638	56.4867	
0.978295	-0.0309923	-0.204887	-0.0215149	0.968216	-0.249187	0.206097	0.248187	0.946534	5.39401	7.84859	57.2996	
0.977196	-0.0323043	-0.209868	-0.0219293	0.967722	-0.251066	0.211205	0.249943	0.944945	5.57305	8.06231	58.1111	
0.976069	-0.0336268	-0.214847	-0.0223546	0.967223	-0.252944	0.21631	0.251694	0.943324	5.75647	8.27753	58.9213	
0.974914	-0.0349598	-0.219821	-0.0227907	0.966719	-0.254822	0.221414	0.25344	0.941671	5.94427	8.49425	59.73	
0.973731	-0.036303	-0.22479	-0.0232376	0.966212	-0.2567	0.226514	0.25518	0.939987	6.13645	8.71247	60.5373	
0.97252	-0.0376564	-0.229754	-0.0236953	0.9657	-0.258576	0.231611	0.256914	0.93827	6.33301	8.93218	61.3432	
0.971281	-0.0390199	-0.234712	-0.0241636	0.965185	-0.260451	0.236704	0.258643	0.936523	6.53393	9.15338	62.1475	
0.970015	-0.0403934	-0.239664	-0.0246427	0.964665	-0.262325	0.241792	0.260365	0.934744	6.73923	9.37605	62.9504	
0.968721	-0.0417767	-0.24461	-0.0251324	0.964141	-0.264196	0.246876	0.26208	0.932934	6.94889	9.6002	63.7517	
0.9674	-0.0431697	-0.249548	-0.0256326	0.963614	-0.266065	0.251954	0.263788	0.931094	7.16291	9.82582	64.5514	
0.966051	-0.0445724	-0.254478	-0.0261433	0.963083	-0.267932	0.257025	0.265489	0.929222	7.38128	10.0529	65.3496	
0.964675	-0.0459845	-0.259399	-0.0266645	0.962548	-0.269796	0.262091	0.267182	0.92732	7.604	10.2814	66.1461	
0.963271	-0.047406	-0.264312	-0.027196	0.96201	-0.271656	0.267149	0.268867	0.925387	7.83107	10.5114	66.941	
0.961841	-0.0488366	-0.269216	-0.0277377	0.961468	-0.273514	0.2722	0.270544	0.923425	8.06247	10.7429	67.7342	
0.960383	-0.0502764	-0.27411	-0.0282897	0.960923	-0.275367	0.277243	0.272212	0.921432	8.2982	10.9757	68.5258	
0.958899	-0.0517251	-0.278993	-0.0288517	0.960374	-0.277216	0.282277	0.273871	0.91941	8.53826	11.21	69.3156	
0.953997	-0.0562308	-0.294496	-0.0250026	0.963912	-0.265043	0.298772	0.260213	0.918164	8.78756	11.4392	70.104	
0.948818	-0.0605051	-0.309974	-0.0209359	0.967269	-0.252889	0.315129	0.246436	0.916495	9.05096	11.6566	70.8912	
0.943364	-0.064546	-0.32542	-0.0166534	0.970442	-0.240761	0.331341	0.232544	0.914405	9.32833	11.8621	71.6767	
0.937638	-0.0683516	-0.340827	-0.0121571	0.97343	-0.228663	0.347401	0.218546	0.911894	9.61955	12.0556	72.4603	
0.931642	-0.0719202	-0.356189	-0.00744914	0.976232	-0.216601	0.363301	0.204448	0.908963	9.92449	12.2371	73.2415	
0.925379	-0.0752501	-0.371497	-0.00253162	0.978847	-0.20458	0.379034	0.190255	0.905614	10.243	12.4064	74.0201	
0.918853	-0.0783397	-0.386746	0.00259319	0.981273	-0.192607	0.394592	0.175974	0.901848	10.5749	12.5636	74.7956	
0.912065	-0.0811878	-0.401927	0.00792292	0.983509	-0.180686	0.409969	0.161613	0.897668	10.9201	12.7084	75.5677	
0.90502	-0.0837928	-0.417035	0.0134551	0.985554	-0.168823	0.425157	0.147177	0.893074	11.2784	12.8409	76.336	
0.89772	-0.0861538	-0.432061	0.0191873	0.987408	-0.157024	0.440149	0.132674	0.888069	11.6497	12.961	77.1002	
0.890168	-0.0882695	-0.447	0.0251167	0.98907	-0.145294	0.454939	0.118109	0.882655	12.0337	13.0686	77.86	
0.882369	-0.090139	-0.461844	0.0312407	0.990538	-0.133639	0.46952	0.10349	0.876836	12.4304	13.1637	78.6149	
0.874326	-0.0917615	-0.476586	0.0375564	0.991812	-0.122063	0.483884	0.088824	0.870613	12.8395	13.2462	79.3647	
0.866042	-0.0931361	-0.49122	0.044061	0.992891	-0.110572	0.498026	0.0741167	0.863989	13.2608	13.3161	80.1089	
0.857521	-0.0942623	-0.505739	0.0507514	0.993775	-0.099172	0.511939	0.0593752	0.856968	13.6941	13.3734	80.8473	
0.848768	-0.0951395	-0.520136	0.0576246	0.994464	-0.0878673	0.525616	0.0446064	0.849552	14.1393	13.418	81.5795	
