1	0	0	0	1	0	0	0	1	0	0	0	
0.999998	-3.75669e-06	-0.00221338	-3.75669e-06	0.999994	-0.00339451	0.00221338	0.00339451	0.999992	0.000926156	0.00142038	0.836866	
0.99999	-1.50468e-05	-0.00443007	-1.50415e-05	0.999977	-0.00679173	0.00443007	0.00679173	0.999967	0.00370601	0.00568266	1.67372	
0.999978	-3.38986e-05	-0.00664999	-3.38777e-05	0.999948	-0.0101916	0.00664999	0.0101916	0.999926	0.00834229	0.0127891	2.51054	
0.999961	-6.03401e-05	-0.0088731	-6.02878e-05	0.999908	-0.0135939	0.0088731	0.0135939	0.999868	0.0148377	0.0227417	3.34733	
0.999938	-9.43988e-05	-0.0110993	-9.4294e-05	0.999856	-0.0169986	0.0110993	0.0169986	0.999794	0.0231949	0.0355427	4.18406	
0.999911	-0.000136102	-0.0133286	-0.000135918	0.999792	-0.0204057	0.0133286	0.0204057	0.999703	0.0334164	0.051194	5.02072	
0.999879	-0.000185475	-0.0155609	-0.000185181	0.999716	-0.0238149	0.0155609	0.0238149	0.999595	0.0455047	0.0696974	5.85729	
0.999842	-0.000242546	-0.0177961	-0.000242104	0.999629	-0.0272263	0.0177961	0.0272263	0.999471	0.0594625	0.0910549	6.69377	
0.999799	-0.000307339	-0.0200342	-0.000306708	0.99953	-0.0306397	0.0200342	0.0306397	0.99933	0.075292	0.115268	7.53014	
0.999752	-0.00037988	-0.0222751	-0.000379012	0.99942	-0.034055	0.0222751	0.034055	0.999172	0.0929956	0.142339	8.36638	
0.999699	-0.000460194	-0.0245187	-0.000459035	0.999298	-0.0374721	0.0245187	0.0374721	0.998997	0.112576	0.172268	9.20249	
0.999642	-0.000548305	-0.026765	-0.000546796	0.999163	-0.040891	0.026765	0.0408909	0.998805	0.134035	0.205058	10.0384	
0.999579	-0.000644237	-0.0290139	-0.000642315	0.999018	-0.0443114	0.029014	0.0443114	0.998596	0.157375	0.240709	10.8742	
0.999511	-0.000748013	-0.0312654	-0.000745609	0.99886	-0.0477334	0.0312655	0.0477333	0.998371	0.182598	0.279224	11.7098	
0.999438	-0.000859657	-0.0335194	-0.000856696	0.99869	-0.0511568	0.0335195	0.0511567	0.998128	0.209706	0.320603	12.5452	
0.999359	-0.000979191	-0.0357758	-0.000975592	0.998509	-0.0545815	0.0357759	0.0545814	0.997868	0.238702	0.364848	13.3804	
0.999276	-0.00110664	-0.0380346	-0.00110231	0.998316	-0.0580074	0.0380348	0.0580073	0.997591	0.269587	0.411959	14.2154	
0.999187	-0.00124202	-0.0402957	-0.00123688	0.99811	-0.0614345	0.0402959	0.0614344	0.997297	0.302363	0.461937	15.0501	
0.999093	-0.00138535	-0.0425591	-0.00137931	0.997893	-0.0648626	0.0425592	0.0648624	0.996986	0.337032	0.514784	15.8846	
0.998994	-0.00153666	-0.0448246	-0.0015296	0.997664	-0.0682916	0.0448248	0.0682914	0.996658	0.373597	0.570501	16.7188	
0.998889	-0.00169597	-0.0470922	-0.00168779	0.997423	-0.0717214	0.0470925	0.0717212	0.996312	0.412058	0.629087	17.5527	
0.998779	-0.0018633	-0.0493619	-0.00185388	0.99717	-0.075152	0.0493622	0.0751518	0.99595	0.452418	0.690544	18.3864	
0.998664	-0.00203866	-0.0516335	-0.00202789	0.996905	-0.0785832	0.051634	0.0785829	0.99557	0.494679	0.754872	19.2197	
0.998543	-0.00222207	-0.0539071	-0.00220983	0.996629	-0.082015	0.0539076	0.0820146	0.995172	0.538841	0.822071	20.0527	
0.998418	-0.00241356	-0.0561826	-0.00239971	0.99634	-0.0854471	0.0561832	0.0854468	0.994757	0.584907	0.892143	20.8853	
0.998286	-0.00261315	-0.0584598	-0.00259755	0.996039	-0.0888797	0.0584605	0.0888792	0.994325	0.632878	0.965087	21.7176	
0.99815	-0.00282084	-0.0607388	-0.00280336	0.995726	-0.0923125	0.0607396	0.0923119	0.993876	0.682755	1.0409	22.5496	
0.998008	-0.00303666	-0.0630195	-0.00301715	0.995401	-0.0957454	0.0630204	0.0957448	0.993409	0.734541	1.11959	23.3811	
0.99786	-0.00326062	-0.0653018	-0.00323893	0.995064	-0.0991784	0.0653028	0.0991777	0.992925	0.788236	1.20116	24.2123	
0.997707	-0.00349274	-0.0675856	-0.00346871	0.994715	-0.102611	0.0675868	0.10261	0.992423	0.843841	1.28559	25.043	
0.997549	-0.00373304	-0.0698709	-0.00370651	0.994355	-0.106044	0.0698723	0.106043	0.991904	0.901359	1.3729	25.8733	
0.997385	-0.00398154	-0.0721576	-0.00395233	0.993982	-0.109477	0.0721592	0.109476	0.991367	0.96079	1.46308	26.7032	
0.997216	-0.00423824	-0.0744456	-0.00420618	0.993596	-0.112909	0.0744474	0.112908	0.990813	1.02214	1.55613	27.5326	
0.997041	-0.00450316	-0.076735	-0.00446808	0.993199	-0.116341	0.076737	0.116339	0.990241	1.0854	1.65206	28.3616	
0.996861	-0.00477632	-0.0790255	-0.00473803	0.99279	-0.119772	0.0790278	0.11977	0.989651	1.15057	1.75085	29.19	
0.996675	-0.00505773	-0.0813173	-0.00501604	0.992369	-0.123203	0.0813198	0.123201	0.989044	1.21767	1.85252	30.018	
0.996484	-0.0053474	-0.0836101	-0.00530211	0.991936	-0.126632	0.083613	0.126631	0.98842	1.28668	1.95706	30.8454	
0.996287	-0.00564535	-0.0859039	-0.00559626	0.99149	-0.130062	0.0859072	0.130059	0.987778	1.35762	2.06447	31.6723	
0.996085	-0.00595159	-0.0881988	-0.0058985	0.991033	-0.13349	0.0882023	0.133487	0.987118	1.43047	2.17474	32.4987	
0.995877	-0.00626613	-0.0904945	-0.00620882	0.990563	-0.136917	0.0904984	0.136914	0.98644	1.50524	2.28789	33.3245	
0.995664	-0.00658899	-0.0927911	-0.00652723	0.990081	-0.140343	0.0927954	0.14034	0.985745	1.58194	2.4039	34.1497	
0.995445	-0.00692017	-0.0950884	-0.00685375	0.989588	-0.143768	0.0950932	0.143765	0.985032	1.66056	2.52278	34.9744	
0.99522	-0.00725969	-0.0973865	-0.00718838	0.989082	-0.147191	0.0973917	0.147188	0.984302	1.7411	2.64453	35.7984	
0.99499	-0.00760755	-0.0996852	-0.00753111	0.988564	-0.150614	0.099691	0.15061	0.983554	1.82357	2.76914	36.6218	
0.994754	-0.00796378	-0.101984	-0.00788196	0.988034	-0.154034	0.101991	0.15403	0.982788	1.90796	2.89661	37.4446	
0.994513	-0.00832836	-0.104284	-0.00824093	0.987492	-0.157453	0.104291	0.157449	0.982005	1.99427	3.02694	38.2667	
0.994266	-0.00870133	-0.106584	-0.00860803	0.986938	-0.160871	0.106592	0.160866	0.981204	2.08252	3.16014	39.0882	
0.994013	-0.00908268	-0.108885	-0.00898325	0.986372	-0.164287	0.108893	0.164281	0.980385	2.17268	3.29619	39.909	
0.993754	-0.00947242	-0.111186	-0.0093666	0.985794	-0.1677	0.111195	0.167694	0.979548	2.26477	3.4351	40.7291	
0.99349	-0.00987056	-0.113487	-0.00975809	0.985203	-0.171112	0.113497	0.171106	0.978694	2.35879	3.57686	41.5485	
0.993221	-0.0102771	-0.115789	-0.0101577	0.984601	-0.174522	0.115799	0.174515	0.977822	2.45474	3.72148	42.3672	
0.992945	-0.0106921	-0.11809	-0.0105655	0.983986	-0.17793	0.118102	0.177922	0.976932	2.55261	3.86896	43.1851	
0.992664	-0.0111155	-0.120392	-0.0109814	0.98336	-0.181335	0.120404	0.181327	0.976024	2.65241	4.01928	44.0023	
0.992377	-0.0115473	-0.122694	-0.0114054	0.982722	-0.184738	0.122707	0.18473	0.975099	2.75414	4.17245	44.8187	
0.992085	-0.0119875	-0.124995	-0.0118376	0.982071	-0.188139	0.125009	0.18813	0.974156	2.85779	4.32847	45.6344	
0.991787	-0.0124362	-0.127297	-0.0122779	0.981409	-0.191537	0.127312	0.191527	0.973195	2.96337	4.48733	46.4492	
0.991483	-0.0128934	-0.129598	-0.0127263	0.980734	-0.194933	0.129614	0.194922	0.972217	3.07088	4.64903	47.2632	
0.99081	-0.013898	-0.134544	-0.0133765	0.979763	-0.199714	0.134597	0.199678	0.970573	3.18143	4.81415	48.0762	
0.990112	-0.0149269	-0.139482	-0.0140519	0.978768	-0.204491	0.139573	0.204429	0.96888	3.29616	4.98324	48.8877	
0.989389	-0.01598	-0.144411	-0.0147524	0.977748	-0.209264	0.144542	0.209174	0.967137	3.41504	5.15631	49.6978	
0.98864	-0.0170572	-0.149332	-0.0154779	0.976704	-0.214033	0.149504	0.213913	0.965344	3.53808	5.33334	50.5064	
0.987866	-0.0181585	-0.154243	-0.0162286	0.975636	-0.218797	0.154458	0.218645	0.963503	3.66527	5.51434	51.3135	
0.987067	-0.0192839	-0.159144	-0.0170044	0.974543	-0.223555	0.159404	0.22337	0.961611	3.7966	5.69929	52.1191	
0.986243	-0.0204334	-0.164036	-0.0178052	0.973426	-0.228307	0.164342	0.228087	0.959671	3.93207	5.8882	52.923	
0.985393	-0.0216069	-0.168918	-0.018631	0.972286	-0.233053	0.169272	0.232796	0.957681	4.07166	6.08105	53.7253	
0.984519	-0.0228044	-0.17379	-0.0194817	0.971121	-0.237792	0.174194	0.237497	0.955642	4.21538	6.27784	54.5259	
0.983619	-0.0240258	-0.178651	-0.0203574	0.969932	-0.242525	0.179106	0.242189	0.953554	4.36321	6.47856	55.3248	
0.982694	-0.0252711	-0.183502	-0.021258	0.968719	-0.247249	0.18401	0.246872	0.951417	4.51515	6.6832	56.1219	
0.981745	-0.0265402	-0.188342	-0.0221835	0.967482	-0.251966	0.188904	0.251545	0.949232	4.6712	6.89175	56.9172	
0.98077	-0.0278332	-0.19317	-0.0231337	0.966221	-0.256675	0.193789	0.256208	0.946997	4.83133	7.10421	57.7106	
0.979771	-0.0291499	-0.197988	-0.0241087	0.964936	-0.261374	0.198664	0.26086	0.944714	4.99555	7.32057	58.5022	
0.978747	-0.0304904	-0.202793	-0.0251084	0.963628	-0.266065	0.20353	0.265502	0.942382	5.16384	7.54082	59.2918	
0.977698	-0.0318545	-0.207587	-0.0261328	0.962296	-0.270746	0.208385	0.270133	0.940002	5.3362	7.76495	60.0795	
0.976624	-0.0332422	-0.212369	-0.0271816	0.960941	-0.275417	0.21323	0.274751	0.937574	5.51262	7.99295	60.8651	
0.975525	-0.0346535	-0.217139	-0.028255	0.959561	-0.280078	0.218064	0.279358	0.935098	5.69308	8.22481	61.6487	
0.974402	-0.0360883	-0.221896	-0.0293529	0.958159	-0.284728	0.222887	0.283952	0.932573	5.87759	8.46052	62.4302	
0.973255	-0.0375465	-0.22664	-0.030475	0.956733	-0.289366	0.227699	0.288534	0.930001	6.06614	8.70007	63.2096	
0.972082	-0.0390281	-0.231371	-0.0316215	0.955284	-0.293993	0.232499	0.293102	0.927381	6.2587	8.94345	63.9868	
0.970886	-0.0405331	-0.236089	-0.0327921	0.953812	-0.298609	0.237289	0.297657	0.924713	6.45528	9.19064	64.7618	
0.969664	-0.0420612	-0.240794	-0.0339869	0.952317	-0.303211	0.242066	0.302197	0.921998	6.65585	9.44164	65.5345	
0.968419	-0.0436126	-0.245485	-0.0352057	0.950799	-0.307802	0.246831	0.306723	0.919236	6.86043	9.69644	66.3049	
0.967149	-0.0451872	-0.250162	-0.0364484	0.949258	-0.312378	0.251584	0.311235	0.916427	7.06898	9.95501	67.073	
0.965855	-0.0467847	-0.254825	-0.037715	0.947695	-0.316942	0.256325	0.315731	0.913571	7.28151	10.2174	67.8388	
0.964536	-0.0484053	-0.259474	-0.0390053	0.946109	-0.321492	0.261053	0.320211	0.910668	7.498	10.4835	68.6021	
0.963194	-0.0500488	-0.264108	-0.0403193	0.9445	-0.326027	0.265768	0.324676	0.907719	7.71844	10.7533	69.363	
0.961827	-0.0517152	-0.268728	-0.0416568	0.94287	-0.330547	0.27047	0.329124	0.904723	7.94282	11.0269	70.1214	
0.956712	-0.0578255	-0.285233	-0.0444723	0.939506	-0.339633	0.287617	0.337616	0.896265	8.17635	11.3059	70.875	
0.951285	-0.0640901	-0.301579	-0.0474601	0.936057	-0.348632	0.304639	0.345961	0.887415	8.42418	11.5919	71.6214	
0.945546	-0.0705062	-0.31776	-0.0506191	0.932525	-0.357539	0.321528	0.354154	0.878177	8.6862	11.8849	72.3602	
0.939499	-0.0770711	-0.333768	-0.0539477	0.928912	-0.366351	0.338276	0.362193	0.868554	8.9623	12.1846	73.0911	
0.933147	-0.0837819	-0.349596	-0.0574446	0.925217	-0.375064	0.354875	0.370072	0.858551	9.25234	12.491	73.8138	
0.926492	-0.0906356	-0.365237	-0.0611081	0.921444	-0.383674	0.37132	0.37779	0.848172	9.55622	12.804	74.528	
0.919537	-0.0976293	-0.380684	-0.0649368	0.917595	-0.392178	0.387602	0.385342	0.837422	9.87379	13.1233	75.2333	
0.912285	-0.10476	-0.395931	-0.0689289	0.913669	-0.400571	0.403714	0.392726	0.826306	10.2049	13.4489	75.9295	
0.904739	-0.112024	-0.410971	-0.0730827	0.90967	-0.408851	0.41965	0.399938	0.814827	10.5495	13.7806	76.6162	
0.896903	-0.119419	-0.425798	-0.0773963	0.9056	-0.417012	0.435401	0.406975	0.802993	10.9072	14.1182	77.2932	
0.88878	-0.126941	-0.440404	-0.0818679	0.901459	-0.425053	0.450963	0.413833	0.790806	11.2781	14.4617	77.9601	
0.880374	-0.134588	-0.454784	-0.0864955	0.89725	-0.432969	0.466327	0.420511	0.778274	11.662	14.8108	78.6167	
0.871688	-0.142355	-0.468931	-0.0912772	0.892974	-0.440756	0.481486	0.427004	0.765401	12.0586	15.1655	79.2627	
