1	0	0	0	1	0	0	0	1	0	0	0	
1	-1.13732e-06	0.000479844	-1.13732e-06	0.999989	0.00474036	-0.000479844	-0.00474036	0.999989	-0.000203328	-0.00200867	0.847472	
1	-4.5657e-06	0.000961983	-4.55485e-06	0.999955	0.00948078	-0.000961983	-0.00948078	0.999955	-0.000814286	-0.00803471	1.69492	
0.999999	-1.0307e-05	0.00144641	-1.02636e-05	0.999899	0.0142211	-0.00144641	-0.0142211	0.999898	-0.00183481	-0.0180781	2.54234	
0.999998	-1.8383e-05	0.0019331	-1.82745e-05	0.99982	0.0189613	-0.0019331	-0.0189613	0.999818	-0.00326684	-0.0321388	3.38969	
0.999997	-2.88155e-05	0.00242205	-2.85984e-05	0.999719	0.0237013	-0.00242206	-0.0237013	0.999716	-0.00511229	-0.0502166	4.23697	
0.999996	-4.16261e-05	0.00291326	-4.12463e-05	0.999595	0.0284408	-0.00291326	-0.0284408	0.999591	-0.00737306	-0.0723111	5.08416	
0.999994	-5.68364e-05	0.0034067	-5.62287e-05	0.999449	0.0331798	-0.00340671	-0.0331798	0.999444	-0.0100511	-0.0984221	5.93122	
0.999992	-7.4468e-05	0.00390236	-7.35564e-05	0.999281	0.0379182	-0.00390238	-0.0379182	0.999273	-0.0131482	-0.128549	6.77816	
0.99999	-9.45424e-05	0.00440023	-9.32402e-05	0.99909	0.0426558	-0.00440026	-0.0426558	0.99908	-0.0166664	-0.162691	7.62493	
0.999988	-0.000117081	0.00490031	-0.00011529	0.998876	0.0473926	-0.00490035	-0.0473926	0.998864	-0.0206074	-0.200848	8.47154	
0.999985	-0.000142105	0.00540257	-0.000139718	0.99864	0.0521285	-0.00540263	-0.0521285	0.998626	-0.0249732	-0.243019	9.31795	
0.999983	-0.000169636	0.005907	-0.000166532	0.998382	0.0568632	-0.00590709	-0.0568632	0.998365	-0.0297655	-0.289203	10.1642	
0.999979	-0.000199695	0.0064136	-0.000195745	0.998101	0.0615968	-0.00641372	-0.0615968	0.998081	-0.0349863	-0.339399	11.0101	
0.999976	-0.000232304	0.00692234	-0.000227366	0.997798	0.0663291	-0.00692251	-0.066329	0.997774	-0.0406374	-0.393606	11.8558	
0.999972	-0.000267482	0.00743322	-0.000261405	0.997472	0.0710599	-0.00743344	-0.0710599	0.997444	-0.0467205	-0.451823	12.7013	
0.999968	-0.000305252	0.00794622	-0.000297873	0.997124	0.0757892	-0.0079465	-0.0757892	0.997092	-0.0532376	-0.514049	13.5465	
0.999964	-0.000345634	0.00846133	-0.00033678	0.996753	0.0805169	-0.00846168	-0.0805169	0.996717	-0.0601904	-0.580282	14.3913	
0.99996	-0.00038865	0.00897853	-0.000378135	0.99636	0.0852428	-0.00897898	-0.0852428	0.99632	-0.0675807	-0.65052	15.2358	
0.999955	-0.000434319	0.00949781	-0.00042195	0.995945	0.0899668	-0.00949837	-0.0899668	0.995899	-0.0754102	-0.724763	16.08	
0.99995	-0.000482662	0.0100192	-0.000468233	0.995507	0.0946889	-0.0100198	-0.0946888	0.995456	-0.0836808	-0.803009	16.9238	
0.999944	-0.000533701	0.0105426	-0.000516994	0.995047	0.0994089	-0.0105434	-0.0994088	0.994991	-0.0923942	-0.885255	17.7673	
0.999939	-0.000587456	0.011068	-0.000568244	0.994564	0.104127	-0.011069	-0.104126	0.994502	-0.101552	-0.971501	18.6103	
0.999933	-0.000643947	0.0115954	-0.000621993	0.994059	0.108842	-0.0115966	-0.108842	0.993991	-0.111157	-1.06174	19.4529	
0.999926	-0.000703194	0.0121249	-0.000678249	0.993531	0.113555	-0.0121263	-0.113555	0.993458	-0.121209	-1.15598	20.295	
0.99992	-0.000765218	0.0126564	-0.000737022	0.992982	0.118265	-0.012658	-0.118265	0.992901	-0.131711	-1.25421	21.1367	
0.999913	-0.00083004	0.0131898	-0.000798322	0.99241	0.122973	-0.0131918	-0.122973	0.992322	-0.142664	-1.35643	21.9779	
0.999905	-0.000897679	0.0137252	-0.000862159	0.991815	0.127678	-0.0137275	-0.127678	0.991721	-0.154071	-1.46265	22.8187	
0.999898	-0.000968155	0.0142625	-0.000928542	0.991199	0.13238	-0.0142652	-0.13238	0.991096	-0.165933	-1.57284	23.6589	
0.99989	-0.00104149	0.0148018	-0.00099748	0.99056	0.137079	-0.0148049	-0.137079	0.990449	-0.178251	-1.68702	24.4985	
0.999882	-0.0011177	0.015343	-0.00106898	0.989898	0.141775	-0.0153465	-0.141775	0.98978	-0.191027	-1.80518	25.3376	
0.999873	-0.00119681	0.0158861	-0.00114306	0.989215	0.146468	-0.0158901	-0.146468	0.989088	-0.204263	-1.92732	26.1761	
0.999864	-0.00127883	0.0164311	-0.00121972	0.988509	0.151158	-0.0164356	-0.151157	0.988373	-0.217961	-2.05344	27.0141	
0.999855	-0.00136379	0.016978	-0.00129897	0.987781	0.155844	-0.016983	-0.155843	0.987636	-0.232122	-2.18353	27.8514	
0.999845	-0.00145171	0.0175267	-0.00138082	0.987031	0.160526	-0.0175324	-0.160525	0.986876	-0.246747	-2.31758	28.688	
0.999835	-0.0015426	0.0180772	-0.00146528	0.986258	0.165205	-0.0180836	-0.165204	0.986094	-0.261839	-2.45561	29.5241	
0.999825	-0.00163649	0.0186296	-0.00155236	0.985464	0.16988	-0.0186368	-0.169879	0.985289	-0.277399	-2.59759	30.3594	
0.999814	-0.00173339	0.0191837	-0.00164207	0.984647	0.174551	-0.0191918	-0.17455	0.984461	-0.293428	-2.74354	31.1941	
0.999803	-0.00183332	0.0197397	-0.00173441	0.983808	0.179218	-0.0197486	-0.179217	0.983611	-0.309929	-2.89345	32.028	
0.999792	-0.00193631	0.0202974	-0.0018294	0.982947	0.183881	-0.0203073	-0.18388	0.982739	-0.326902	-3.0473	32.8612	
0.99978	-0.00204236	0.0208569	-0.00192704	0.982064	0.18854	-0.0208678	-0.188538	0.981844	-0.344349	-3.20511	33.6937	
0.999768	-0.00215151	0.0214181	-0.00202734	0.981158	0.193194	-0.0214302	-0.193193	0.980927	-0.362273	-3.36687	34.5254	
0.999756	-0.00226377	0.021981	-0.00213031	0.980231	0.197844	-0.0219943	-0.197843	0.979987	-0.380673	-3.53256	35.3563	
0.999743	-0.00237915	0.0225456	-0.00223597	0.979282	0.202489	-0.0225603	-0.202488	0.979025	-0.399553	-3.7022	36.1864	
0.99973	-0.00249768	0.0231119	-0.0023443	0.978311	0.20713	-0.023128	-0.207128	0.97804	-0.418913	-3.87577	37.0157	
0.999716	-0.00261937	0.0236799	-0.00245534	0.977317	0.211766	-0.0236975	-0.211764	0.977033	-0.438754	-4.05327	37.8442	
0.999702	-0.00274425	0.0242495	-0.00256907	0.976302	0.216397	-0.0242687	-0.216395	0.976004	-0.459079	-4.2347	38.6717	
0.999688	-0.00287233	0.0248208	-0.00268552	0.975265	0.221023	-0.0248417	-0.221021	0.974953	-0.479889	-4.42005	39.4984	
0.999673	-0.00300362	0.0253936	-0.00280469	0.974206	0.225644	-0.0254164	-0.225641	0.973879	-0.501186	-4.60931	40.3242	
0.999658	-0.00313816	0.0259681	-0.00292659	0.973125	0.23026	-0.0259928	-0.230257	0.972783	-0.52297	-4.8025	41.1491	
0.999642	-0.00327594	0.0265441	-0.00305122	0.972022	0.23487	-0.0265709	-0.234867	0.971664	-0.545243	-4.99959	41.973	
0.999626	-0.00341701	0.0271217	-0.00317859	0.970897	0.239475	-0.0271507	-0.239472	0.970524	-0.568007	-5.20058	42.796	
0.99961	-0.00356136	0.0277008	-0.00330872	0.969751	0.244074	-0.0277321	-0.244071	0.969361	-0.591263	-5.40548	43.618	
0.999593	-0.00370902	0.0282814	-0.0034416	0.968583	0.248668	-0.0283152	-0.248664	0.968176	-0.615012	-5.61427	44.439	
0.999576	-0.00386001	0.0288636	-0.00357725	0.967393	0.253256	-0.0289	-0.253252	0.966969	-0.639256	-5.82695	45.259	
0.999558	-0.00401434	0.0294472	-0.00371567	0.966181	0.257838	-0.0294864	-0.257834	0.965739	-0.663997	-6.04352	46.078	
0.99954	-0.00417203	0.0300323	-0.00385687	0.964948	0.262414	-0.0300744	-0.262409	0.964488	-0.689235	-6.26396	46.8959	
0.999522	-0.0043331	0.0306188	-0.00400086	0.963693	0.266984	-0.0306639	-0.266979	0.963214	-0.714972	-6.48828	47.7127	
0.999449	-0.00494708	0.0328248	-0.00406821	0.963125	0.269023	-0.0329453	-0.269008	0.962574	-0.741926	-6.7154	48.5288	
0.999371	-0.00556784	0.0350369	-0.00414052	0.962552	0.271064	-0.0352341	-0.271039	0.961923	-0.770816	-6.94424	49.3442	
0.999287	-0.00619532	0.0372548	-0.00421781	0.961974	0.273107	-0.0375301	-0.273069	0.961262	-0.801649	-7.1748	50.1592	
0.999197	-0.00682947	0.0394781	-0.00430012	0.961391	0.275152	-0.039833	-0.2751	0.96059	-0.834431	-7.40708	50.9735	
0.999102	-0.00747025	0.0417065	-0.00438746	0.960803	0.277198	-0.0421425	-0.277132	0.959907	-0.869167	-7.64108	51.7873	
0.999001	-0.00811759	0.0439397	-0.00447986	0.960209	0.279246	-0.0444581	-0.279164	0.959214	-0.905863	-7.87681	52.6005	
0.998895	-0.00877144	0.0461774	-0.00457735	0.959611	0.281295	-0.0467797	-0.281195	0.95851	-0.944524	-8.11425	53.4131	
0.998783	-0.00943174	0.0484192	-0.00467994	0.959007	0.283345	-0.0491068	-0.283227	0.957795	-0.985154	-8.35342	54.2251	
0.998665	-0.0100984	0.0506649	-0.00478764	0.958398	0.285396	-0.0514392	-0.285258	0.95707	-1.02776	-8.59431	55.0365	
0.998541	-0.0107715	0.0529141	-0.00490048	0.957784	0.287448	-0.0537765	-0.287288	0.956333	-1.07234	-8.83691	55.8473	
0.998412	-0.0114507	0.0551664	-0.00501847	0.957165	0.289501	-0.0561184	-0.289318	0.955587	-1.11891	-9.08124	56.6575	
0.998276	-0.0121362	0.0574217	-0.00514162	0.956541	0.291554	-0.0584645	-0.291347	0.954829	-1.16746	-9.32729	57.467	
0.998135	-0.0128278	0.0596794	-0.00526994	0.955911	0.293608	-0.0608146	-0.293375	0.954061	-1.21801	-9.57506	58.2759	
0.997988	-0.0135254	0.0619394	-0.00540345	0.955277	0.295662	-0.0631683	-0.295401	0.953283	-1.27054	-9.82455	59.0841	
0.997836	-0.014229	0.0642014	-0.00554214	0.954639	0.297715	-0.0655253	-0.297427	0.952493	-1.32507	-10.0758	59.8916	
0.997677	-0.0149386	0.0664649	-0.00568603	0.953995	0.299769	-0.0678853	-0.299451	0.951694	-1.38161	-10.3287	60.6985	
0.997513	-0.0156539	0.0687297	-0.00583513	0.953346	0.301823	-0.0702479	-0.301473	0.950883	-1.44014	-10.5833	61.5047	
0.997342	-0.016375	0.0709954	-0.00598942	0.952693	0.303876	-0.0726128	-0.303493	0.950063	-1.50067	-10.8397	62.3102	
0.997166	-0.0171017	0.0732619	-0.00614892	0.952035	0.305928	-0.0749797	-0.305512	0.949232	-1.56321	-11.0977	63.115	
0.996984	-0.017834	0.0755286	-0.00631361	0.951372	0.30798	-0.0773483	-0.307528	0.94839	-1.62776	-11.3575	63.9191	
0.996796	-0.0185717	0.0777954	-0.00648351	0.950704	0.310031	-0.0797182	-0.309542	0.947538	-1.69432	-11.619	64.7225	
0.996603	-0.0193149	0.0800619	-0.0066586	0.950032	0.312081	-0.0820892	-0.311553	0.946676	-1.76288	-11.8821	65.5251	
0.996403	-0.0200634	0.0823278	-0.00683888	0.949356	0.314129	-0.0844608	-0.313562	0.945804	-1.83345	-12.147	66.327	
0.996198	-0.020817	0.0845928	-0.00702434	0.948675	0.316176	-0.0868329	-0.315568	0.944922	-1.90604	-12.4136	67.1282	
0.995987	-0.0215758	0.0868565	-0.00721497	0.947989	0.318222	-0.0892049	-0.317571	0.944029	-1.98063	-12.6819	67.9286	
0.99577	-0.0223396	0.0891188	-0.00741075	0.947299	0.320265	-0.0915767	-0.319571	0.943127	-2.05723	-12.9519	68.7283	
0.995548	-0.0231083	0.0913792	-0.00761168	0.946604	0.322307	-0.0939479	-0.321568	0.942214	-2.13585	-13.2236	69.5272	
0.994356	-0.0268436	0.102646	-0.00586172	0.952087	0.305771	-0.105936	-0.304647	0.946556	-2.22055	-13.4889	70.3276	
0.993021	-0.0303763	0.113961	-0.00390228	0.957272	0.289163	-0.117876	-0.28759	0.950472	-2.31539	-13.7399	71.1314	
0.991544	-0.0337047	0.125321	-0.00173422	0.962157	0.27249	-0.129763	-0.270403	0.953962	-2.42033	-13.9763	71.9384	
0.989925	-0.0368274	0.13672	0.000641464	0.96674	0.255759	-0.141592	-0.253095	0.957024	-2.53532	-14.1982	72.7482	
0.988166	-0.0397428	0.148153	0.00322372	0.971019	0.238979	-0.153357	-0.235673	0.959656	-2.6603	-14.4053	73.5604	
0.986266	-0.0424499	0.159615	0.00601138	0.974993	0.222156	-0.165054	-0.218146	0.961857	-2.79523	-14.5976	74.3747	
0.984228	-0.0449472	0.1711	0.00900319	0.978658	0.205299	-0.176676	-0.20052	0.963627	-2.94004	-14.775	75.1906	
0.982051	-0.0472337	0.182604	0.0121978	0.982014	0.188414	-0.18822	-0.182805	0.964964	-3.09466	-14.9374	76.0078	
0.979737	-0.0493084	0.194122	0.0155938	0.985059	0.17151	-0.199678	-0.165008	0.965868	-3.25904	-15.0848	76.826	
0.977287	-0.0511703	0.205647	0.0191897	0.987792	0.154594	-0.211047	-0.147136	0.966338	-3.43308	-15.2171	77.6448	
0.974702	-0.0528187	0.217176	0.0229838	0.990211	0.137673	-0.222322	-0.129199	0.966375	-3.61673	-15.3342	78.4638	
0.971983	-0.0542527	0.228702	0.0269744	0.992316	0.120755	-0.233496	-0.111203	0.965978	-3.80988	-15.4361	79.2827	
0.969132	-0.0554717	0.240221	0.0311598	0.994105	0.103849	-0.244566	-0.0931578	0.965147	-4.01246	-15.5227	80.101	
0.966149	-0.0564752	0.251728	0.0355381	0.995578	0.0869602	-0.255526	-0.0750705	0.963883	-4.22438	-15.5939	80.9184	
0.963036	-0.0572627	0.263217	0.0401073	0.996734	0.0700976	-0.266371	-0.0569496	0.962187	-4.44553	-15.6499	81.7346	
