1	0	0	0	1	0	0	0	1	0	0	0	
0.999998	1.73347e-06	0.00181413	1.73347e-06	0.999998	-0.00191108	-0.00181413	0.00191108	0.999997	-0.000973951	0.001026	1.07374	
0.999993	6.9493e-06	0.00363233	6.94893e-06	0.999993	-0.00382623	-0.00363233	0.00382623	0.999986	-0.00389799	0.00410618	2.14746	
0.999985	1.567e-05	0.0054545	1.56685e-05	0.999983	-0.00574536	-0.0054545	0.00574536	0.999969	-0.00877643	0.00924487	3.22118	
0.999973	2.79176e-05	0.00728055	2.79138e-05	0.999971	-0.00766836	-0.00728055	0.00766836	0.999944	-0.0156135	0.0164463	4.29487	
0.999958	4.37132e-05	0.00911036	4.37057e-05	0.999954	-0.00959512	-0.00911036	0.00959512	0.999912	-0.0244133	0.0257145	5.36853	
0.99994	6.30776e-05	0.0109439	6.30643e-05	0.999934	-0.0115256	-0.0109439	0.0115256	0.999874	-0.0351797	0.0370535	6.44215	
0.999918	8.60306e-05	0.0127809	8.60094e-05	0.999909	-0.0134595	-0.0127809	0.0134595	0.999828	-0.0479168	0.0504673	7.51573	
0.999893	0.000112592	0.0146215	0.00011256	0.999881	-0.015397	-0.0146215	0.015397	0.999775	-0.0626283	0.0659594	8.58926	
0.999864	0.000142779	0.0164654	0.000142734	0.99985	-0.0173377	-0.0164654	0.0173377	0.999714	-0.0793179	0.0835337	9.66272	
0.999832	0.000176612	0.0183126	0.000176549	0.999814	-0.0192818	-0.0183126	0.0192817	0.999646	-0.0979891	0.103194	10.7361	
0.999797	0.000214106	0.0201629	0.000214022	0.999775	-0.0212289	-0.0201629	0.0212289	0.999571	-0.118645	0.124942	11.8094	
0.999758	0.00025528	0.0220164	0.00025517	0.999731	-0.0231791	-0.0220164	0.0231791	0.999489	-0.14129	0.148784	12.8827	
0.999715	0.000300148	0.0238728	0.000300008	0.999684	-0.0251322	-0.0238728	0.0251322	0.999399	-0.165927	0.174721	13.9558	
0.999669	0.000348726	0.0257321	0.000348551	0.999633	-0.0270881	-0.0257321	0.0270881	0.999302	-0.192558	0.202756	15.0288	
0.999619	0.000401029	0.0275942	0.000400813	0.999578	-0.0290467	-0.0275942	0.0290467	0.999197	-0.221187	0.232893	16.1018	
0.999566	0.00045707	0.0294589	0.000456808	0.999519	-0.0310079	-0.0294589	0.0310079	0.999085	-0.251817	0.265134	17.1746	
0.999509	0.000516864	0.0313263	0.000516549	0.999456	-0.0329716	-0.0313263	0.0329716	0.998965	-0.284451	0.299483	18.2473	
0.999449	0.000580423	0.0331961	0.000580048	0.999389	-0.0349377	-0.0331961	0.0349377	0.998838	-0.319091	0.335941	19.3198	
0.999385	0.000647758	0.0350683	0.000647316	0.999319	-0.0369061	-0.0350683	0.0369061	0.998703	-0.35574	0.374512	20.3923	
0.999317	0.00071888	0.0369427	0.000718365	0.999244	-0.0388767	-0.0369427	0.0388767	0.998561	-0.394401	0.415198	21.4645	
0.999246	0.000793802	0.0388193	0.000793204	0.999165	-0.0408494	-0.0388193	0.0408493	0.998411	-0.435075	0.458	22.5366	
0.999171	0.000872532	0.040698	0.000871843	0.999082	-0.042824	-0.040698	0.0428239	0.998253	-0.477765	0.502922	23.6086	
0.999093	0.000955079	0.0425787	0.00095429	0.998996	-0.0448004	-0.0425787	0.0448004	0.998088	-0.522474	0.549965	24.6804	
0.999011	0.00104145	0.0444612	0.00104055	0.998905	-0.0467786	-0.0444613	0.0467786	0.997915	-0.569203	0.59913	25.752	
0.998925	0.00113166	0.0463455	0.00113064	0.99881	-0.0487585	-0.0463456	0.0487585	0.997735	-0.617954	0.650421	26.8234	
0.998835	0.00122571	0.0482315	0.00122456	0.998711	-0.0507399	-0.0482315	0.0507399	0.997547	-0.66873	0.703839	27.8946	
0.998742	0.0013236	0.0501191	0.00132232	0.998608	-0.0527227	-0.0501191	0.0527227	0.997351	-0.721531	0.759385	28.9656	
0.998646	0.00142535	0.0520081	0.00142392	0.998501	-0.0547069	-0.0520081	0.0547068	0.997147	-0.77636	0.81706	30.0363	
0.998545	0.00153095	0.0538984	0.00152936	0.998391	-0.0566923	-0.0538985	0.0566922	0.996936	-0.833218	0.876867	31.1069	
0.998441	0.00164042	0.0557901	0.00163865	0.998276	-0.0586787	-0.0557901	0.0586787	0.996717	-0.892107	0.938806	32.1772	
0.998333	0.00175375	0.0576829	0.0017518	0.998157	-0.0606662	-0.0576829	0.0606662	0.99649	-0.953027	1.00288	33.2473	
0.998222	0.00187095	0.0595767	0.0018688	0.998034	-0.0626546	-0.0595768	0.0626546	0.996255	-1.01598	1.06909	34.3172	
0.998107	0.00199202	0.0614715	0.00198967	0.997906	-0.0646438	-0.0614716	0.0646437	0.996013	-1.08097	1.13743	35.3868	
0.997988	0.00211697	0.0633672	0.00211438	0.997775	-0.0666337	-0.0633673	0.0666336	0.995763	-1.14799	1.20791	36.4561	
0.997866	0.00224578	0.0652636	0.00224296	0.99764	-0.0686241	-0.0652637	0.068624	0.995506	-1.21705	1.28052	37.5251	
0.997739	0.00237847	0.0671607	0.0023754	0.997501	-0.0706151	-0.0671608	0.0706149	0.99524	-1.28814	1.35528	38.5939	
0.997609	0.00251503	0.0690583	0.00251169	0.997358	-0.0726063	-0.0690585	0.0726062	0.994967	-1.36127	1.43217	39.6624	
0.997476	0.00265546	0.0709564	0.00265184	0.99721	-0.0745979	-0.0709566	0.0745978	0.994686	-1.43644	1.5112	40.7306	
0.997339	0.00279976	0.0728549	0.00279584	0.997059	-0.0765896	-0.072855	0.0765894	0.994397	-1.51365	1.59236	41.7984	
0.997198	0.00294792	0.0747536	0.00294369	0.996903	-0.0785813	-0.0747537	0.0785812	0.994101	-1.5929	1.67567	42.866	
0.997053	0.00309995	0.0766524	0.00309539	0.996744	-0.080573	-0.0766526	0.0805729	0.993797	-1.67418	1.76112	43.9332	
0.996905	0.00325583	0.0785513	0.00325092	0.99658	-0.0825646	-0.0785515	0.0825644	0.993485	-1.75751	1.8487	45.0002	
0.996753	0.00341556	0.0804502	0.0034103	0.996413	-0.0845558	-0.0804504	0.0845556	0.993166	-1.84287	1.93842	46.0667	
0.996597	0.00357914	0.0823489	0.0035735	0.996241	-0.0865467	-0.0823491	0.0865465	0.992839	-1.93027	2.03028	47.133	
0.996438	0.00374656	0.0842473	0.00374052	0.996066	-0.0885371	-0.0842476	0.0885369	0.992504	-2.01971	2.12428	48.1988	
0.996275	0.00391781	0.0861454	0.00391135	0.995886	-0.090527	-0.0861457	0.0905267	0.992161	-2.11119	2.22041	49.2643	
0.996108	0.00409289	0.088043	0.004086	0.995703	-0.0925161	-0.0880434	0.0925158	0.991811	-2.20471	2.31868	50.3295	
0.995938	0.00427178	0.0899401	0.00426444	0.995515	-0.0945044	-0.0899405	0.0945041	0.991453	-2.30026	2.41908	51.3942	
0.995764	0.00445448	0.0918365	0.00444666	0.995324	-0.0964919	-0.0918369	0.0964915	0.991088	-2.39785	2.52162	52.4586	
0.995587	0.00464098	0.0937322	0.00463267	0.995128	-0.0984783	-0.0937326	0.0984779	0.990715	-2.49748	2.6263	53.5225	
0.995406	0.00483126	0.095627	0.00482244	0.994929	-0.100464	-0.0956275	0.100463	0.990335	-2.59914	2.7331	54.5861	
0.995221	0.00502532	0.0975209	0.00501596	0.994726	-0.102448	-0.0975214	0.102447	0.989947	-2.70284	2.84204	55.6493	
0.995032	0.00522314	0.0994137	0.00521322	0.994519	-0.104431	-0.0994142	0.10443	0.989551	-2.80857	2.95311	56.712	
0.994841	0.0054247	0.101305	0.00541421	0.994307	-0.106412	-0.101306	0.106411	0.989148	-2.91633	3.0663	57.7743	
0.994645	0.00563001	0.103196	0.00561892	0.994092	-0.108392	-0.103196	0.108391	0.988738	-3.02612	3.18162	58.8362	
0.994446	0.00583903	0.105085	0.00582732	0.993873	-0.11037	-0.105086	0.110369	0.98832	-3.13794	3.29907	59.8976	
0.994244	0.00605176	0.106972	0.00603941	0.993651	-0.112347	-0.106973	0.112346	0.987894	-3.25179	3.41864	60.9586	
0.994037	0.00626818	0.108859	0.00625517	0.993424	-0.114321	-0.108859	0.11432	0.987462	-3.36766	3.54033	62.0191	
0.993828	0.00648827	0.110743	0.00647457	0.993194	-0.116294	-0.110744	0.116293	0.987022	-3.48556	3.66413	63.0791	
0.993615	0.00671202	0.112626	0.00669761	0.99296	-0.118265	-0.112626	0.118264	0.986574	-3.60548	3.79006	64.1387	
0.993398	0.00693941	0.114506	0.00692427	0.992722	-0.120233	-0.114507	0.120232	0.98612	-3.72742	3.9181	65.1977	
0.993178	0.00717042	0.116385	0.00715452	0.99248	-0.122199	-0.116386	0.122198	0.985658	-3.85138	4.04826	66.2563	
0.992955	0.00740503	0.118262	0.00738834	0.992234	-0.124163	-0.118263	0.124162	0.985189	-3.97735	4.18052	67.3144	
0.992728	0.00764322	0.120137	0.00762573	0.991985	-0.126125	-0.120138	0.126124	0.984713	-4.10534	4.31489	68.372	
0.992498	0.00788497	0.122009	0.00786664	0.991732	-0.128084	-0.12201	0.128083	0.98423	-4.23535	4.45137	69.4291	
0.992264	0.00813025	0.123879	0.00811108	0.991476	-0.13004	-0.123881	0.130039	0.98374	-4.36736	4.58994	70.4856	
0.991587	0.00883664	0.129143	0.00860405	0.990961	-0.133871	-0.129158	0.133856	0.982548	-4.50321	4.73162	71.5412	
0.988281	0.0121295	0.152165	0.0104321	0.989141	-0.146601	-0.152291	0.14647	0.977422	-4.65432	4.88213	72.5936	
0.984432	0.0157174	0.175059	0.0125599	0.987157	-0.15926	-0.175314	0.158979	0.971592	-4.83021	5.04612	73.64	
0.980045	0.0195979	0.197808	0.0149859	0.985011	-0.171838	-0.198211	0.171373	0.965061	-5.03076	5.22349	74.6798	
0.975121	0.0237681	0.220395	0.0177085	0.982705	-0.184327	-0.220965	0.183644	0.957836	-5.25581	5.4141	75.7122	
0.969664	0.028225	0.242805	0.0207256	0.980241	-0.196718	-0.24356	0.195783	0.94992	-5.50521	5.61781	76.7365	
0.963679	0.0329654	0.26502	0.024035	0.97762	-0.209002	-0.265979	0.207781	0.94132	-5.77879	5.83449	77.7519	
0.95717	0.037986	0.287025	0.0276344	0.974844	-0.221169	-0.288206	0.219628	0.932041	-6.07633	6.06396	78.7577	
0.95014	0.043283	0.308805	0.0315213	0.971915	-0.233212	-0.310226	0.231318	0.922091	-6.39763	6.30608	79.7532	
0.942596	0.0488527	0.330343	0.0356927	0.968835	-0.245121	-0.332023	0.242841	0.911476	-6.74245	6.56065	80.7376	
0.934543	0.054691	0.351624	0.0401457	0.965607	-0.256888	-0.35358	0.254189	0.900205	-7.11055	6.82751	81.7103	
0.925986	0.0607938	0.372632	0.044877	0.962233	-0.268504	-0.374882	0.265354	0.888285	-7.50166	7.10645	82.6705	
0.916932	0.0671566	0.393353	0.0498834	0.958714	-0.279961	-0.395914	0.276327	0.875725	-7.91551	7.39728	83.6176	
0.907387	0.0737749	0.413771	0.0551611	0.955055	-0.291252	-0.416661	0.287102	0.862535	-8.35178	7.69979	84.5509	
0.897358	0.0806439	0.433872	0.0607063	0.951257	-0.302366	-0.437108	0.297669	0.848722	-8.81017	8.01375	85.4697	
0.886853	0.0877586	0.453642	0.0665151	0.947323	-0.313297	-0.45724	0.308023	0.834298	-9.29034	8.33895	86.3733	
0.875878	0.095114	0.473066	0.0725833	0.943256	-0.324037	-0.477042	0.318154	0.819273	-9.79196	8.67514	87.2611	
0.864442	0.102705	0.492129	0.0789064	0.939059	-0.334578	-0.496501	0.328056	0.803658	-10.3147	9.02209	88.1325	
0.852554	0.110525	0.510819	0.0854801	0.934734	-0.344913	-0.515602	0.337721	0.787464	-10.8581	9.37955	88.9867	
0.840221	0.11857	0.529122	0.0922994	0.930286	-0.355033	-0.534331	0.347144	0.770702	-11.4218	9.74725	89.8233	
0.827452	0.126833	0.547025	0.0993595	0.925717	-0.364932	-0.552676	0.356316	0.753385	-12.0054	10.1249	90.6416	
0.814258	0.135309	0.564514	0.106655	0.921031	-0.374602	-0.570622	0.365231	0.735525	-12.6085	10.5123	91.441	
0.800646	0.143991	0.581578	0.114182	0.91623	-0.384037	-0.588157	0.373884	0.717135	-13.2306	10.9092	92.2209	
0.786628	0.152873	0.598203	0.121933	0.911319	-0.39323	-0.605268	0.382266	0.698228	-13.8714	11.3152	92.9808	
0.772212	0.161948	0.614379	0.129904	0.906301	-0.402174	-0.621943	0.390374	0.678819	-14.5303	11.73	93.7202	
0.75741	0.171211	0.630092	0.138088	0.901179	-0.410863	-0.63817	0.3982	0.65892	-15.2068	12.1534	94.4384	
0.742233	0.180655	0.645333	0.14648	0.895957	-0.41929	-0.653937	0.405739	0.638546	-15.9006	12.585	95.135	
0.72669	0.190272	0.660089	0.155074	0.89064	-0.427449	-0.669233	0.412986	0.617713	-16.611	13.0246	95.8095	
0.710794	0.200056	0.674351	0.163864	0.88523	-0.435335	-0.684047	0.419935	0.596434	-17.3376	13.4718	96.4614	
0.694555	0.209999	0.688108	0.172843	0.879732	-0.442942	-0.698368	0.426582	0.574726	-18.0798	13.9263	97.0902	
0.677986	0.220095	0.70135	0.182004	0.874149	-0.450264	-0.712186	0.432922	0.552603	-18.8371	14.3877	97.6954	
0.661099	0.230337	0.714068	0.191342	0.868486	-0.457296	-0.725491	0.438949	0.530082	-19.609	14.8558	98.2767	
0.643905	0.240716	0.726252	0.200849	0.862747	-0.464033	-0.738272	0.44466	0.50718	-20.3949	15.3303	98.8336	
