1	0	0	0	1	0	0	0	1	0	0	0	
1	2.17668e-06	-0.000906871	2.17668e-06	0.999988	0.00480038	0.000906871	-0.00480038	0.999988	0.000401909	-0.00212745	0.88636	
0.999998	8.72014e-06	-0.00181556	8.7118e-06	0.999954	0.00960119	0.00181556	-0.00960119	0.999952	0.00160844	-0.00850997	1.7727	
0.999996	1.96483e-05	-0.00272604	1.9615e-05	0.999896	0.0144023	0.00272604	-0.0144023	0.999893	0.0036212	-0.0191479	2.659	
0.999993	3.49791e-05	-0.00363829	3.48958e-05	0.999816	0.0192036	0.00363829	-0.0192036	0.999809	0.00644176	-0.0340414	3.54523	
0.99999	5.47301e-05	-0.00455228	5.45634e-05	0.999712	0.0240049	0.00455229	-0.0240049	0.999701	0.0100717	-0.0531907	4.43138	
0.999985	7.89189e-05	-0.005468	7.86271e-05	0.999585	0.0288061	0.005468	-0.0288061	0.99957	0.0145125	-0.0765957	5.31742	
0.99998	0.000107563	-0.00638541	0.000107096	0.999435	0.0336072	0.00638542	-0.0336072	0.999415	0.0197657	-0.104256	6.20334	
0.999973	0.000140679	-0.00730449	0.000139978	0.999262	0.0384079	0.00730451	-0.0384079	0.999235	0.0258329	-0.136172	7.0891	
0.999966	0.000178285	-0.00822522	0.000177284	0.999066	0.0432081	0.00822524	-0.0432081	0.999032	0.0327154	-0.172343	7.9747	
0.999958	0.000220397	-0.00914757	0.00021902	0.998847	0.0480077	0.00914761	-0.0480077	0.998805	0.0404147	-0.212768	8.86011	
0.999949	0.000267032	-0.0100715	0.000265197	0.998605	0.0528066	0.0100716	-0.0528065	0.998554	0.0489323	-0.257447	9.7453	
0.999939	0.000318207	-0.010997	0.000315821	0.998339	0.0576046	0.0109971	-0.0576046	0.998279	0.0582696	-0.306379	10.6303	
0.999929	0.000373938	-0.0119241	0.000370901	0.998051	0.0624016	0.0119242	-0.0624016	0.99798	0.068428	-0.359564	11.515	
0.999917	0.000434242	-0.0128527	0.000430445	0.99774	0.0671975	0.0128528	-0.0671975	0.997657	0.0794087	-0.417	12.3994	
0.999905	0.000499134	-0.0137828	0.000494461	0.997405	0.0719922	0.013783	-0.0719922	0.99731	0.0912132	-0.478687	13.2835	
0.999892	0.000568631	-0.0147143	0.000562957	0.997047	0.0767855	0.0147146	-0.0767855	0.996939	0.103843	-0.544622	14.1674	
0.999877	0.000642749	-0.0156473	0.00063594	0.996667	0.0815773	0.0156476	-0.0815773	0.996544	0.117299	-0.614806	15.0508	
0.999862	0.000721503	-0.0165818	0.000713417	0.996263	0.0863675	0.0165821	-0.0863674	0.996125	0.131582	-0.689236	15.9339	
0.999846	0.000804909	-0.0175176	0.000795396	0.995836	0.0911559	0.017518	-0.0911559	0.995683	0.146695	-0.767911	16.8167	
0.999829	0.000892982	-0.0184547	0.000881883	0.995386	0.0959425	0.0184553	-0.0959424	0.995216	0.162638	-0.85083	17.699	
0.999811	0.000985737	-0.0193933	0.000972886	0.994914	0.100727	0.0193939	-0.100727	0.994725	0.179412	-0.93799	18.5809	
0.999793	0.00108319	-0.0203331	0.00106841	0.994418	0.105509	0.0203339	-0.105509	0.99421	0.197019	-1.02939	19.4624	
0.999773	0.00118536	-0.0212742	0.00116847	0.993899	0.11029	0.0212752	-0.110289	0.993672	0.215459	-1.12503	20.3434	
0.999752	0.00129225	-0.0222166	0.00127306	0.993357	0.115067	0.0222177	-0.115067	0.993109	0.234734	-1.2249	21.2239	
0.999731	0.00140388	-0.0231602	0.00138219	0.992792	0.119843	0.0231615	-0.119842	0.992523	0.254846	-1.32901	22.1039	
0.999708	0.00152027	-0.0241051	0.00149587	0.992204	0.124615	0.0241066	-0.124615	0.991912	0.275794	-1.43735	22.9834	
0.999685	0.00164143	-0.0250511	0.0016141	0.991593	0.129385	0.0250528	-0.129385	0.991278	0.297581	-1.54992	23.8623	
0.99966	0.00176738	-0.0259982	0.0017369	0.990959	0.134152	0.0260003	-0.134151	0.99062	0.320206	-1.66671	24.7406	
0.999635	0.00189812	-0.0269465	0.00186426	0.990302	0.138916	0.0269489	-0.138915	0.989938	0.343673	-1.78773	25.6184	
0.999609	0.00203368	-0.0278959	0.00199619	0.989623	0.143676	0.0278986	-0.143676	0.989231	0.36798	-1.91297	26.4955	
0.999581	0.00217406	-0.0288464	0.00213269	0.98892	0.148434	0.0288494	-0.148433	0.988502	0.39313	-2.04243	27.372	
0.999553	0.00231928	-0.0297979	0.00227378	0.988194	0.153188	0.0298014	-0.153187	0.987748	0.419123	-2.1761	28.2478	
0.999524	0.00246936	-0.0307504	0.00241946	0.987446	0.157938	0.0307544	-0.157938	0.98697	0.44596	-2.31399	29.123	
0.999494	0.0026243	-0.0317039	0.00256973	0.986675	0.162685	0.0317084	-0.162684	0.986169	0.473642	-2.45608	29.9974	
0.999463	0.00278411	-0.0326584	0.00272459	0.985881	0.167428	0.0326634	-0.167427	0.985343	0.502171	-2.60238	30.8712	
0.999431	0.00294882	-0.0336138	0.00288406	0.985063	0.172167	0.0336194	-0.172166	0.984494	0.531546	-2.75288	31.7442	
0.999397	0.00311844	-0.0345701	0.00304813	0.984224	0.176902	0.0345764	-0.176901	0.983621	0.561769	-2.90758	32.6164	
0.999363	0.00329297	-0.0355273	0.00321681	0.983361	0.181633	0.0355343	-0.181632	0.982724	0.592841	-3.06648	33.4879	
0.999328	0.00347243	-0.0364853	0.00339011	0.982476	0.18636	0.0364931	-0.186359	0.981804	0.624763	-3.22957	34.3585	
0.999292	0.00365683	-0.0374442	0.00356803	0.981568	0.191082	0.0374528	-0.191081	0.98086	0.657534	-3.39684	35.2283	
0.999255	0.00384618	-0.0384039	0.00375057	0.980637	0.1958	0.0384133	-0.195798	0.979892	0.691157	-3.5683	36.0973	
0.999217	0.00404049	-0.0393643	0.00393773	0.979683	0.200513	0.0393747	-0.200511	0.9789	0.725631	-3.74394	36.9654	
0.999178	0.00423979	-0.0403255	0.00412953	0.978707	0.205221	0.0403369	-0.205219	0.977885	0.760958	-3.92375	37.8326	
0.999137	0.00444407	-0.0412873	0.00432596	0.977708	0.209925	0.0412999	-0.209922	0.976845	0.797138	-4.10773	38.6989	
0.999096	0.00465334	-0.0422499	0.00452702	0.976687	0.214623	0.0422636	-0.21462	0.975783	0.834172	-4.29588	39.5643	
0.999054	0.00486763	-0.0432131	0.00473273	0.975642	0.219316	0.0432281	-0.219313	0.974696	0.87206	-4.48819	40.4287	
0.999011	0.00508694	-0.0441769	0.00494308	0.974576	0.224004	0.0441932	-0.224001	0.973586	0.910804	-4.68466	41.2922	
0.998966	0.00531128	-0.0451413	0.00515807	0.973486	0.228686	0.0451591	-0.228683	0.972453	0.950403	-4.88528	42.1546	
0.998921	0.00554066	-0.0461063	0.00537771	0.972375	0.233363	0.0461256	-0.233359	0.971296	0.990859	-5.09005	43.016	
0.998875	0.00577509	-0.0470718	0.00560201	0.971241	0.238035	0.0470927	-0.23803	0.970115	1.03217	-5.29896	43.8764	
0.998827	0.00601459	-0.0480378	0.00583096	0.970084	0.2427	0.0480604	-0.242696	0.968911	1.07434	-5.51201	44.7358	
0.998779	0.00625916	-0.0490043	0.00606456	0.968905	0.24736	0.0490287	-0.247355	0.967684	1.11737	-5.7292	45.5941	
0.998729	0.0065088	-0.0499712	0.00630282	0.967703	0.252013	0.0499976	-0.252008	0.966433	1.16126	-5.9505	46.4512	
0.998679	0.00676354	-0.0509386	0.00654574	0.966479	0.256661	0.050967	-0.256655	0.965158	1.206	-6.17593	47.3073	
0.998627	0.00702339	-0.0519063	0.00679333	0.965233	0.261302	0.0519369	-0.261296	0.963861	1.25161	-6.40548	48.1622	
0.998575	0.00728834	-0.0528744	0.00704558	0.963965	0.265937	0.0529073	-0.26593	0.962539	1.29807	-6.63914	49.0159	
0.998521	0.00755841	-0.0538428	0.00730249	0.962674	0.270565	0.0538781	-0.270558	0.961195	1.3454	-6.8769	49.8685	
0.998466	0.00783361	-0.0548115	0.00756407	0.961361	0.275186	0.0548494	-0.275179	0.959827	1.39358	-7.11876	50.7199	
0.99841	0.00811394	-0.0557805	0.00783031	0.960026	0.279801	0.055821	-0.279793	0.958436	1.44263	-7.36472	51.57	
0.998163	0.00931861	-0.0598701	0.00810946	0.958667	0.284416	0.0600459	-0.284379	0.95683	1.49398	-7.61475	52.4188	
0.997897	0.0105433	-0.0639542	0.00840951	0.957283	0.289031	0.0642696	-0.288961	0.955181	1.54908	-7.86884	53.2662	
0.997613	0.0117879	-0.0680325	0.00873052	0.955875	0.293645	0.068492	-0.293539	0.95349	1.60791	-8.127	54.1121	
0.997312	0.0130524	-0.0721045	0.0090725	0.954442	0.29826	0.0727125	-0.298112	0.951757	1.67049	-8.38921	54.9564	
0.996992	0.0143368	-0.0761701	0.00943548	0.952984	0.302873	0.0769311	-0.30268	0.949982	1.73681	-8.65547	55.7993	
0.996654	0.015641	-0.0802288	0.0098195	0.951503	0.307484	0.0811473	-0.307243	0.948165	1.80687	-8.92577	56.6405	
0.996298	0.0169649	-0.0842805	0.0102245	0.949997	0.312092	0.0853608	-0.311799	0.946306	1.88066	-9.20012	57.4801	
0.995923	0.0183085	-0.0883247	0.0106506	0.948467	0.316698	0.0895713	-0.316347	0.944405	1.95819	-9.47851	58.318	
0.995531	0.0196717	-0.0923613	0.0110978	0.946913	0.321299	0.0937786	-0.320888	0.942463	2.03945	-9.76092	59.1543	
0.995121	0.0210545	-0.0963899	0.0115659	0.945335	0.325896	0.0979823	-0.325421	0.940479	2.12443	-10.0474	59.9887	
0.994693	0.0224568	-0.10041	0.0120551	0.943733	0.330488	0.102182	-0.329944	0.938454	2.21314	-10.3378	60.8215	
0.994246	0.0238785	-0.104422	0.0125652	0.942108	0.335074	0.106378	-0.334458	0.936388	2.30557	-10.6323	61.6524	
0.993782	0.0253195	-0.108425	0.0130964	0.940459	0.339653	0.110569	-0.338962	0.93428	2.40172	-10.9307	62.4814	
0.9933	0.0267798	-0.112419	0.0136484	0.938788	0.344226	0.114756	-0.343454	0.932132	2.50158	-11.2331	63.3086	
0.9928	0.0282592	-0.116403	0.0142213	0.937093	0.348791	0.118937	-0.347935	0.929944	2.60515	-11.5395	64.1338	
0.992282	0.0297577	-0.120378	0.0148151	0.935375	0.353348	0.123113	-0.352404	0.927715	2.71242	-11.8499	64.9571	
0.991746	0.0312752	-0.124343	0.0154296	0.933634	0.357896	0.127284	-0.356861	0.925445	2.8234	-12.1643	65.7784	
0.991193	0.0328116	-0.128298	0.0160648	0.931871	0.362434	0.131449	-0.361303	0.923137	2.93806	-12.4825	66.5976	
0.990622	0.0343667	-0.132242	0.0167207	0.930085	0.366963	0.135607	-0.365732	0.920788	3.05642	-12.8047	67.4148	
0.990033	0.0359406	-0.136175	0.0173971	0.928278	0.371481	0.13976	-0.370147	0.9184	3.17845	-13.1309	68.2299	
0.989426	0.037533	-0.140098	0.0180939	0.926448	0.375987	0.143905	-0.374546	0.915973	3.30417	-13.4609	69.0429	
0.988802	0.0391439	-0.144009	0.0188112	0.924597	0.380482	0.148044	-0.37893	0.913507	3.43356	-13.7948	69.8537	
0.985281	0.0475334	-0.164202	0.0189207	0.924336	0.381109	0.169893	-0.378607	0.909831	3.57447	-14.1306	70.6618	
0.981277	0.0559136	-0.184309	0.0190451	0.924076	0.381735	0.191659	-0.378097	0.905709	3.73471	-14.466	71.4664	
0.976792	0.0642805	-0.204319	0.0191846	0.923816	0.382357	0.213331	-0.377402	0.901142	3.9142	-14.8008	72.2672	
0.971828	0.0726299	-0.224223	0.0193389	0.923556	0.382975	0.234898	-0.376522	0.896133	4.11285	-15.1349	73.0638	
0.966387	0.0809578	-0.244011	0.019508	0.923297	0.38359	0.25635	-0.375457	0.890683	4.33057	-15.4682	73.8557	
0.960473	0.0892601	-0.263674	0.0196918	0.923039	0.384202	0.277675	-0.374208	0.884797	4.56725	-15.8005	74.6426	
0.954088	0.0975327	-0.283202	0.0198903	0.922782	0.384809	0.298865	-0.372774	0.878475	4.82278	-16.1315	75.4241	
0.947235	0.105771	-0.302585	0.0201033	0.922526	0.385411	0.319908	-0.371158	0.871723	5.09702	-16.4612	76.1998	
0.939918	0.113972	-0.321813	0.0203308	0.922271	0.386009	0.340793	-0.36936	0.864542	5.38984	-16.7894	76.9693	
0.932141	0.122132	-0.340878	0.0205726	0.922017	0.386602	0.361512	-0.36738	0.856937	5.7011	-17.116	77.7322	
0.923906	0.130245	-0.35977	0.0208286	0.921765	0.387189	0.382052	-0.36522	0.848911	6.03065	-17.4406	78.4883	
0.915218	0.138308	-0.378479	0.0210986	0.921514	0.387771	0.402406	-0.36288	0.840469	6.37832	-17.7633	79.237	
0.906082	0.146318	-0.396997	0.0213826	0.921265	0.388346	0.422561	-0.360362	0.831613	6.74395	-18.0839	79.9781	
0.896502	0.15427	-0.415314	0.0216805	0.921018	0.388916	0.442509	-0.357668	0.82235	7.12735	-18.4021	80.7111	
0.886482	0.16216	-0.433421	0.0219919	0.920773	0.389478	0.46224	-0.354797	0.812682	7.52833	-18.7179	81.4358	
0.876028	0.169985	-0.45131	0.0223169	0.92053	0.390035	0.481744	-0.351753	0.802616	7.9467	-19.031	82.1517	
0.865144	0.17774	-0.468971	0.0226553	0.920289	0.390584	0.501012	-0.348536	0.792155	8.38226	-19.3414	82.8585	
0.853836	0.185423	-0.486397	0.0230068	0.92005	0.391125	0.520033	-0.345147	0.781306	8.83479	-19.6488	83.5558	
