1	0	0	0	1	0	0	0	1	0	0	0	
1	1.39063e-07	-0.000363651	1.39063e-07	1	0.000764818	0.000363651	-0.000764818	1	0.000141236	-0.000297043	0.776768	
1	5.57771e-07	-0.000728314	5.57705e-07	0.999999	0.00153158	0.000728314	-0.00153158	0.999999	0.000565338	-0.00118893	1.55353	
0.999999	1.25836e-06	-0.00109398	1.2581e-06	0.999997	0.00230027	0.00109398	-0.00230027	0.999997	0.00127309	-0.00267716	2.3303	
0.999999	2.24305e-06	-0.00146064	2.24238e-06	0.999995	0.00307087	0.00146064	-0.00307087	0.999994	0.00226526	-0.00476322	3.10706	
0.999998	3.51402e-06	-0.00182827	3.51269e-06	0.999993	0.00384334	0.00182827	-0.00384334	0.999991	0.00354262	-0.00744859	3.88383	
0.999998	5.07343e-06	-0.00219688	5.0711e-06	0.999989	0.00461766	0.00219688	-0.00461766	0.999987	0.00510592	-0.0107347	4.66059	
0.999997	6.92342e-06	-0.00256645	6.91968e-06	0.999985	0.00539382	0.00256645	-0.00539382	0.999982	0.00695592	-0.014623	5.43734	
0.999996	9.06608e-06	-0.00293696	9.06047e-06	0.999981	0.00617179	0.00293696	-0.00617179	0.999977	0.00909336	-0.0191149	6.21409	
0.999995	1.15035e-05	-0.00330842	1.14955e-05	0.999976	0.00695155	0.00330842	-0.00695155	0.99997	0.011519	-0.0242118	6.99084	
0.999993	1.42377e-05	-0.0036808	1.42267e-05	0.99997	0.00773307	0.0036808	-0.00773307	0.999963	0.0142335	-0.0299151	7.76758	
0.999992	1.72708e-05	-0.0040541	1.7256e-05	0.999964	0.00851632	0.0040541	-0.00851632	0.999956	0.0172376	-0.0362261	8.54432	
0.99999	2.06047e-05	-0.00442831	2.05854e-05	0.999957	0.0093013	0.00442831	-0.0093013	0.999947	0.020532	-0.0431461	9.32105	
0.999988	2.42414e-05	-0.00480341	2.42167e-05	0.999949	0.010088	0.00480341	-0.010088	0.999938	0.0241175	-0.0506766	10.0978	
0.999987	2.81828e-05	-0.00517939	2.81519e-05	0.999941	0.0108763	0.00517939	-0.0108763	0.999927	0.0279946	-0.0588188	10.8745	
0.999985	3.24308e-05	-0.00555625	3.23927e-05	0.999932	0.0116663	0.00555625	-0.0116663	0.999917	0.0321642	-0.067574	11.6512	
0.999982	3.69873e-05	-0.00593397	3.6941e-05	0.999922	0.0124579	0.00593397	-0.0124579	0.999905	0.0366268	-0.0769434	12.4279	
0.99998	4.18542e-05	-0.00631255	4.17984e-05	0.999912	0.0132511	0.00631255	-0.0132511	0.999892	0.0413831	-0.0869284	13.2046	
0.999978	4.70332e-05	-0.00669196	4.69669e-05	0.999901	0.0140459	0.00669196	-0.0140459	0.999879	0.0464339	-0.0975301	13.9813	
0.999975	5.25262e-05	-0.00707221	5.2448e-05	0.99989	0.0148422	0.00707221	-0.0148422	0.999865	0.0517797	-0.10875	14.7579	
0.999972	5.83348e-05	-0.00745327	5.82434e-05	0.999878	0.01564	0.00745327	-0.01564	0.99985	0.0574211	-0.120589	15.5346	
0.999969	6.44609e-05	-0.00783514	6.43548e-05	0.999865	0.0164394	0.00783514	-0.0164394	0.999834	0.0633589	-0.133048	16.3112	
0.999966	7.09061e-05	-0.00821781	7.07839e-05	0.999851	0.0172402	0.00821781	-0.0172402	0.999818	0.0695936	-0.146128	17.0879	
0.999963	7.76721e-05	-0.00860127	7.75321e-05	0.999837	0.0180425	0.00860127	-0.0180425	0.9998	0.0761259	-0.159832	17.8645	
0.99996	8.47605e-05	-0.0089855	8.4601e-05	0.999822	0.0188463	0.0089855	-0.0188463	0.999782	0.0829563	-0.174159	18.6411	
0.999956	9.21729e-05	-0.00937049	9.19923e-05	0.999807	0.0196514	0.00937049	-0.0196514	0.999763	0.0900854	-0.18911	19.4177	
0.999952	9.99108e-05	-0.00975624	9.97072e-05	0.999791	0.0204579	0.00975624	-0.0204579	0.999743	0.097514	-0.204688	20.1943	
0.999949	0.000107976	-0.0101427	0.000107747	0.999774	0.0212658	0.0101427	-0.0212658	0.999722	0.105242	-0.220893	20.9708	
0.999945	0.000116369	-0.0105299	0.000116114	0.999756	0.022075	0.0105299	-0.022075	0.999701	0.113271	-0.237726	21.7474	
0.99994	0.000125093	-0.0109179	0.000124809	0.999738	0.0228855	0.0109179	-0.0228855	0.999678	0.121601	-0.255188	22.5239	
0.999936	0.000134148	-0.0113065	0.000133833	0.999719	0.0236974	0.0113065	-0.0236974	0.999655	0.130233	-0.27328	23.3004	
0.999932	0.000143536	-0.0116959	0.000143188	0.9997	0.0245104	0.0116959	-0.0245104	0.999631	0.139167	-0.292003	24.0769	
0.999927	0.000153258	-0.0120859	0.000152874	0.999679	0.0253248	0.0120859	-0.0253248	0.999606	0.148403	-0.311358	24.8534	
0.999922	0.000163316	-0.0124766	0.000162894	0.999658	0.0261403	0.0124766	-0.0261403	0.99958	0.157943	-0.331346	25.6298	
0.999917	0.000173711	-0.012868	0.000173248	0.999637	0.026957	0.012868	-0.026957	0.999554	0.167786	-0.351969	26.4062	
0.999912	0.000184444	-0.01326	0.000183938	0.999614	0.0277749	0.01326	-0.0277749	0.999526	0.177934	-0.373226	27.1826	
0.999907	0.000195516	-0.0136526	0.000194965	0.999591	0.0285939	0.0136526	-0.0285939	0.999498	0.188386	-0.395118	27.959	
0.999901	0.000206929	-0.0140459	0.000206329	0.999567	0.0294141	0.0140459	-0.0294141	0.999469	0.199144	-0.417648	28.7354	
0.999896	0.000218683	-0.0144398	0.000218032	0.999543	0.0302353	0.0144398	-0.0302353	0.999439	0.210207	-0.440815	29.5117	
0.99989	0.00023078	-0.0148343	0.000230076	0.999518	0.0310577	0.0148343	-0.0310577	0.999408	0.221577	-0.46462	30.2881	
0.999884	0.000243221	-0.0152294	0.00024246	0.999492	0.031881	0.0152294	-0.031881	0.999376	0.233253	-0.489064	31.0644	
0.999878	0.000256008	-0.0156251	0.000255186	0.999465	0.0327054	0.0156251	-0.0327054	0.999343	0.245237	-0.514148	31.8406	
0.999872	0.00026914	-0.0160214	0.000268255	0.999438	0.0335308	0.0160214	-0.0335308	0.999309	0.257528	-0.539874	32.6169	
0.999865	0.000282619	-0.0164182	0.000281668	0.99941	0.0343571	0.0164182	-0.0343571	0.999275	0.270127	-0.56624	33.3931	
0.999859	0.000296445	-0.0168155	0.000295425	0.999381	0.0351844	0.0168156	-0.0351844	0.999239	0.283034	-0.593249	34.1693	
0.999852	0.000310621	-0.0172134	0.000309528	0.999351	0.0360127	0.0172135	-0.0360126	0.999203	0.296251	-0.620901	34.9454	
0.999845	0.000325146	-0.0176119	0.000323977	0.999321	0.0368418	0.0176119	-0.0368418	0.999166	0.309776	-0.649196	35.7216	
0.999838	0.000340022	-0.0180108	0.000338773	0.99929	0.0376718	0.0180108	-0.0376718	0.999128	0.323611	-0.678136	36.4977	
0.99983	0.000355249	-0.0184102	0.000353916	0.999258	0.0385026	0.0184103	-0.0385026	0.999089	0.337757	-0.707721	37.2738	
0.999823	0.000370829	-0.0188102	0.000369408	0.999226	0.0393343	0.0188102	-0.0393343	0.999049	0.352213	-0.737951	38.0498	
0.999815	0.000386761	-0.0192106	0.000385249	0.999193	0.0401667	0.0192106	-0.0401667	0.999008	0.366979	-0.768828	38.8258	
0.999808	0.000403046	-0.0196115	0.00040144	0.999159	0.041	0.0196115	-0.041	0.998967	0.382057	-0.800352	39.6018	
0.9998	0.000419685	-0.0200128	0.00041798	0.999124	0.041834	0.0200128	-0.041834	0.998924	0.397447	-0.832524	40.3778	
0.999792	0.00043668	-0.0204146	0.000434872	0.999089	0.0426687	0.0204146	-0.0426687	0.998881	0.413148	-0.865343	41.1537	
0.999729	0.000558833	-0.0232937	0.000422196	0.999114	0.0420894	0.0232966	-0.0420878	0.998842	0.430125	-0.898261	41.9295	
0.999657	0.000679385	-0.0261744	0.00040792	0.999138	0.041513	0.0261801	-0.0415094	0.998795	0.449341	-0.930729	42.7054	
0.999577	0.00079834	-0.0290566	0.000392058	0.999162	0.0409394	0.029065	-0.0409335	0.998739	0.470797	-0.962748	43.4812	
0.999489	0.000915701	-0.0319402	0.000374622	0.999185	0.0403687	0.0319512	-0.04036	0.998674	0.494495	-0.994322	44.257	
0.999393	0.00103147	-0.0348252	0.000355627	0.999208	0.0398006	0.0348386	-0.0397889	0.998601	0.520435	-1.02545	45.0327	
0.999288	0.00114565	-0.0377114	0.000335083	0.99923	0.0392352	0.0377273	-0.0392199	0.998518	0.548618	-1.05614	45.8083	
0.999175	0.00125825	-0.0405988	0.000313002	0.999252	0.0386724	0.040617	-0.0386532	0.998427	0.579046	-1.08638	46.5839	
0.999053	0.00136926	-0.0434873	0.000289395	0.999273	0.0381121	0.0435078	-0.0380886	0.998327	0.611719	-1.11619	47.3594	
0.998923	0.0014787	-0.0463768	0.000264272	0.999295	0.0375542	0.0463996	-0.037526	0.998218	0.646637	-1.14555	48.1348	
0.998784	0.00158656	-0.0492673	0.000237644	0.999315	0.0369987	0.0492923	-0.0369654	0.9981	0.683803	-1.17448	48.9102	
0.998637	0.00169284	-0.0521587	0.000209518	0.999336	0.0364454	0.0521858	-0.0364067	0.997974	0.723215	-1.20298	49.6854	
0.998482	0.00179755	-0.055051	0.000179903	0.999356	0.0358944	0.05508	-0.0358498	0.997838	0.764875	-1.23104	50.4606	
0.998318	0.00190069	-0.0579439	0.000148807	0.999375	0.0353455	0.0579749	-0.0352947	0.997694	0.808784	-1.25868	51.2356	
0.998146	0.00200226	-0.0608376	0.000116237	0.999394	0.0347987	0.0608704	-0.0347413	0.997541	0.854942	-1.28588	52.0105	
0.997965	0.00210227	-0.0637319	8.21993e-05	0.999413	0.0342539	0.0637665	-0.0341895	0.997379	0.903349	-1.31265	52.7853	
0.997776	0.00220071	-0.0666267	4.67002e-05	0.999432	0.0337111	0.066663	-0.0336392	0.997208	0.954005	-1.33899	53.56	
0.997578	0.00229759	-0.069522	9.74468e-06	0.99945	0.03317	0.0695599	-0.0330904	0.997029	1.00691	-1.36491	54.3345	
0.997372	0.00239291	-0.0724176	-2.86627e-05	0.999467	0.0326308	0.0724571	-0.032543	0.99684	1.06207	-1.3904	55.1089	
0.997157	0.00248667	-0.0753136	-6.85179e-05	0.999485	0.0320933	0.0753546	-0.0319969	0.996643	1.11948	-1.41547	55.8831	
0.996934	0.00257887	-0.0782098	-0.000109818	0.999502	0.0315574	0.0782522	-0.0314521	0.996437	1.17914	-1.44011	56.6572	
0.996702	0.00266951	-0.0811062	-0.000152559	0.999519	0.0310231	0.08115	-0.0309084	0.996223	1.24104	-1.46433	57.4311	
0.996462	0.0027586	-0.0840027	-0.000196741	0.999535	0.0304903	0.0840478	-0.0303659	0.995999	1.30521	-1.48813	58.2049	
0.996213	0.00284613	-0.0868992	-0.000242361	0.999551	0.0299589	0.0869455	-0.0298244	0.995767	1.37162	-1.5115	58.9785	
0.995956	0.00293211	-0.0897957	-0.000289419	0.999567	0.0294289	0.0898431	-0.0292839	0.995525	1.44028	-1.53446	59.7518	
0.99569	0.00301653	-0.0926921	-0.000337914	0.999582	0.0289001	0.0927405	-0.0287442	0.995275	1.51119	-1.557	60.525	
0.995416	0.0030994	-0.0955883	-0.000387847	0.999597	0.0283725	0.0956377	-0.0282054	0.995017	1.58435	-1.57912	61.298	
0.995134	0.00318072	-0.0984842	-0.00043922	0.999612	0.0278461	0.0985345	-0.0276673	0.994749	1.65977	-1.60082	62.0708	
0.994842	0.00326048	-0.10138	-0.000492034	0.999627	0.0273207	0.101431	-0.0271299	0.994473	1.73743	-1.6221	62.8434	
0.994543	0.0033387	-0.104275	-0.000546292	0.999641	0.0267963	0.104327	-0.0265931	0.994187	1.81734	-1.64296	63.6158	
0.994235	0.00341536	-0.10717	-0.000601997	0.999655	0.0262728	0.107222	-0.0260568	0.993894	1.89951	-1.66341	64.3879	
0.993918	0.00349046	-0.110064	-0.000659152	0.999668	0.0257502	0.110117	-0.025521	0.993591	1.98392	-1.68344	65.1598	
0.993593	0.00356402	-0.112957	-0.000717762	0.999681	0.0252283	0.113011	-0.0249856	0.993279	2.07058	-1.70306	65.9315	
0.99326	0.00363602	-0.11585	-0.000777832	0.999694	0.024707	0.115905	-0.0244504	0.992959	2.15948	-1.72226	66.7029	
0.992918	0.00370647	-0.118742	-0.000839368	0.999707	0.0241865	0.118797	-0.0239155	0.99263	2.25064	-1.74104	67.4741	
0.992568	0.00377536	-0.121634	-0.000902377	0.99972	0.0236664	0.121689	-0.0233807	0.992293	2.34404	-1.75941	68.245	
0.992209	0.00384269	-0.124524	-0.000966864	0.999732	0.0231468	0.12458	-0.0228461	0.991947	2.43969	-1.77737	69.0156	
0.991842	0.00390848	-0.127413	-0.00103284	0.999743	0.0226276	0.127469	-0.0223114	0.991592	2.53758	-1.79491	69.786	
0.991466	0.0039727	-0.130302	-0.00110031	0.999755	0.0221087	0.130358	-0.0217767	0.991228	2.63771	-1.81203	70.5561	
0.991082	0.00403536	-0.133189	-0.00116928	0.999766	0.0215901	0.133245	-0.0212418	0.990855	2.74009	-1.82874	71.3259	
0.988671	0.00431677	-0.150036	-0.00249362	0.999921	0.0123375	0.150077	-0.0118236	0.988604	2.85013	-1.84158	72.0947	
0.985974	0.00443783	-0.166841	-0.00397505	0.999987	0.00310766	0.166852	-0.00240087	0.985979	2.97323	-1.8471	72.8617	
0.982992	0.0043985	-0.183598	-0.00561301	0.999966	-0.0060959	0.183565	0.00702276	0.982982	3.10933	-1.84531	73.6264	
0.979725	0.00419878	-0.200301	-0.00740689	0.999856	-0.0152697	0.200208	0.0164437	0.979615	3.25839	-1.83619	74.3887	
0.976176	0.00383876	-0.216944	-0.00935601	0.999658	-0.0244103	0.216776	0.0258585	0.975879	3.42034	-1.81976	75.1482	
0.972346	0.00331856	-0.23352	-0.0114596	0.999373	-0.0335143	0.233262	0.0352635	0.971774	3.59513	-1.79602	75.9046	
0.968236	0.00263839	-0.250023	-0.013717	0.998999	-0.0425781	0.24966	0.0446553	0.967303	3.7827	-1.76498	76.6578	
