1	0	0	0	1	0	0	0	1	0	0	0	
0.999999	-2.05455e-06	-0.00146173	-2.05455e-06	0.999996	-0.00281111	0.00146173	0.00281111	0.999995	0.000655564	0.00126074	0.896968	
0.999996	-8.23367e-06	-0.00292586	-8.23748e-06	0.999984	-0.00562945	0.00292586	0.00562945	0.99998	0.00262333	0.00504621	1.79393	
0.99999	-1.85612e-05	-0.00439233	-1.85765e-05	0.999964	-0.00845492	0.00439233	0.00845492	0.999955	0.00590543	0.0113628	2.69087	
0.999983	-3.30604e-05	-0.00586108	-3.30987e-05	0.999936	-0.0112874	0.00586108	0.0112874	0.999919	0.0105039	0.020217	3.58778	
0.999973	-5.17541e-05	-0.00733205	-5.18308e-05	0.9999	-0.0141268	0.00733205	0.0141268	0.999873	0.0164209	0.0316149	4.48466	
0.999961	-7.46646e-05	-0.00880518	-7.47993e-05	0.999856	-0.016973	0.00880518	0.016973	0.999817	0.0236582	0.0455627	5.38149	
0.999947	-0.000101814	-0.0102804	-0.00010203	0.999803	-0.0198259	0.0102804	0.0198259	0.999751	0.0322178	0.0620664	6.27827	
0.999931	-0.000133223	-0.0117577	-0.000133548	0.999743	-0.0226854	0.0117577	0.0226854	0.999674	0.0421015	0.0811321	7.17498	
0.999912	-0.000168913	-0.0132369	-0.000169378	0.999673	-0.0255514	0.0132369	0.0255514	0.999586	0.0533112	0.102766	8.07162	
0.999892	-0.000208905	-0.0147181	-0.000209545	0.999596	-0.0284237	0.0147181	0.0284237	0.999488	0.0658486	0.126973	8.96817	
0.999869	-0.000253217	-0.0162011	-0.000254073	0.99951	-0.0313023	0.0162011	0.0313024	0.999379	0.0797154	0.153759	9.86464	
0.999844	-0.00030187	-0.0176859	-0.000302985	0.999415	-0.0341871	0.0176859	0.0341872	0.999259	0.0949132	0.18313	10.761	
0.999816	-0.000354882	-0.0191724	-0.000356304	0.999312	-0.037078	0.0191724	0.037078	0.999128	0.111444	0.215091	11.6572	
0.999786	-0.000412272	-0.0206607	-0.000414052	0.999201	-0.0399748	0.0206606	0.0399748	0.998987	0.129308	0.249648	12.5534	
0.999755	-0.000474057	-0.0221505	-0.000476253	0.99908	-0.0428775	0.0221504	0.0428775	0.998835	0.148508	0.286806	13.4494	
0.99972	-0.000540255	-0.0236419	-0.000542927	0.998951	-0.0457859	0.0236418	0.0457859	0.998671	0.169045	0.326571	14.3452	
0.999684	-0.000610883	-0.0251348	-0.000614096	0.998813	-0.0486999	0.0251347	0.0487	0.998497	0.190921	0.368946	15.2409	
0.999645	-0.000685957	-0.0266291	-0.00068978	0.998667	-0.0516195	0.026629	0.0516195	0.998312	0.214136	0.413938	16.1365	
0.999604	-0.000765493	-0.0281247	-0.00077	0.998511	-0.0545444	0.0281246	0.0545445	0.998115	0.238692	0.461551	17.0318	
0.999561	-0.000849506	-0.0296217	-0.000854774	0.998347	-0.0574747	0.0296216	0.0574748	0.997907	0.264591	0.51179	17.927	
0.999515	-0.000938012	-0.03112	-0.000944124	0.998173	-0.0604102	0.0311198	0.0604103	0.997688	0.291832	0.56466	18.822	
0.999467	-0.00103102	-0.0326194	-0.00103807	0.997991	-0.0633507	0.0326192	0.0633508	0.997458	0.320418	0.620165	19.7168	
0.999417	-0.00112856	-0.03412	-0.00113662	0.997799	-0.0662963	0.0341198	0.0662964	0.997216	0.35035	0.67831	20.6114	
0.999365	-0.00123062	-0.0356217	-0.0012398	0.997599	-0.0692467	0.0356214	0.0692469	0.996963	0.381628	0.739099	21.5057	
0.99931	-0.00133724	-0.0371244	-0.00134763	0.997389	-0.0722019	0.037124	0.0722021	0.996699	0.414253	0.802536	22.3999	
0.999253	-0.00144841	-0.038628	-0.00146012	0.99717	-0.0751617	0.0386275	0.0751619	0.996423	0.448226	0.868627	23.2938	
0.999193	-0.00156415	-0.0401325	-0.0015773	0.996942	-0.0781261	0.040132	0.0781263	0.996135	0.483549	0.937375	24.1874	
0.999131	-0.00168448	-0.0416379	-0.00169916	0.996705	-0.0810949	0.0416373	0.0810952	0.995836	0.520221	1.00878	25.0808	
0.999067	-0.0018094	-0.043144	-0.00182574	0.996458	-0.084068	0.0431433	0.0840684	0.995526	0.558244	1.08286	25.9739	
0.999001	-0.00193892	-0.0446509	-0.00195705	0.996202	-0.0870454	0.0446501	0.0870458	0.995203	0.597618	1.1596	26.8667	
0.998932	-0.00207306	-0.0461584	-0.00209309	0.995937	-0.0900269	0.0461575	0.0900273	0.994869	0.638344	1.23901	27.7592	
0.998861	-0.00221182	-0.0476665	-0.00223389	0.995662	-0.0930123	0.0476655	0.0930129	0.994523	0.680422	1.3211	28.6514	
0.998787	-0.00235521	-0.0491752	-0.00237946	0.995378	-0.0960017	0.049174	0.0960023	0.994166	0.723853	1.40587	29.5433	
0.998712	-0.00250324	-0.0506843	-0.00252981	0.995085	-0.0989948	0.050683	0.0989955	0.993796	0.768638	1.49333	30.4349	
0.998633	-0.00265592	-0.0521939	-0.00268495	0.994782	-0.101992	0.0521924	0.101992	0.993415	0.814776	1.58347	31.3261	
0.998553	-0.00281326	-0.0537039	-0.0028449	0.994469	-0.104992	0.0537022	0.104993	0.993022	0.862268	1.6763	32.217	
0.99847	-0.00297526	-0.0552141	-0.00300966	0.994147	-0.107996	0.0552123	0.107997	0.992617	0.911114	1.77182	33.1075	
0.998385	-0.00314192	-0.0567247	-0.00317925	0.993815	-0.111003	0.0567226	0.111004	0.9922	0.961315	1.87004	33.9977	
0.998297	-0.00331327	-0.0582354	-0.00335368	0.993474	-0.114013	0.0582331	0.114015	0.991771	1.01287	1.97096	34.8875	
0.998208	-0.00348929	-0.0597462	-0.00353296	0.993122	-0.117027	0.0597436	0.117028	0.99133	1.06578	2.07458	35.7769	
0.998115	-0.00367	-0.0612571	-0.00371709	0.992762	-0.120043	0.0612543	0.120045	0.990877	1.12005	2.1809	36.6658	
0.998021	-0.0038554	-0.0627681	-0.00390609	0.992391	-0.123063	0.062765	0.123064	0.990412	1.17567	2.28993	37.5544	
0.997924	-0.00404549	-0.064279	-0.00409997	0.992011	-0.126085	0.0642756	0.126087	0.989935	1.23264	2.40167	38.4426	
0.997824	-0.00424028	-0.0657899	-0.00429873	0.991621	-0.12911	0.0657861	0.129112	0.989445	1.29098	2.51613	39.3303	
0.997723	-0.00443977	-0.0673005	-0.00450239	0.991221	-0.132138	0.0672964	0.13214	0.988944	1.35066	2.63329	40.2176	
0.997619	-0.00464396	-0.068811	-0.00471094	0.990812	-0.135167	0.0688065	0.13517	0.98843	1.4117	2.75318	41.1044	
0.997513	-0.00485286	-0.0703213	-0.0049244	0.990392	-0.1382	0.0703163	0.138202	0.987905	1.4741	2.87578	41.9908	
0.997404	-0.00506646	-0.0718312	-0.00514277	0.989963	-0.141234	0.0718257	0.141237	0.987367	1.53784	3.0011	42.8766	
0.997293	-0.00528478	-0.0733407	-0.00536605	0.989524	-0.144271	0.0733348	0.144274	0.986817	1.60295	3.12915	43.762	
0.99718	-0.0055078	-0.0748498	-0.00559426	0.989075	-0.14731	0.0748434	0.147313	0.986254	1.6694	3.25992	44.6469	
0.997064	-0.00573553	-0.0763584	-0.00582739	0.988616	-0.15035	0.0763515	0.150354	0.98568	1.73721	3.39342	45.5313	
0.996946	-0.00596796	-0.0778665	-0.00606546	0.988147	-0.153393	0.077859	0.153397	0.985093	1.80637	3.52965	46.4152	
0.996826	-0.00620511	-0.079374	-0.00630846	0.987668	-0.156437	0.0793658	0.156441	0.984493	1.87689	3.66861	47.2985	
0.996703	-0.00644696	-0.0808808	-0.0065564	0.987179	-0.159483	0.080872	0.159487	0.983882	1.94875	3.8103	48.1813	
0.996578	-0.00669351	-0.082387	-0.00680928	0.98668	-0.16253	0.0823775	0.162535	0.983258	2.02196	3.95472	49.0635	
0.996451	-0.00694477	-0.0838923	-0.00706711	0.986171	-0.165578	0.0838821	0.165584	0.982622	2.09653	4.10188	49.9452	
0.996321	-0.00720072	-0.0853969	-0.00732988	0.985652	-0.168628	0.0853859	0.168634	0.981973	2.17244	4.25177	50.8263	
0.996189	-0.00746138	-0.0869006	-0.0075976	0.985124	-0.171679	0.0868888	0.171685	0.981313	2.24971	4.4044	51.7068	
0.996055	-0.00772672	-0.0884033	-0.00787026	0.984585	-0.174731	0.0883907	0.174738	0.98064	2.32832	4.55976	52.5867	
0.996062	-0.00771178	-0.0883209	-0.00839922	0.983521	-0.180601	0.0882582	0.180632	0.979583	2.40754	4.71914	53.4658	
0.996069	-0.00769719	-0.0882431	-0.00892787	0.98242	-0.18647	0.0881271	0.186524	0.97849	2.48665	4.8838	54.344	
0.996076	-0.00768297	-0.0881697	-0.0094562	0.981283	-0.192337	0.0879972	0.192416	0.97736	2.56564	5.05375	55.2212	
0.996082	-0.00766911	-0.0881004	-0.00998419	0.98011	-0.198202	0.0878682	0.198305	0.976194	2.64451	5.22899	56.0973	
0.996088	-0.00765561	-0.088035	-0.0105118	0.978901	-0.204064	0.0877398	0.204191	0.974991	2.72327	5.4095	56.9724	
0.996094	-0.00764248	-0.0879732	-0.011039	0.977656	-0.209923	0.0876118	0.210074	0.973752	2.80191	5.59529	57.8464	
0.996099	-0.0076297	-0.0879148	-0.0115659	0.976374	-0.215779	0.0874841	0.215954	0.972476	2.88044	5.78636	58.7192	
0.996104	-0.00761726	-0.0878596	-0.0120923	0.975056	-0.221631	0.0873562	0.22183	0.971164	2.95885	5.9827	59.5909	
0.996108	-0.00760514	-0.0878073	-0.0126182	0.973701	-0.227479	0.087228	0.227701	0.969816	3.03715	6.18431	60.4614	
0.996113	-0.00759331	-0.0877576	-0.0131437	0.972311	-0.233321	0.0870993	0.233568	0.968432	3.11533	6.39118	61.3307	
0.996117	-0.00758176	-0.0877103	-0.0136687	0.970884	-0.239158	0.0869698	0.239428	0.967011	3.1934	6.60331	62.1987	
0.996121	-0.00757045	-0.0876652	-0.0141931	0.969422	-0.244989	0.0868393	0.245283	0.965554	3.27135	6.8207	63.0655	
0.996125	-0.00755935	-0.0876221	-0.014717	0.967923	-0.250814	0.0867074	0.251131	0.964062	3.34919	7.04334	63.9309	
0.996129	-0.00754841	-0.0875806	-0.0152402	0.966389	-0.256632	0.0865741	0.256973	0.962533	3.4269	7.27121	64.7949	
0.996132	-0.0075376	-0.0875406	-0.0157629	0.964819	-0.262442	0.086439	0.262807	0.960969	3.50449	7.50433	65.6576	
0.996136	-0.00752686	-0.0875018	-0.0162848	0.963213	-0.268245	0.0863019	0.268633	0.959369	3.58197	7.74267	66.5188	
0.996139	-0.00751614	-0.0874639	-0.0168061	0.961572	-0.274039	0.0861626	0.274451	0.957733	3.65931	7.98624	67.3786	
0.996143	-0.0075054	-0.0874269	-0.0173266	0.959895	-0.279825	0.0860208	0.28026	0.956062	3.73654	8.23502	68.2369	
0.996146	-0.00749455	-0.0873903	-0.0178464	0.958182	-0.285601	0.0858763	0.28606	0.954356	3.81363	8.489	69.0937	
0.996149	-0.00748355	-0.087354	-0.0183654	0.956435	-0.291368	0.0857288	0.29185	0.952614	3.89059	8.74819	69.949	
0.996152	-0.00747231	-0.0873177	-0.0188834	0.954652	-0.297125	0.0855782	0.29763	0.950838	3.96742	9.01256	70.8026	
0.997008	-0.00419307	-0.0771903	-0.0204622	0.948597	-0.315823	0.0745468	0.316458	0.945673	4.03924	9.28798	71.6532	
0.997745	-0.000713601	-0.0671206	-0.021823	0.942173	-0.334415	0.0634778	0.335125	0.940033	4.10114	9.58022	72.499	
0.998363	0.00296434	-0.0571136	-0.0229653	0.935383	-0.352891	0.052377	0.353625	0.93392	4.1531	9.88913	73.3395	
0.998863	0.00683891	-0.0471745	-0.0238883	0.928229	-0.371242	0.0412498	0.371946	0.927337	4.1951	10.2145	74.1742	
0.999244	0.0109082	-0.0373081	-0.0245918	0.920716	-0.389458	0.0301019	0.390081	0.920288	4.2271	10.5563	75.0029	
0.999506	0.01517	-0.0275195	-0.0250753	0.912847	-0.407531	0.0189388	0.40802	0.912777	4.24909	10.9143	75.825	
0.999649	0.0196224	-0.0178136	-0.0253386	0.904627	-0.425451	0.00776626	0.425753	0.904806	4.26107	11.2882	76.6402	
0.999672	0.024263	-0.00819518	-0.0253816	0.896059	-0.443209	-0.00341022	0.443272	0.896381	4.26302	11.678	77.4481	
0.999576	0.0290895	0.0013308	-0.0252042	0.887147	-0.460797	-0.014585	0.460568	0.887504	4.25495	12.0834	78.2482	
0.999361	0.0340995	0.0107596	-0.0248065	0.877897	-0.478206	-0.0257524	0.477633	0.878182	4.23686	12.5041	79.0401	
0.999026	0.0392905	0.0200865	-0.0241887	0.868313	-0.495426	-0.0369069	0.494458	0.868418	4.20876	12.9401	79.8234	
0.998572	0.0446599	0.0293068	-0.0233511	0.8584	-0.512449	-0.0480428	0.511034	0.858217	4.17066	13.3911	80.5978	
0.998	0.0502049	0.0384158	-0.0222942	0.848162	-0.529268	-0.0591546	0.527352	0.847585	4.12258	13.8568	81.3629	
0.997309	0.0559228	0.047409	-0.0210185	0.837605	-0.545872	-0.0702366	0.543406	0.836526	4.06455	14.3371	82.1182	
0.9965	0.0618106	0.0562818	-0.0195246	0.826734	-0.562254	-0.0812834	0.559187	0.825047	3.99659	14.8316	82.8634	
0.995573	0.0678655	0.0650298	-0.0178133	0.815555	-0.578405	-0.0922892	0.574686	0.813153	3.91874	15.3401	83.5982	
0.994529	0.0740844	0.0736486	-0.0158855	0.804073	-0.594318	-0.103249	0.589897	0.800851	3.83104	15.8624	84.3221	
0.993368	0.0804642	0.0821339	-0.013742	0.792294	-0.609985	-0.114156	0.604811	0.788145	3.73353	16.3983	85.0347	
0.992091	0.0870016	0.0904814	-0.011384	0.780224	-0.625397	-0.125006	0.61942	0.775043	3.62627	16.9473	85.7358	
