1	0	0	0	1	0	0	0	1	0	0	0	
1	-6.01985e-07	-0.000604045	-6.01985e-07	0.999998	-0.00199318	0.000604045	0.00199318	0.999998	0.000237805	0.000784688	0.787373	
0.999999	-2.4163e-06	-0.00121037	-2.41485e-06	0.999992	-0.00399146	0.00121037	0.00399146	0.999991	0.000952114	0.00314076	1.57474	
0.999998	-5.45506e-06	-0.00181895	-5.44923e-06	0.999982	-0.00599478	0.00181895	0.00599478	0.99998	0.00214471	0.00707222	2.36211	
0.999997	-9.7303e-06	-0.00242977	-9.7157e-06	0.999968	-0.00800309	0.00242977	0.00800309	0.999965	0.00381738	0.012583	3.14946	
0.999995	-1.5254e-05	-0.00304283	-1.52247e-05	0.99995	-0.0100163	0.00304283	0.0100163	0.999945	0.00597187	0.019677	3.9368	
0.999993	-2.2038e-05	-0.0036581	-2.19867e-05	0.999928	-0.0120344	0.0036581	0.0120344	0.999921	0.00860994	0.0283581	4.72412	
0.999991	-3.00942e-05	-0.00427557	-3.00118e-05	0.999901	-0.0140572	0.00427557	0.0140572	0.999892	0.0117333	0.03863	5.51142	
0.999988	-3.94342e-05	-0.00489522	-3.93103e-05	0.999871	-0.0160848	0.00489522	0.0160848	0.999859	0.0153437	0.0504965	6.29869	
0.999985	-5.00697e-05	-0.00551705	-4.98922e-05	0.999836	-0.0181171	0.00551705	0.0181171	0.999821	0.0194429	0.0639614	7.08594	
0.999981	-6.20122e-05	-0.00614102	-6.17676e-05	0.999797	-0.020154	0.00614103	0.020154	0.999778	0.0240326	0.0790282	7.87316	
0.999977	-7.52732e-05	-0.00676714	-7.49463e-05	0.999754	-0.0221954	0.00676714	0.0221954	0.999731	0.0291143	0.0957006	8.66034	
0.999973	-8.98641e-05	-0.00739537	-8.94381e-05	0.999706	-0.0242413	0.00739538	0.0242413	0.999679	0.0346899	0.113982	9.44748	
0.999968	-0.000105796	-0.00802571	-0.000105253	0.999654	-0.0262916	0.00802572	0.0262916	0.999622	0.040761	0.133876	10.2346	
0.999963	-0.000123081	-0.00865814	-0.0001224	0.999598	-0.0283463	0.00865815	0.0283463	0.999561	0.0473292	0.155387	11.0216	
0.999957	-0.000141728	-0.00929265	-0.000140888	0.999538	-0.0304052	0.00929266	0.0304052	0.999494	0.0543962	0.178516	11.8086	
0.999951	-0.000161751	-0.00992921	-0.000160728	0.999473	-0.0324684	0.00992922	0.0324684	0.999423	0.0619636	0.203269	12.5956	
0.999944	-0.000183158	-0.0105678	-0.000181928	0.999403	-0.0345358	0.0105678	0.0345357	0.999348	0.0700331	0.229647	13.3825	
0.999937	-0.000205962	-0.0112084	-0.000204498	0.99933	-0.0366072	0.0112085	0.0366072	0.999267	0.0786061	0.257655	14.1693	
0.99993	-0.000230173	-0.0118511	-0.000228447	0.999252	-0.0386827	0.0118511	0.0386827	0.999181	0.0876844	0.287296	14.9561	
0.999922	-0.000255801	-0.0124957	-0.000253783	0.999169	-0.0407621	0.0124957	0.0407621	0.999091	0.0972694	0.318572	15.7428	
0.999914	-0.000282857	-0.0131423	-0.000280515	0.999082	-0.0428455	0.0131424	0.0428455	0.998995	0.107363	0.351488	16.5294	
0.999905	-0.000311352	-0.0137909	-0.000308653	0.99899	-0.0449327	0.0137909	0.0449327	0.998895	0.117966	0.386045	17.3159	
0.999896	-0.000341296	-0.0144414	-0.000338204	0.998894	-0.0470237	0.0144414	0.0470237	0.998789	0.129081	0.422247	18.1024	
0.999886	-0.000372698	-0.0150938	-0.000369177	0.998793	-0.0491185	0.0150939	0.0491184	0.998679	0.140708	0.460097	18.8888	
0.999876	-0.00040557	-0.0157481	-0.000401581	0.998687	-0.0512168	0.0157482	0.0512168	0.998563	0.152851	0.499598	19.675	
0.999865	-0.000439921	-0.0164043	-0.000435424	0.998577	-0.0533188	0.0164045	0.0533188	0.998443	0.165509	0.540752	20.4612	
0.999854	-0.000475761	-0.0170624	-0.000470713	0.998463	-0.0554243	0.0170626	0.0554243	0.998317	0.178684	0.583563	21.2473	
0.999843	-0.000513099	-0.0177224	-0.000507458	0.998343	-0.0575333	0.0177226	0.0575332	0.998186	0.192379	0.628032	22.0333	
0.999831	-0.000551946	-0.0183842	-0.000545665	0.998219	-0.0596456	0.0183844	0.0596456	0.99805	0.206594	0.674164	22.8192	
0.999818	-0.000592311	-0.0190478	-0.000585343	0.998091	-0.0617613	0.019048	0.0617613	0.997909	0.22133	0.721961	23.605	
0.999805	-0.000634204	-0.0197132	-0.0006265	0.997957	-0.0638803	0.0197135	0.0638802	0.997763	0.23659	0.771424	24.3907	
0.999792	-0.000677634	-0.0203804	-0.000669142	0.997819	-0.0660025	0.0203807	0.0660024	0.997611	0.252375	0.822557	25.1762	
0.999778	-0.000722609	-0.0210494	-0.000713277	0.997676	-0.0681278	0.0210497	0.0681277	0.997455	0.268685	0.875362	25.9617	
0.999764	-0.00076914	-0.0217201	-0.000758913	0.997529	-0.0702562	0.0217205	0.0702561	0.997292	0.285523	0.929842	26.747	
0.999749	-0.000817235	-0.0223926	-0.000806057	0.997376	-0.0723876	0.022393	0.0723875	0.997125	0.30289	0.985999	27.5322	
0.999734	-0.000866903	-0.0230667	-0.000854716	0.997219	-0.074522	0.0230672	0.0745219	0.996953	0.320787	1.04384	28.3172	
0.999718	-0.000918153	-0.0237426	-0.000904896	0.997057	-0.0766593	0.0237431	0.0766591	0.996775	0.339216	1.10335	29.1021	
0.999701	-0.000970993	-0.0244201	-0.000956605	0.99689	-0.0787994	0.0244207	0.0787992	0.996591	0.358177	1.16456	29.8869	
0.999684	-0.00102543	-0.0250994	-0.00100985	0.996718	-0.0809422	0.0251	0.080942	0.996403	0.377673	1.22744	30.6715	
0.999667	-0.00108148	-0.0257802	-0.00106463	0.996542	-0.0830877	0.0257809	0.0830875	0.996209	0.397704	1.29202	31.4559	
0.999649	-0.00113914	-0.0264627	-0.00112097	0.99636	-0.0852359	0.0264635	0.0852357	0.996009	0.418272	1.35829	32.2403	
0.999631	-0.00119843	-0.0271468	-0.00117886	0.996174	-0.0873866	0.0271476	0.0873864	0.995805	0.439378	1.42625	33.0244	
0.999612	-0.00125935	-0.0278324	-0.00123831	0.995982	-0.0895399	0.0278334	0.0895396	0.995594	0.461023	1.4959	33.8084	
0.999592	-0.0013219	-0.0285197	-0.00129932	0.995786	-0.0916955	0.0285207	0.0916952	0.995379	0.483209	1.56725	34.5922	
0.999572	-0.00138611	-0.0292084	-0.00136191	0.995585	-0.0938536	0.0292096	0.0938532	0.995157	0.505937	1.6403	35.3759	
0.999552	-0.00145197	-0.0298988	-0.00142608	0.995379	-0.0960139	0.0299	0.0960135	0.994931	0.529208	1.71504	36.1593	
0.999531	-0.00151949	-0.0305906	-0.00149183	0.995168	-0.0981765	0.0305919	0.0981761	0.994699	0.553022	1.79149	36.9426	
0.999509	-0.00158869	-0.0312839	-0.00155917	0.994952	-0.100341	0.0312854	0.100341	0.994461	0.577383	1.86965	37.7257	
0.999487	-0.00165956	-0.0319787	-0.0016281	0.994731	-0.102508	0.0319803	0.102508	0.994218	0.60229	1.94951	38.5086	
0.999465	-0.00173211	-0.032675	-0.00169864	0.994505	-0.104677	0.0326767	0.104677	0.993969	0.627744	2.03107	39.2914	
0.999441	-0.00180636	-0.0333727	-0.00177078	0.994274	-0.106848	0.0333746	0.106847	0.993715	0.653748	2.11435	40.0739	
0.999418	-0.0018823	-0.0340718	-0.00184453	0.994038	-0.109021	0.0340738	0.10902	0.993455	0.680301	2.19933	40.8562	
0.999393	-0.00195995	-0.0347723	-0.00191989	0.993797	-0.111196	0.0347745	0.111195	0.99319	0.707406	2.28603	41.6383	
0.999369	-0.00203931	-0.0354742	-0.00199688	0.993551	-0.113372	0.0354766	0.113371	0.992919	0.735063	2.37444	42.4202	
0.999234	-0.00245069	-0.0390451	-0.00207171	0.993321	-0.115365	0.0390671	0.115358	0.992555	0.76441	2.46448	43.2019	
0.999087	-0.00286945	-0.0426166	-0.00215409	0.993086	-0.117366	0.0426588	0.117351	0.992174	0.796584	2.5561	43.9833	
0.998927	-0.0032956	-0.0461885	-0.00224406	0.992847	-0.119373	0.0462515	0.119349	0.991774	0.831587	2.64928	44.7643	
0.998754	-0.00372916	-0.0497606	-0.00234167	0.992602	-0.121388	0.0498452	0.121353	0.991357	0.869419	2.74405	45.5451	
0.998568	-0.00417017	-0.0533329	-0.00244696	0.992353	-0.123409	0.0534397	0.123362	0.990922	0.910081	2.84039	46.3255	
0.998369	-0.00461862	-0.0569051	-0.00255998	0.992098	-0.125436	0.0570348	0.125377	0.990468	0.953574	2.93831	47.1055	
0.998157	-0.00507454	-0.0604773	-0.00268077	0.991839	-0.127469	0.0606306	0.127396	0.989997	0.999897	3.03783	47.8852	
0.997931	-0.00553795	-0.0640492	-0.00280936	0.991574	-0.129507	0.0642267	0.129419	0.989508	1.04905	3.13893	48.6645	
0.997693	-0.00600885	-0.0676207	-0.00294579	0.991305	-0.131551	0.0678232	0.131447	0.989	1.10104	3.24163	49.4434	
0.997442	-0.00648727	-0.0711917	-0.00309009	0.99103	-0.133601	0.0714198	0.133479	0.988475	1.15586	3.34593	50.2219	
0.997177	-0.0069732	-0.0747621	-0.00324229	0.990751	-0.135655	0.0750165	0.135514	0.987931	1.21351	3.45183	51	
0.996899	-0.00746668	-0.0783317	-0.00340242	0.990466	-0.137714	0.0786132	0.137553	0.98737	1.27399	3.55933	51.7776	
0.996609	-0.00796769	-0.0819005	-0.0035705	0.990177	-0.139777	0.0822097	0.139595	0.98679	1.3373	3.66844	52.5549	
0.996305	-0.00847626	-0.0854683	-0.00374654	0.989882	-0.141844	0.0858058	0.14164	0.986192	1.40345	3.77916	53.3316	
0.995988	-0.00899238	-0.089035	-0.00393058	0.989582	-0.143915	0.0894016	0.143688	0.985577	1.47243	3.89149	54.1078	
0.995658	-0.00951607	-0.0926004	-0.00412262	0.989277	-0.14599	0.0929968	0.145738	0.984943	1.54423	4.00543	54.8836	
0.995315	-0.0100473	-0.0961645	-0.00432268	0.988968	-0.148068	0.0965913	0.14779	0.984291	1.61887	4.12099	55.6589	
0.994959	-0.0105861	-0.0997272	-0.00453076	0.988653	-0.150149	0.100185	0.149844	0.983621	1.69634	4.23817	56.4336	
0.994589	-0.0111325	-0.103288	-0.00474688	0.988333	-0.152233	0.103778	0.151899	0.982933	1.77664	4.35696	57.2078	
0.994207	-0.0116865	-0.106848	-0.00497105	0.988009	-0.154319	0.10737	0.153956	0.982227	1.85976	4.47737	57.9815	
0.993811	-0.0122481	-0.110405	-0.00520325	0.987679	-0.156408	0.11096	0.156014	0.981503	1.94572	4.5994	58.7546	
0.993403	-0.0128172	-0.113961	-0.00544349	0.987344	-0.158498	0.11455	0.158073	0.980761	2.0345	4.72305	59.5271	
0.992981	-0.0133939	-0.117514	-0.00569178	0.987005	-0.16059	0.118138	0.160132	0.980001	2.1261	4.84833	60.299	
0.992546	-0.0139781	-0.121066	-0.00594809	0.98666	-0.162684	0.121725	0.162191	0.979223	2.22054	4.97522	61.0704	
0.992098	-0.0145699	-0.124615	-0.00621243	0.986311	-0.164779	0.12531	0.164251	0.978427	2.31779	5.10374	61.8411	
0.991637	-0.0151693	-0.128161	-0.00648478	0.985957	-0.166874	0.128893	0.16631	0.977613	2.41787	5.23388	62.6111	
0.991163	-0.0157762	-0.131705	-0.00676513	0.985598	-0.168971	0.132474	0.168369	0.976782	2.52076	5.36563	63.3805	
0.990676	-0.0163907	-0.135247	-0.00705345	0.985234	-0.171067	0.136054	0.170426	0.975932	2.62648	5.49901	64.1493	
0.990176	-0.0170126	-0.138786	-0.00734974	0.984866	-0.173164	0.139631	0.172483	0.975065	2.73501	5.63401	64.9174	
0.989663	-0.0176421	-0.142322	-0.00765397	0.984492	-0.175261	0.143206	0.174539	0.974181	2.84636	5.77063	65.6848	
0.989137	-0.0182791	-0.145854	-0.00796611	0.984114	-0.177357	0.146779	0.176592	0.973278	2.96053	5.90887	66.4515	
0.988598	-0.0189236	-0.149384	-0.00828614	0.983732	-0.179453	0.15035	0.178644	0.972358	3.0775	6.04872	67.2174	
0.988046	-0.0195756	-0.152911	-0.00861403	0.983344	-0.181547	0.153918	0.180694	0.971421	3.19729	6.19019	67.9827	
0.987481	-0.020235	-0.156434	-0.00894974	0.982953	-0.183641	0.157483	0.182742	0.970466	3.31988	6.33327	68.7472	
0.986903	-0.0209018	-0.159954	-0.00929324	0.982556	-0.185733	0.161046	0.184787	0.969494	3.44528	6.47796	69.5109	
0.986312	-0.0215761	-0.163471	-0.00964448	0.982156	-0.187823	0.164606	0.186829	0.968504	3.57349	6.62426	70.2739	
0.985708	-0.0222578	-0.166983	-0.0100034	0.98175	-0.189912	0.168163	0.188868	0.967497	3.7045	6.77217	71.0361	
0.982209	-0.0259642	-0.185988	-0.00990529	0.981854	-0.189379	0.18753	0.187852	0.964129	3.84453	6.92048	71.7965	
0.978329	-0.0296499	-0.204922	-0.00979648	0.981958	-0.188848	0.206824	0.186763	0.960387	3.99979	7.06797	72.5542	
0.97407	-0.0333134	-0.22378	-0.00967705	0.98206	-0.188319	0.226039	0.185601	0.956273	4.17021	7.21456	73.3088	
0.969434	-0.0369534	-0.242552	-0.00954704	0.982162	-0.187792	0.245165	0.184368	0.951789	4.35572	7.36022	74.06	
0.964423	-0.0405684	-0.261233	-0.00940649	0.982264	-0.187268	0.264197	0.183063	0.946936	4.55626	7.50488	74.8075	
0.959038	-0.0441571	-0.279815	-0.00925548	0.982364	-0.186747	0.283127	0.181688	0.941716	4.77174	7.64848	75.5511	
0.953282	-0.0477179	-0.29829	-0.00909405	0.982464	-0.186229	0.301946	0.180241	0.936131	5.00208	7.79097	76.2904	
0.947156	-0.0512497	-0.316652	-0.00892226	0.982563	-0.185714	0.320649	0.178726	0.930184	5.2472	7.9323	77.0252	
