1	0	0	0	1	0	0	0	1	0	0	0	
1	9.28189e-08	-0.000166361	9.28189e-08	0.999999	0.00111587	0.000166361	-0.00111587	0.999999	7.22577e-05	-0.000484673	0.868687	
1	3.73526e-07	-0.000333711	3.73603e-07	0.999997	0.00223885	0.000333711	-0.00223885	0.999997	0.000289461	-0.00194178	1.73737	
1	8.45509e-07	-0.000502043	8.45819e-07	0.999994	0.00336888	0.000502043	-0.00336888	0.999994	0.000652465	-0.00437746	2.60606	
1	1.51214e-06	-0.00067135	1.51292e-06	0.99999	0.00450592	0.00067135	-0.00450592	0.99999	0.00116212	-0.00779782	3.47474	
1	2.3768e-06	-0.000841625	2.37837e-06	0.999984	0.00564993	0.000841625	-0.00564993	0.999984	0.00181927	-0.012209	4.34341	
0.999999	3.44282e-06	-0.00101286	3.44558e-06	0.999977	0.00680087	0.00101286	-0.00680087	0.999976	0.00262475	-0.0176169	5.21208	
0.999999	4.71355e-06	-0.00118505	4.718e-06	0.999968	0.00795868	0.00118505	-0.00795868	0.999968	0.0035794	-0.0240276	6.08074	
0.999999	6.19232e-06	-0.00135818	6.19903e-06	0.999958	0.00912333	0.00135818	-0.00912333	0.999957	0.00468403	-0.0314471	6.9494	
0.999999	7.88244e-06	-0.00153224	7.89209e-06	0.999947	0.0102948	0.00153224	-0.0102948	0.999946	0.00593947	-0.0398812	7.81804	
0.999999	9.78721e-06	-0.00170724	9.80055e-06	0.999934	0.0114729	0.00170724	-0.0114729	0.999933	0.00734652	-0.0493358	8.68668	
0.999998	1.19099e-05	-0.00188316	1.19278e-05	0.99992	0.0126578	0.00188316	-0.0126578	0.999918	0.00890599	-0.0598169	9.5553	
0.999998	1.42538e-05	-0.00206	1.42772e-05	0.999904	0.0138494	0.00206	-0.0138494	0.999902	0.0106187	-0.0713301	10.4239	
0.999997	1.68222e-05	-0.00223774	1.68521e-05	0.999887	0.0150475	0.00223774	-0.0150475	0.999884	0.0124854	-0.0838813	11.2925	
0.999997	1.96182e-05	-0.00241638	1.96559e-05	0.999868	0.0162522	0.00241638	-0.0162522	0.999865	0.0145069	-0.0974761	12.1611	
0.999997	2.26452e-05	-0.00259591	2.26918e-05	0.999848	0.0174634	0.00259591	-0.0174634	0.999844	0.0166839	-0.11212	13.0296	
0.999996	2.59062e-05	-0.00277633	2.59631e-05	0.999825	0.0186811	0.00277633	-0.0186811	0.999822	0.0190173	-0.127819	13.8982	
0.999996	2.94045e-05	-0.00295762	2.94732e-05	0.999802	0.0199052	0.00295762	-0.0199052	0.999797	0.0215078	-0.144579	14.7667	
0.999995	3.31433e-05	-0.00313978	3.32253e-05	0.999777	0.0211356	0.00313977	-0.0211356	0.999772	0.0241562	-0.162405	15.6352	
0.999994	3.71257e-05	-0.00332279	3.72227e-05	0.99975	0.0223724	0.00332279	-0.0223724	0.999744	0.0269631	-0.181302	16.5037	
0.999994	4.13548e-05	-0.00350667	4.14686e-05	0.999721	0.0236155	0.00350666	-0.0236155	0.999715	0.0299295	-0.201277	17.3721	
0.999993	4.58336e-05	-0.00369138	4.59662e-05	0.999691	0.0248648	0.00369138	-0.0248648	0.999684	0.0330559	-0.222334	18.2406	
0.999992	5.05654e-05	-0.00387693	5.07186e-05	0.999659	0.0261202	0.00387693	-0.0261202	0.999651	0.0363431	-0.244479	19.109	
0.999992	5.55531e-05	-0.00406332	5.57292e-05	0.999625	0.0273818	0.00406331	-0.0273818	0.999617	0.0397919	-0.267717	19.9773	
0.999991	6.07998e-05	-0.00425052	6.10009e-05	0.99959	0.0286495	0.00425052	-0.0286495	0.99958	0.043403	-0.292054	20.8457	
0.99999	6.63085e-05	-0.00443853	6.65371e-05	0.999552	0.0299232	0.00443853	-0.0299232	0.999542	0.047177	-0.317495	21.714	
0.999989	7.20821e-05	-0.00462735	7.23406e-05	0.999513	0.0312029	0.00462735	-0.0312029	0.999502	0.0511147	-0.344044	22.5822	
0.999988	7.81237e-05	-0.00481697	7.84148e-05	0.999472	0.0324886	0.00481696	-0.0324886	0.99946	0.0552168	-0.371708	23.4505	
0.999987	8.44362e-05	-0.00500737	8.47625e-05	0.999429	0.0337801	0.00500737	-0.0337801	0.999417	0.0594839	-0.400492	24.3187	
0.999986	9.10225e-05	-0.00519856	9.13869e-05	0.999385	0.0350774	0.00519855	-0.0350774	0.999371	0.0639168	-0.430399	25.1868	
0.999985	9.78854e-05	-0.00539052	9.82909e-05	0.999338	0.0363806	0.00539051	-0.0363806	0.999323	0.0685161	-0.461437	26.055	
0.999984	0.000105028	-0.00558324	0.000105478	0.999289	0.0376895	0.00558323	-0.0376895	0.999274	0.0732825	-0.493609	26.923	
0.999983	0.000112453	-0.00577672	0.00011295	0.999239	0.039004	0.00577671	-0.039004	0.999222	0.0782166	-0.52692	27.7911	
0.999982	0.000120163	-0.00597094	0.000120711	0.999187	0.0403242	0.00597093	-0.0403242	0.999169	0.0833191	-0.561376	28.6591	
0.999981	0.000128161	-0.00616591	0.000128763	0.999132	0.04165	0.0061659	-0.04165	0.999113	0.0885907	-0.596981	29.527	
0.99998	0.00013645	-0.00636161	0.00013711	0.999076	0.0429813	0.0063616	-0.0429813	0.999056	0.0940319	-0.63374	30.3949	
0.999978	0.000145032	-0.00655803	0.000145754	0.999017	0.0443181	0.00655802	-0.0443181	0.998996	0.0996434	-0.671658	31.2627	
0.999977	0.00015391	-0.00675517	0.000154697	0.998957	0.0456603	0.00675515	-0.0456603	0.998934	0.105426	-0.710739	32.1305	
0.999976	0.000163087	-0.00695302	0.000163944	0.998895	0.0470079	0.006953	-0.0470079	0.99887	0.11138	-0.750989	32.9983	
0.999974	0.000172566	-0.00715156	0.000173497	0.99883	0.0483609	0.00715154	-0.0483609	0.998804	0.117506	-0.792412	33.8659	
0.999973	0.000182348	-0.0073508	0.000183357	0.998763	0.0497191	0.00735077	-0.0497191	0.998736	0.123805	-0.835012	34.7335	
0.999971	0.000192437	-0.00755071	0.000193529	0.998694	0.0510825	0.00755069	-0.0510825	0.998666	0.130278	-0.878795	35.6011	
0.99997	0.000202835	-0.00775131	0.000204014	0.998623	0.0524511	0.00775128	-0.0524511	0.998593	0.136924	-0.923764	36.4686	
0.999968	0.000213545	-0.00795256	0.000214816	0.99855	0.0538248	0.00795253	-0.0538248	0.998519	0.143745	-0.969924	37.336	
0.999967	0.000224569	-0.00815448	0.000225937	0.998475	0.0552036	0.00815444	-0.0552036	0.998442	0.150741	-1.01728	38.2034	
0.999965	0.00023591	-0.00835704	0.00023738	0.998398	0.0565874	0.008357	-0.0565874	0.998363	0.157912	-1.06584	39.0707	
0.999963	0.000247569	-0.00856025	0.000249147	0.998318	0.0579762	0.0085602	-0.0579762	0.998281	0.16526	-1.1156	39.9379	
0.999962	0.00025955	-0.00876408	0.00026124	0.998236	0.0593698	0.00876403	-0.0593698	0.998198	0.172785	-1.16656	40.8051	
0.99996	0.000271855	-0.00896855	0.000273662	0.998152	0.0607683	0.00896849	-0.0607684	0.998112	0.180487	-1.21875	41.6722	
0.999958	0.000284485	-0.00917362	0.000286417	0.998065	0.0621717	0.00917356	-0.0621717	0.998023	0.188367	-1.27214	42.5392	
0.999956	0.000297444	-0.00937931	0.000299505	0.997977	0.0635797	0.00937924	-0.0635797	0.997933	0.196425	-1.32676	43.4061	
0.999954	0.000310733	-0.00958559	0.00031293	0.997886	0.0649925	0.00958552	-0.0649925	0.99784	0.204662	-1.38261	44.273	
0.999952	0.000324355	-0.00979246	0.000326693	0.997792	0.0664099	0.00979239	-0.0664099	0.997744	0.213079	-1.43968	45.1397	
0.99995	0.000338312	-0.00999992	0.000340798	0.997697	0.0678319	0.00999983	-0.0678319	0.997647	0.221676	-1.49799	46.0064	
0.999948	0.000352605	-0.0102079	0.000355246	0.997599	0.0692584	0.0102079	-0.0692584	0.997547	0.230453	-1.55753	46.873	
0.999946	0.000367238	-0.0104165	0.000370039	0.997498	0.0706894	0.0104164	-0.0706894	0.997444	0.239411	-1.61832	47.7395	
0.999943	0.000382212	-0.0106257	0.000385181	0.997396	0.0721248	0.0106256	-0.0721248	0.997339	0.24855	-1.68035	48.6059	
0.999941	0.000397529	-0.0108354	0.000400672	0.99729	0.0735645	0.0108353	-0.0735646	0.997232	0.257871	-1.74363	49.4723	
0.999939	0.000413191	-0.0110456	0.000416516	0.997183	0.0750086	0.0110455	-0.0750086	0.997122	0.267375	-1.80816	50.3385	
0.999951	0.000323847	-0.0098914	0.000461915	0.996848	0.0793333	0.00988592	-0.079334	0.996799	0.276467	-1.8752	51.2046	
0.999962	0.000229657	-0.00873958	0.000502333	0.996494	0.0836615	0.00872815	-0.0836626	0.996456	0.284552	-1.94599	52.0703	
0.999971	0.00013063	-0.0075901	0.000537766	0.996121	0.0879928	0.00757215	-0.0879943	0.996092	0.291632	-2.02055	52.9358	
0.999979	2.67712e-05	-0.0064429	0.000568209	0.995729	0.092327	0.00641785	-0.0923287	0.995708	0.297708	-2.09887	53.8009	
0.999986	-8.19142e-05	-0.00529793	0.000593657	0.995317	0.0966639	0.0052652	-0.0966657	0.995303	0.302782	-2.18096	54.6657	
0.999991	-0.000195421	-0.00415512	0.000614107	0.994886	0.101003	0.00411413	-0.101005	0.994877	0.306856	-2.26682	55.5301	
0.999995	-0.000313746	-0.00301442	0.000629555	0.994436	0.105345	0.00296459	-0.105346	0.994431	0.309931	-2.35645	56.3941	
0.999998	-0.000436886	-0.00187576	0.000639999	0.993966	0.109688	0.00181652	-0.109689	0.993964	0.312008	-2.44985	57.2578	
1	-0.000564838	-0.000739094	0.000645434	0.993477	0.114033	0.000669863	-0.114033	0.993477	0.313088	-2.54702	58.121	
1	-0.0006976	0.000395642	0.00064586	0.992968	0.118379	-0.000475441	-0.118378	0.992968	0.313172	-2.64797	58.9838	
0.999998	-0.000835173	0.00152851	0.000641273	0.99244	0.122726	-0.00161945	-0.122725	0.992439	0.312262	-2.75269	59.8462	
0.999996	-0.000977555	0.00265956	0.000631672	0.991893	0.127074	-0.00276222	-0.127072	0.99189	0.310359	-2.86118	60.7081	
0.999992	-0.00112475	0.00378886	0.000617055	0.991326	0.131422	-0.00390382	-0.131419	0.991319	0.307464	-2.97346	61.5695	
0.999987	-0.00127675	0.00491647	0.000597422	0.99074	0.135771	-0.00504429	-0.135767	0.990728	0.303577	-3.08951	62.4303	
0.999981	-0.00143357	0.00604244	0.000572772	0.990134	0.14012	-0.0061837	-0.140114	0.990116	0.2987	-3.20934	63.2907	
0.999973	-0.00159521	0.00716684	0.000543105	0.989509	0.144469	-0.00732211	-0.144461	0.989483	0.292834	-3.33294	64.1505	
0.999964	-0.00176167	0.00828972	0.000508419	0.988865	0.148817	-0.00845958	-0.148807	0.98883	0.285979	-3.46032	65.0098	
0.999954	-0.00193295	0.00941115	0.000468717	0.988201	0.153164	-0.00959616	-0.153152	0.988156	0.278137	-3.59147	65.8685	
0.999942	-0.00210906	0.0105312	0.000423998	0.987517	0.15751	-0.0107319	-0.157496	0.987461	0.269308	-3.7264	66.7266	
0.99993	-0.00229001	0.0116499	0.000374263	0.986815	0.161855	-0.0118669	-0.161839	0.986746	0.259492	-3.8651	67.5841	
0.999915	-0.00247581	0.0127673	0.000319514	0.986092	0.166198	-0.0130012	-0.16618	0.98601	0.248691	-4.00758	68.4409	
0.9999	-0.00266646	0.0138834	0.000259752	0.985351	0.170539	-0.0141348	-0.170518	0.985253	0.236904	-4.15382	69.2972	
0.999883	-0.00286196	0.0149985	0.00019498	0.98459	0.174878	-0.0152678	-0.174855	0.984476	0.224133	-4.30383	70.1527	
0.999865	-0.00306234	0.0161124	0.000125199	0.98381	0.179215	-0.0164003	-0.179189	0.983678	0.210379	-4.45761	71.0075	
0.999672	-0.00479834	0.0251377	-0.000287907	0.980094	0.198532	-0.02559	-0.198474	0.979772	0.19214	-4.62165	71.8604	
0.999395	-0.0067112	0.034125	-0.000881711	0.976	0.217767	-0.0347675	-0.217665	0.975404	0.165923	-4.8024	72.7096	
0.999033	-0.00880002	0.0430701	-0.00165593	0.97153	0.236912	-0.0439287	-0.236754	0.970576	0.13174	-4.99978	73.5549	
0.998587	-0.0110638	0.0519686	-0.00261021	0.966685	0.255957	-0.0530691	-0.255731	0.96529	0.0896081	-5.2137	74.3958	
0.998058	-0.0135015	0.0608165	-0.00374409	0.961467	0.274894	-0.0621846	-0.274588	0.959549	0.0395465	-5.44405	75.2318	
0.997444	-0.016112	0.0696095	-0.00505704	0.95588	0.293713	-0.0712707	-0.293315	0.953356	-0.0184212	-5.69072	76.0627	
0.996747	-0.018894	0.0783435	-0.00654844	0.949926	0.312406	-0.0803231	-0.311903	0.946712	-0.0842676	-5.95361	76.888	
0.995967	-0.0218462	0.0870144	-0.00821758	0.943607	0.330964	-0.0893377	-0.330345	0.939623	-0.157962	-6.23257	77.7074	
0.995105	-0.0249672	0.0956181	-0.0100637	0.936928	0.349379	-0.0983102	-0.348631	0.93209	-0.239468	-6.52749	78.5204	
0.99416	-0.0282556	0.10415	-0.0120859	0.92989	0.36764	-0.107236	-0.366752	0.924118	-0.32875	-6.83823	79.3267	
0.993133	-0.0317098	0.112608	-0.0142832	0.922497	0.385741	-0.116112	-0.3847	0.915709	-0.425763	-7.16463	80.1258	
0.992025	-0.0353281	0.120985	-0.0166546	0.914752	0.403671	-0.124933	-0.402467	0.906869	-0.530464	-7.50654	80.9175	
0.990837	-0.039109	0.12928	-0.019199	0.90666	0.421424	-0.133694	-0.420044	0.897602	-0.642801	-7.86381	81.7012	
0.989568	-0.0430505	0.137487	-0.0219152	0.898225	0.43899	-0.142393	-0.437423	0.88791	-0.762722	-8.23626	82.4768	
0.988219	-0.0471508	0.145604	-0.0248019	0.889449	0.456361	-0.151025	-0.454596	0.877801	-0.890172	-8.62372	83.2438	
0.986791	-0.051408	0.153625	-0.0278577	0.880337	0.47353	-0.159585	-0.471554	0.867277	-1.02509	-9.026	84.0018	
0.985285	-0.0558201	0.161548	-0.0310812	0.870894	0.490487	-0.16807	-0.48829	0.856344	-1.16741	-9.44292	84.7504	
