1	0	0	0	1	0	0	0	1	0	0	0	
0.999998	5.003e-06	0.0017923	5.003e-06	0.999984	-0.00558274	-0.0017923	0.00558274	0.999983	-0.000940052	0.00292813	1.04898	
0.999994	2.00051e-05	0.00358364	2.00116e-05	0.999938	-0.0111661	-0.00358364	0.0111661	0.999931	-0.00375971	0.0117128	2.09793	
0.999986	4.49973e-05	0.00537396	4.50233e-05	0.99986	-0.01675	-0.00537396	0.01675	0.999845	-0.00845794	0.0263547	3.14681	
0.999974	7.99701e-05	0.0071632	8.00351e-05	0.999751	-0.0223341	-0.0071632	0.0223341	0.999725	-0.0150336	0.0468542	4.19557	
0.99996	0.000124914	0.00895128	0.000125044	0.99961	-0.0279182	-0.00895128	0.0279182	0.99957	-0.0234856	0.0732113	5.2442	
0.999942	0.000179818	0.0107382	0.000180045	0.999439	-0.0335022	-0.0107382	0.0335022	0.999381	-0.0338127	0.105426	6.29264	
0.999922	0.000244671	0.0125237	0.000245035	0.999236	-0.0390858	-0.0125237	0.0390858	0.999157	-0.0460134	0.143498	7.34087	
0.999898	0.000319464	0.014308	0.00032001	0.999002	-0.0446688	-0.014308	0.0446688	0.998899	-0.0600866	0.187427	8.38884	
0.99987	0.000404183	0.0160908	0.000404963	0.998737	-0.0502511	-0.0160908	0.0502511	0.998607	-0.0760306	0.237212	9.43653	
0.99984	0.000498817	0.0178722	0.000499889	0.99844	-0.0558324	-0.0178722	0.0558324	0.99828	-0.0938441	0.292853	10.4839	
0.999807	0.000603353	0.019652	0.000604784	0.998112	-0.0614125	-0.019652	0.0614126	0.997919	-0.113525	0.354347	11.5309	
0.99977	0.00071778	0.0214303	0.000719639	0.997753	-0.0669913	-0.0214302	0.0669913	0.997523	-0.135073	0.421695	12.5775	
0.99973	0.000842082	0.0232068	0.000844448	0.997363	-0.0725684	-0.0232067	0.0725685	0.997093	-0.158485	0.494893	13.6237	
0.999687	0.000976247	0.0249816	0.000979205	0.996942	-0.0781438	-0.0249815	0.0781439	0.996629	-0.183759	0.573942	14.6694	
0.999641	0.00112026	0.0267547	0.0011239	0.996489	-0.0837172	-0.0267545	0.0837172	0.99613	-0.210895	0.658837	15.7146	
0.999592	0.00127411	0.0285258	0.00127853	0.996005	-0.0892884	-0.0285256	0.0892884	0.995597	-0.239889	0.749578	16.7592	
0.99954	0.00143778	0.0302951	0.00144308	0.99549	-0.0948572	-0.0302948	0.0948572	0.99503	-0.27074	0.846162	17.8033	
0.999485	0.00161125	0.0320624	0.00161754	0.994943	-0.100423	-0.0320621	0.100423	0.994428	-0.303446	0.948586	18.8467	
0.999426	0.00179451	0.0338276	0.00180191	0.994366	-0.105987	-0.0338272	0.105987	0.993792	-0.338005	1.05685	19.8896	
0.999364	0.00198754	0.0355907	0.00199618	0.993757	-0.111547	-0.0355902	0.111547	0.993122	-0.374414	1.17094	20.9317	
0.9993	0.00219032	0.0373516	0.00220033	0.993117	-0.117104	-0.037351	0.117104	0.992417	-0.412671	1.29087	21.9731	
0.999232	0.00240285	0.0391103	0.00241435	0.992446	-0.122658	-0.0391096	0.122658	0.991678	-0.452775	1.41662	23.0137	
0.999161	0.0026251	0.0408667	0.00263824	0.991744	-0.128208	-0.0408659	0.128208	0.990905	-0.494722	1.5482	24.0536	
0.999087	0.00285705	0.0426208	0.00287198	0.99101	-0.133754	-0.0426198	0.133755	0.990098	-0.538509	1.6856	25.0926	
0.99901	0.00309868	0.0443724	0.00311556	0.990246	-0.139297	-0.0443712	0.139297	0.989256	-0.584136	1.82882	26.1308	
0.99893	0.00334998	0.0461215	0.00336896	0.98945	-0.144835	-0.0461201	0.144835	0.98838	-0.631598	1.97784	27.1681	
0.998847	0.00361093	0.0478681	0.00363219	0.988623	-0.150368	-0.0478665	0.150369	0.98747	-0.680894	2.13268	28.2044	
0.998761	0.00388151	0.0496121	0.00390521	0.987766	-0.155898	-0.0496102	0.155898	0.986527	-0.73202	2.29331	29.2397	
0.998672	0.0041617	0.0513534	0.00418803	0.986877	-0.161422	-0.0513512	0.161422	0.985549	-0.784974	2.45975	30.2741	
0.99858	0.00445147	0.0530919	0.00448061	0.985957	-0.166941	-0.0530895	0.166942	0.984536	-0.839753	2.63197	31.3074	
0.998485	0.00475082	0.0548277	0.00478297	0.985006	-0.172455	-0.0548249	0.172456	0.98349	-0.896354	2.80998	32.3396	
0.998386	0.00505971	0.0565606	0.00509506	0.984024	-0.177963	-0.0565574	0.177964	0.98241	-0.954773	2.99378	33.3707	
0.998285	0.00537813	0.0582906	0.00541689	0.983011	-0.183466	-0.058287	0.183467	0.981296	-1.01501	3.18335	34.4007	
0.998181	0.00570605	0.0600177	0.00574843	0.981967	-0.188963	-0.0600136	0.188965	0.980148	-1.07706	3.37869	35.4295	
0.998074	0.00604345	0.0617416	0.00608968	0.980893	-0.194454	-0.0617371	0.194456	0.978967	-1.14091	3.57979	36.457	
0.997964	0.00639032	0.0634625	0.0064406	0.979787	-0.199939	-0.0634575	0.199941	0.977751	-1.20658	3.78665	37.4833	
0.997851	0.00674662	0.0651803	0.0068012	0.978651	-0.205417	-0.0651746	0.205419	0.976502	-1.27405	3.99926	38.5083	
0.997735	0.00711234	0.0668948	0.00717144	0.977484	-0.210889	-0.0668885	0.210891	0.975218	-1.34331	4.21761	39.532	
0.997616	0.00748744	0.0686061	0.00755131	0.976286	-0.216354	-0.0685991	0.216356	0.973902	-1.41438	4.4417	40.5543	
0.997494	0.00787191	0.070314	0.0079408	0.975057	-0.221812	-0.0703062	0.221814	0.972551	-1.48723	4.67152	41.5752	
0.997369	0.00826573	0.0720185	0.00833989	0.973798	-0.227262	-0.0720099	0.227265	0.971167	-1.56187	4.90706	42.5946	
0.997241	0.00866886	0.0737196	0.00874855	0.972508	-0.232706	-0.0737102	0.232709	0.969749	-1.6383	5.14832	43.6127	
0.997111	0.00908129	0.0754171	0.00916678	0.971187	-0.238141	-0.0754068	0.238144	0.968298	-1.71652	5.39528	44.6292	
0.996977	0.00950298	0.0771111	0.00959454	0.969836	-0.243569	-0.0770998	0.243572	0.966813	-1.79651	5.64794	45.6441	
0.996841	0.00993392	0.0788015	0.0100318	0.968454	-0.248989	-0.0787891	0.248993	0.965295	-1.87827	5.90628	46.6575	
0.996702	0.0103741	0.0804881	0.0104786	0.967042	-0.2544	-0.0804746	0.254404	0.963744	-1.9618	6.17031	47.6693	
0.996559	0.0108234	0.0821711	0.0109349	0.9656	-0.259803	-0.0821563	0.259808	0.962159	-2.0471	6.44002	48.6794	
0.996415	0.0112819	0.0838502	0.0114006	0.964127	-0.265198	-0.0838342	0.265203	0.960541	-2.13416	6.71538	49.6878	
0.996267	0.0117495	0.0855255	0.0118757	0.962623	-0.270583	-0.085508	0.270589	0.95889	-2.22298	6.9964	50.6946	
0.996116	0.0122263	0.0871968	0.0123603	0.96109	-0.27596	-0.0871779	0.275966	0.957206	-2.31355	7.28307	51.6996	
0.995963	0.0127121	0.0888642	0.0128542	0.959526	-0.281327	-0.0888438	0.281334	0.955488	-2.40588	7.57537	52.7028	
0.995806	0.013207	0.0905276	0.0133576	0.957932	-0.286685	-0.0905055	0.286692	0.953738	-2.49995	7.8733	53.7042	
0.995647	0.0137109	0.0921868	0.0138702	0.956307	-0.292034	-0.092163	0.292041	0.951955	-2.59575	8.17684	54.7037	
0.995485	0.0142238	0.0938419	0.0143922	0.954653	-0.297373	-0.0938163	0.297381	0.950139	-2.6933	8.48599	55.7013	
0.995321	0.0147456	0.0954929	0.0149235	0.952969	-0.302701	-0.0954652	0.30271	0.94829	-2.79258	8.80074	56.697	
0.995154	0.0152764	0.0971395	0.0154641	0.951254	-0.30802	-0.0971098	0.308029	0.946408	-2.89358	9.12107	57.6908	
0.994983	0.0158161	0.0987819	0.0160139	0.94951	-0.313328	-0.09875	0.313338	0.944493	-2.99631	9.44697	58.6826	
0.994811	0.0163647	0.10042	0.016573	0.947736	-0.318626	-0.100386	0.318636	0.942546	-3.10076	9.77844	59.6723	
0.994635	0.0169221	0.102053	0.0171412	0.945932	-0.323912	-0.102017	0.323924	0.940567	-3.20692	10.1155	60.66	
0.994457	0.0174883	0.103683	0.0177186	0.944098	-0.329188	-0.103643	0.329201	0.938555	-3.31478	10.458	61.6456	
0.994276	0.0180633	0.105307	0.0183052	0.942235	-0.334453	-0.105265	0.334466	0.93651	-3.42436	10.8061	62.6291	
0.994092	0.0186471	0.106927	0.0189009	0.940342	-0.339706	-0.106883	0.33972	0.934434	-3.53563	11.1597	63.6104	
0.993906	0.0192395	0.108542	0.0195057	0.938419	-0.344948	-0.108495	0.344963	0.932325	-3.64859	11.5188	64.5895	
0.993717	0.0198407	0.110153	0.0201195	0.936467	-0.350179	-0.110103	0.350194	0.930183	-3.76324	11.8834	65.5664	
0.993525	0.0204505	0.111759	0.0207424	0.934485	-0.355397	-0.111705	0.355414	0.92801	-3.87958	12.2535	66.541	
0.993079	0.0218505	0.115401	0.0210207	0.933612	-0.357668	-0.115555	0.357618	0.926691	-3.99878	12.6275	67.5138	
0.992617	0.0232588	0.119036	0.0213085	0.932733	-0.359936	-0.119401	0.359816	0.925352	-4.12201	13.0038	68.4851	
0.992141	0.0246752	0.122665	0.0216057	0.931849	-0.362202	-0.123243	0.362006	0.923993	-4.24928	13.3824	69.4551	
0.990183	0.0299378	0.136532	0.0187867	0.939425	-0.342239	-0.138508	0.341444	0.929641	-4.38657	13.7514	70.4274	
0.987997	0.0348909	0.150479	0.01564	0.946556	-0.322161	-0.153677	0.320647	0.934649	-4.53983	14.0987	71.4053	
0.985585	0.0395312	0.164496	0.0121676	0.953236	-0.301982	-0.168741	0.29963	0.939014	-4.70895	14.424	72.388	
0.982949	0.0438556	0.178574	0.00837201	0.959461	-0.281716	-0.183689	0.278407	0.942734	-4.89381	14.7272	73.3751	
0.980089	0.0478609	0.192702	0.0042558	0.965227	-0.261377	-0.198511	0.256993	0.945806	-5.09428	15.008	74.3657	
0.977009	0.0515446	0.206871	-0.000178182	0.97053	-0.240978	-0.213196	0.235401	0.948227	-5.31023	15.2663	75.3591	
0.973711	0.0549039	0.221072	-0.0049269	0.975367	-0.220535	-0.227734	0.213648	0.949996	-5.54151	15.5018	76.3548	
0.970196	0.0579367	0.235294	-0.00998708	0.979733	-0.200061	-0.242116	0.191748	0.951111	-5.78796	15.7145	77.352	
0.966467	0.0606409	0.249528	-0.0153552	0.983626	-0.179569	-0.256332	0.169716	0.951573	-6.04941	15.9041	78.35	
0.962527	0.0630145	0.263764	-0.0210277	0.987043	-0.159075	-0.270371	0.147567	0.95138	-6.32567	16.0705	79.3481	
0.958378	0.0650559	0.277993	-0.0270006	0.989981	-0.138592	-0.284224	0.125317	0.950533	-6.61657	16.2136	80.3457	
0.954023	0.0667638	0.292203	-0.0332697	0.99244	-0.118134	-0.297881	0.102981	0.949032	-6.9219	16.3334	81.3421	
0.949465	0.068137	0.306387	-0.0398308	0.994417	-0.0977152	-0.311334	0.0805736	0.946878	-7.24145	16.4297	82.3365	
0.944708	0.0691745	0.320533	-0.0466794	0.995911	-0.0773501	-0.324573	0.058111	0.944074	-7.575	16.5024	83.3284	
0.939754	0.0698757	0.334633	-0.0538107	0.99692	-0.0570524	-0.337589	0.0356084	0.94062	-7.92232	16.5516	84.317	
0.934608	0.0702399	0.348676	-0.0612199	0.997444	-0.0368361	-0.350372	0.0130814	0.936519	-8.28317	16.5771	85.3016	
0.929272	0.070267	0.362652	-0.0689018	0.997483	-0.016715	-0.362914	-0.00945466	0.931775	-8.65731	16.579	86.2815	
0.92375	0.069957	0.376553	-0.0768512	0.997037	0.00329701	-0.375207	-0.0319842	0.926389	-9.04447	16.5573	87.2562	
0.918046	0.0693101	0.390369	-0.0850626	0.996106	0.0231861	-0.387242	-0.0544917	0.920366	-9.4444	16.5119	88.2249	
0.912164	0.0683267	0.40409	-0.0935303	0.99469	0.0429387	-0.39901	-0.0769618	0.913711	-9.85681	16.443	89.1869	
0.906108	0.0670075	0.417707	-0.102249	0.992791	0.0625412	-0.410505	-0.099379	0.906427	-10.2814	16.3505	90.1416	
0.899882	0.0653534	0.431209	-0.111211	0.99041	0.08198	-0.421716	-0.121728	0.89852	-10.7179	16.2345	91.0883	
0.89349	0.0633655	0.444589	-0.120413	0.987548	0.101242	-0.432638	-0.143993	0.889995	-11.1661	16.0951	92.0264	
0.886938	0.0610452	0.457837	-0.129846	0.984208	0.120314	-0.443262	-0.166159	0.880857	-11.6255	15.9324	92.9553	
0.880228	0.0583942	0.470944	-0.139505	0.980391	0.139182	-0.453582	-0.188211	0.871114	-12.0959	15.7466	93.8742	
0.873367	0.0554141	0.4839	-0.149382	0.976101	0.157834	-0.463589	-0.210133	0.860772	-12.577	15.5376	94.7827	
0.866358	0.0521072	0.496697	-0.159472	0.97134	0.176257	-0.473278	-0.231911	0.849838	-13.0684	15.3058	95.6799	
0.859207	0.0484756	0.509327	-0.169767	0.966112	0.194438	-0.482641	-0.253529	0.83832	-13.5698	15.0511	96.5654	
0.851918	0.0445218	0.521779	-0.18026	0.96042	0.212365	-0.491673	-0.274973	0.826225	-14.0809	14.7739	97.4385	
0.844497	0.0402486	0.534047	-0.190944	0.954269	0.230025	-0.500366	-0.296228	0.813562	-14.6012	14.4743	98.2986	
0.836948	0.0356589	0.54612	-0.201812	0.947661	0.247406	-0.508715	-0.317279	0.800339	-15.1305	14.1525	99.1451	
