1	0	0	0	1	0	0	0	1	0	0	0	
0.999998	-1.83684e-06	-0.0020034	-1.83684e-06	0.999998	-0.00183371	0.0020034	0.00183371	0.999996	0.000873708	0.000799704	0.872221	
0.999992	-7.36737e-06	-0.00401271	-7.36401e-06	0.999993	-0.00367115	0.00401271	0.00367115	0.999985	0.0034974	0.00320044	1.74444	
0.999982	-1.66205e-05	-0.00602785	-1.6607e-05	0.999985	-0.00551224	0.00602785	0.00551224	0.999967	0.00787621	0.00720542	2.61664	
0.999968	-2.96247e-05	-0.00804875	-2.95909e-05	0.999973	-0.00735691	0.00804875	0.00735691	0.999941	0.0140152	0.0128178	3.48882	
0.999949	-4.64082e-05	-0.0100753	-4.63405e-05	0.999958	-0.00920508	0.0100753	0.00920508	0.999907	0.0219193	0.0200407	4.36098	
0.999927	-6.69987e-05	-0.0121076	-6.68798e-05	0.999939	-0.0110567	0.0121076	0.0110567	0.999866	0.0315935	0.0288771	5.2331	
0.9999	-9.14236e-05	-0.0141453	-9.12329e-05	0.999917	-0.0129117	0.0141453	0.0129117	0.999817	0.0430427	0.0393299	6.10518	
0.999869	-0.00011971	-0.0161886	-0.000119423	0.999891	-0.0147699	0.0161886	0.0147699	0.99976	0.0562717	0.0514022	6.97722	
0.999834	-0.000151884	-0.0182372	-0.000151473	0.999862	-0.0166314	0.0182372	0.0166314	0.999695	0.0712852	0.0650967	7.84921	
0.999794	-0.000187972	-0.0202912	-0.000187406	0.999829	-0.018496	0.0202913	0.018496	0.999623	0.0880879	0.0804161	8.72113	
0.99975	-0.000228	-0.0223505	-0.000227244	0.999793	-0.0203637	0.0223505	0.0203637	0.999543	0.106684	0.0973633	9.59299	
0.999702	-0.000271993	-0.024415	-0.000271008	0.999753	-0.0222344	0.024415	0.0222344	0.999455	0.127079	0.115941	10.4648	
0.999649	-0.000319977	-0.0264846	-0.00031872	0.999709	-0.0241081	0.0264846	0.0241081	0.999358	0.149277	0.136151	11.3365	
0.999592	-0.000371975	-0.0285592	-0.000370401	0.999662	-0.0259846	0.0285592	0.0259846	0.999254	0.173283	0.157997	12.2081	
0.99953	-0.000428012	-0.0306388	-0.00042607	0.999612	-0.0278639	0.0306389	0.0278638	0.999142	0.1991	0.181481	13.0796	
0.999464	-0.000488112	-0.0327234	-0.000485749	0.999557	-0.0297459	0.0327234	0.0297458	0.999022	0.226733	0.206605	13.951	
0.999394	-0.000552298	-0.0348128	-0.000549456	0.999499	-0.0316305	0.0348128	0.0316304	0.998893	0.256186	0.233372	14.8224	
0.999319	-0.000620593	-0.0369069	-0.000617211	0.999438	-0.0335177	0.0369069	0.0335176	0.998756	0.287464	0.261784	15.6936	
0.999239	-0.000693019	-0.0390057	-0.000689032	0.999373	-0.0354074	0.0390058	0.0354073	0.998611	0.32057	0.291843	16.5646	
0.999154	-0.000769599	-0.0411092	-0.000764937	0.999304	-0.0372995	0.0411093	0.0372994	0.998458	0.355509	0.323551	17.4356	
0.999065	-0.000850354	-0.0432172	-0.000844945	0.999231	-0.039194	0.0432173	0.0391939	0.998297	0.392285	0.356911	18.3064	
0.998972	-0.000935305	-0.0453296	-0.000929072	0.999155	-0.0410908	0.0453298	0.0410907	0.998127	0.430901	0.391924	19.177	
0.998873	-0.00102447	-0.0474465	-0.00101734	0.999075	-0.0429898	0.0474466	0.0429896	0.997948	0.471362	0.428592	20.0476	
0.99877	-0.00111788	-0.0495677	-0.00110975	0.998991	-0.0448909	0.0495679	0.0448907	0.997761	0.513671	0.466918	20.9179	
0.998662	-0.00121554	-0.0516931	-0.00120634	0.998904	-0.0467941	0.0516933	0.0467939	0.997566	0.557832	0.506903	21.7881	
0.99855	-0.00131748	-0.0538227	-0.00130711	0.998813	-0.0486993	0.053823	0.048699	0.997362	0.603849	0.548548	22.6581	
0.998432	-0.00142372	-0.0559565	-0.00141208	0.998718	-0.0506064	0.0559568	0.0506061	0.99715	0.651726	0.591856	23.5279	
0.99831	-0.00153427	-0.0580942	-0.00152126	0.998619	-0.0525154	0.0580946	0.052515	0.996929	0.701465	0.636829	24.3976	
0.998183	-0.00164915	-0.0602359	-0.00163467	0.998516	-0.0544261	0.0602363	0.0544257	0.996699	0.75307	0.683467	25.267	
0.998051	-0.00176839	-0.0623815	-0.00175232	0.99841	-0.0563386	0.062382	0.0563381	0.996461	0.806545	0.731772	26.1363	
0.997914	-0.00189199	-0.0645309	-0.00187423	0.9983	-0.0582527	0.0645314	0.0582521	0.996214	0.861894	0.781746	27.0053	
0.997772	-0.00201998	-0.0666841	-0.00200041	0.998186	-0.0601683	0.0666846	0.0601677	0.995958	0.919119	0.83339	27.8741	
0.997625	-0.00215237	-0.0688408	-0.00213087	0.998069	-0.0620855	0.0688415	0.0620848	0.995694	0.978223	0.886706	28.7427	
0.997474	-0.00228917	-0.0710012	-0.00226562	0.997947	-0.0640041	0.071002	0.0640032	0.995421	1.03921	0.941694	29.611	
0.997317	-0.00243041	-0.0731651	-0.00240467	0.997822	-0.065924	0.0731659	0.0659231	0.995139	1.10208	0.998357	30.4791	
0.997155	-0.0025761	-0.0753324	-0.00254804	0.997693	-0.0678452	0.0753333	0.0678442	0.994848	1.16685	1.05669	31.347	
0.996988	-0.00272625	-0.077503	-0.00269573	0.99756	-0.0697677	0.0775041	0.0697665	0.994548	1.2335	1.11671	32.2146	
0.996817	-0.00288087	-0.079677	-0.00284776	0.997423	-0.0716913	0.0796782	0.0716899	0.994239	1.30205	1.1784	33.0819	
0.99664	-0.00303999	-0.0818541	-0.00300413	0.997282	-0.0736159	0.0818555	0.0736144	0.993922	1.3725	1.24177	33.949	
0.996458	-0.00320361	-0.0840344	-0.00316486	0.997138	-0.0755416	0.0840359	0.0755399	0.993595	1.44484	1.30682	34.8158	
0.996271	-0.00337175	-0.0862178	-0.00332995	0.996989	-0.0774682	0.0862194	0.0774663	0.99326	1.51909	1.37354	35.6822	
0.996078	-0.00354441	-0.0884041	-0.00349941	0.996837	-0.0793956	0.0884059	0.0793936	0.992915	1.59525	1.44195	36.5484	
0.995881	-0.00372162	-0.0905933	-0.00367325	0.996681	-0.0813238	0.0905953	0.0813216	0.992562	1.67331	1.51204	37.4143	
0.995678	-0.00390338	-0.0927853	-0.00385148	0.996521	-0.0832528	0.0927875	0.0832504	0.9922	1.75329	1.58381	38.2799	
0.995471	-0.0040897	-0.0949801	-0.0040341	0.996357	-0.0851824	0.0949825	0.0851797	0.991828	1.83518	1.65727	39.1452	
0.995258	-0.0042806	-0.0971776	-0.00422112	0.99619	-0.0871126	0.0971802	0.0871097	0.991447	1.91898	1.7324	40.0101	
0.99504	-0.00447608	-0.0993777	-0.00441254	0.996018	-0.0890433	0.0993805	0.0890401	0.991058	2.0047	1.80923	40.8747	
0.994816	-0.00467616	-0.10158	-0.00460838	0.995843	-0.0909744	0.101583	0.0909709	0.990659	2.09235	1.88773	41.7389	
0.994588	-0.00488083	-0.103785	-0.00480863	0.995663	-0.0929059	0.103789	0.0929021	0.990251	2.18191	1.96792	42.6028	
0.994354	-0.00509012	-0.105993	-0.0050133	0.99548	-0.0948377	0.105996	0.0948336	0.989834	2.2734	2.04979	43.4664	
0.994115	-0.00530403	-0.108202	-0.00522239	0.995293	-0.0967698	0.108206	0.0967653	0.989408	2.36682	2.13335	44.3295	
0.99387	-0.00552257	-0.110414	-0.00543591	0.995102	-0.098702	0.110419	0.0986972	0.988972	2.46216	2.2186	45.1923	
0.993621	-0.00574574	-0.112628	-0.00565387	0.994907	-0.100634	0.112633	0.100629	0.988528	2.55944	2.30552	46.0547	
0.993366	-0.00597355	-0.114845	-0.00587625	0.994709	-0.102567	0.11485	0.102561	0.988074	2.65865	2.39414	46.9168	
0.993105	-0.00620601	-0.117063	-0.00610308	0.994506	-0.104499	0.117068	0.104493	0.987611	2.75979	2.48444	47.7784	
0.992839	-0.00644312	-0.119283	-0.00633434	0.9943	-0.106431	0.119288	0.106425	0.987139	2.86287	2.57642	48.6396	
0.992568	-0.0066849	-0.121505	-0.00657004	0.99409	-0.108363	0.121511	0.108356	0.986658	2.96788	2.67009	49.5004	
0.992292	-0.00693133	-0.123728	-0.00681018	0.993876	-0.110295	0.123735	0.110287	0.986168	3.07484	2.76544	50.3608	
0.991783	-0.00737618	-0.127718	-0.00672194	0.993953	-0.109603	0.127754	0.109561	0.985736	3.18451	2.86132	51.2207	
0.991257	-0.00781893	-0.131714	-0.00663141	0.994029	-0.108915	0.131779	0.108837	0.985286	3.2977	2.95656	52.0803	
0.990713	-0.00825956	-0.135715	-0.00653859	0.994104	-0.108232	0.135809	0.108114	0.984818	3.4144	3.05118	52.9395	
0.990153	-0.00869802	-0.139721	-0.00644349	0.994179	-0.107553	0.139844	0.107394	0.984332	3.53461	3.14516	53.7983	
0.989574	-0.00913427	-0.143732	-0.00634611	0.994252	-0.106877	0.143883	0.106675	0.983828	3.65835	3.23852	54.6566	
0.988979	-0.0095683	-0.147748	-0.00624645	0.994325	-0.106205	0.147925	0.105958	0.983306	3.78561	3.33125	55.5145	
0.988366	-0.01	-0.151767	-0.00614452	0.994396	-0.105537	0.151972	0.105242	0.982766	3.9164	3.42336	56.3719	
0.987735	-0.0104295	-0.15579	-0.00604032	0.994467	-0.104872	0.156022	0.104527	0.982207	4.05072	3.51484	57.2289	
0.987087	-0.0108566	-0.159816	-0.00593385	0.994538	-0.104211	0.160074	0.103813	0.981631	4.18857	3.6057	58.0853	
0.986422	-0.0112813	-0.163844	-0.00582509	0.994607	-0.103552	0.164129	0.103101	0.981036	4.32996	3.69594	58.9413	
0.985739	-0.0117036	-0.167875	-0.00571405	0.994676	-0.102897	0.168186	0.102389	0.980423	4.47488	3.78556	59.7967	
0.985038	-0.0121235	-0.171908	-0.00560072	0.994744	-0.102244	0.172244	0.101678	0.979793	4.62335	3.87455	60.6516	
0.98432	-0.0125409	-0.175943	-0.00548509	0.994811	-0.101595	0.176304	0.100967	0.979144	4.77536	3.96293	61.5059	
0.983585	-0.0129557	-0.179979	-0.00536714	0.994877	-0.100947	0.180365	0.100256	0.978477	4.9309	4.05068	62.3596	
0.982832	-0.013368	-0.184016	-0.00524687	0.994943	-0.100302	0.184426	0.0995458	0.977792	5.08999	4.13782	63.2128	
0.982062	-0.0137777	-0.188053	-0.00512426	0.995008	-0.0996595	0.188488	0.0988354	0.977089	5.25263	4.22434	64.0653	
0.981275	-0.0141848	-0.192091	-0.00499929	0.995073	-0.0990188	0.192549	0.0981249	0.976369	5.4188	4.31023	64.9172	
0.98047	-0.0145893	-0.196128	-0.00487194	0.995137	-0.09838	0.19661	0.0974142	0.975631	5.58852	4.39551	65.7685	
0.979647	-0.014991	-0.200165	-0.0047422	0.9952	-0.0977431	0.20067	0.096703	0.974874	5.76178	4.48017	66.6192	
0.978808	-0.01539	-0.204201	-0.00461004	0.995263	-0.0971077	0.204728	0.0959912	0.974101	5.93858	4.5642	67.4691	
0.977951	-0.0157863	-0.208235	-0.00447544	0.995325	-0.0964738	0.208785	0.0952786	0.973309	6.11891	4.64762	68.3184	
0.977077	-0.0161797	-0.212268	-0.00433837	0.995387	-0.0958412	0.21284	0.0945652	0.9725	6.30279	4.73041	69.167	
0.976187	-0.0165704	-0.216299	-0.00419881	0.995448	-0.0952098	0.216892	0.0938507	0.971674	6.4902	4.81258	70.0149	
0.975279	-0.0169581	-0.220327	-0.00405672	0.995509	-0.0945794	0.220941	0.0931351	0.97083	6.68114	4.89413	70.862	
0.972427	-0.0180148	-0.232511	-8.59784e-06	0.997009	-0.0772838	0.233208	0.0751549	0.969518	6.87921	4.96752	71.7083	
0.969422	-0.0188455	-0.244675	0.00425721	0.998188	-0.0600158	0.245363	0.057139	0.967746	7.08793	5.02522	72.5532	
0.966265	-0.0194498	-0.256814	0.00873867	0.999046	-0.0427834	0.257401	0.0390959	0.965513	7.3072	5.06719	73.3963	
0.962958	-0.0198274	-0.268922	0.0134336	0.999582	-0.0255949	0.269317	0.0210342	0.962822	7.53692	5.09342	74.2373	
0.959502	-0.019978	-0.280994	0.0183399	0.999796	-0.00845844	0.281105	0.00296248	0.959672	7.77697	5.10388	75.0758	
0.955898	-0.0199017	-0.293023	0.0234552	0.999688	0.00861778	0.29276	-0.0151106	0.956067	8.02725	5.09858	75.9113	
0.952149	-0.0195985	-0.305004	0.0287769	0.999257	0.0256257	0.304275	-0.0331765	0.952006	8.28763	5.07753	76.7435	
0.948257	-0.0190686	-0.316931	0.0343027	0.998505	0.0425571	0.315646	-0.0512267	0.947493	8.558	5.04071	77.5719	
0.944223	-0.0183121	-0.328798	0.0400298	0.997431	0.0594041	0.326866	-0.0692525	0.94253	8.83822	4.98817	78.3962	
0.940048	-0.0173294	-0.340601	0.0459555	0.996036	0.0761587	0.337931	-0.0872453	0.937118	9.12815	4.91992	79.216	
0.935736	-0.0161211	-0.352333	0.0520771	0.994321	0.0928127	0.348835	-0.105197	0.931261	9.42767	4.83599	80.0308	
0.931288	-0.0146876	-0.363988	0.0583917	0.992286	0.109358	0.359574	-0.123098	0.924961	9.73663	4.73642	80.8404	
0.926706	-0.0130297	-0.375562	0.0648961	0.989932	0.125788	0.370141	-0.140941	0.918222	10.0549	4.62127	81.6442	
0.921992	-0.0111481	-0.387048	0.0715873	0.987261	0.142093	0.380533	-0.158717	0.911045	10.3823	4.49058	82.442	
0.917149	-0.00904374	-0.398441	0.0784622	0.984274	0.158267	0.390744	-0.176417	0.903436	10.7186	4.34442	83.2334	
0.912179	-0.00671765	-0.409736	0.0855175	0.980972	0.174301	0.400769	-0.194034	0.895397	11.0638	4.18285	84.0179	
0.907085	-0.00417091	-0.420927	0.0927498	0.977357	0.190188	0.410603	-0.211558	0.886932	11.4177	4.00596	84.7952	
