1	0	0	0	1	0	0	0	1	0	0	0	
1	3.24771e-09	0.000122728	3.24771e-09	1	-5.29254e-05	-0.000122728	5.29254e-05	1	-4.80995e-05	2.07425e-05	0.783838	
1	1.29128e-08	0.000244719	1.29125e-08	1	-0.00010553	-0.000244719	0.00010553	1	-0.000192109	8.28443e-05	1.56768	
1	2.88779e-08	0.000365968	2.88767e-08	1	-0.000157813	-0.000365968	0.000157813	1	-0.000431449	0.000186054	2.35152	
1	5.10259e-08	0.000486473	5.1023e-08	1	-0.000209773	-0.000486473	0.000209773	1	-0.000765537	0.000330118	3.13535	
1	7.92393e-08	0.000606229	7.92335e-08	1	-0.000261407	-0.000606229	0.000261407	1	-0.00119379	0.000514782	3.91919	
1	1.13401e-07	0.000725233	1.13391e-07	1	-0.000312715	-0.000725233	0.000312715	1	-0.00171561	0.000739792	4.70303	
1	1.53393e-07	0.000843482	1.53377e-07	1	-0.000363695	-0.000843482	0.000363695	1	-0.00233042	0.00100489	5.48687	
1	1.99099e-07	0.000960971	1.99075e-07	1	-0.000414345	-0.000960971	0.000414345	0.999999	-0.00303762	0.00130982	6.27071	
0.999999	2.50401e-07	0.0010777	2.50367e-07	1	-0.000464664	-0.0010777	0.000464664	0.999999	-0.00383662	0.00165432	7.05454	
0.999999	3.07182e-07	0.00119366	3.07135e-07	1	-0.00051465	-0.00119366	0.00051465	0.999999	-0.0047268	0.00203813	7.83838	
0.999999	3.69324e-07	0.00130885	3.69263e-07	1	-0.000564303	-0.00130885	0.000564303	0.999999	-0.00570759	0.00246099	8.62222	
0.999999	4.36712e-07	0.00142327	4.36633e-07	1	-0.00061362	-0.00142327	0.00061362	0.999999	-0.00677835	0.00292264	9.40606	
0.999999	5.09227e-07	0.00153691	5.09127e-07	1	-0.000662599	-0.00153691	0.000662599	0.999999	-0.0079385	0.00342282	10.1899	
0.999999	5.86753e-07	0.00164977	5.86629e-07	1	-0.000711241	-0.00164977	0.000711241	0.999998	-0.00918742	0.00396125	10.9737	
0.999998	6.69174e-07	0.00176184	6.69022e-07	1	-0.000759542	-0.00176184	0.000759542	0.999998	-0.0105245	0.00453768	11.7576	
0.999998	7.56372e-07	0.00187313	7.56189e-07	1	-0.000807502	-0.00187313	0.000807502	0.999998	-0.0119491	0.00515184	12.5414	
0.999998	8.48232e-07	0.00198363	8.48014e-07	1	-0.000855119	-0.00198363	0.000855119	0.999998	-0.0134607	0.00580345	13.3252	
0.999998	9.44637e-07	0.00209334	9.4438e-07	1	-0.000902393	-0.00209334	0.000902393	0.999997	-0.0150585	0.00649225	14.1091	
0.999998	1.04547e-06	0.00220225	1.04517e-06	1	-0.00094932	-0.00220225	0.00094932	0.999997	-0.016742	0.00721797	14.8929	
0.999997	1.15062e-06	0.00231036	1.15027e-06	1	-0.000995901	-0.00231036	0.000995901	0.999997	-0.0185106	0.00798034	15.6768	
0.999997	1.25997e-06	0.00241766	1.25957e-06	0.999999	-0.00104213	-0.00241766	0.00104213	0.999997	-0.0203636	0.00877909	16.4606	
0.999997	1.3734e-06	0.00252416	1.37294e-06	0.999999	-0.00108802	-0.00252416	0.00108802	0.999996	-0.0223004	0.00961393	17.2444	
0.999997	1.49079e-06	0.00262985	1.49028e-06	0.999999	-0.00113355	-0.00262985	0.00113355	0.999996	-0.0243204	0.0104846	18.0283	
0.999996	1.61205e-06	0.00273473	1.61146e-06	0.999999	-0.00117873	-0.00273473	0.00117873	0.999996	-0.0264228	0.0113908	18.8121	
0.999996	1.73704e-06	0.00283879	1.73638e-06	0.999999	-0.00122355	-0.00283879	0.00122355	0.999995	-0.0286072	0.0123323	19.5959	
0.999996	1.86565e-06	0.00294203	1.86492e-06	0.999999	-0.00126802	-0.00294203	0.00126802	0.999995	-0.0308728	0.0133088	20.3798	
0.999995	1.99778e-06	0.00304444	1.99696e-06	0.999999	-0.00131214	-0.00304444	0.00131214	0.999995	-0.033219	0.01432	21.1636	
0.999995	2.13331e-06	0.00314604	2.1324e-06	0.999999	-0.00135589	-0.00314604	0.00135589	0.999994	-0.0356452	0.0153657	21.9474	
0.999995	2.27212e-06	0.0032468	2.27112e-06	0.999999	-0.00139929	-0.0032468	0.00139929	0.999994	-0.0381507	0.0164455	22.7313	
0.999994	2.4141e-06	0.00334673	2.413e-06	0.999999	-0.00144233	-0.00334673	0.00144233	0.999993	-0.0407348	0.0175592	23.5151	
0.999994	2.55915e-06	0.00344583	2.55795e-06	0.999999	-0.00148501	-0.00344583	0.00148501	0.999993	-0.0433969	0.0187065	24.2989	
0.999994	2.70714e-06	0.00354409	2.70583e-06	0.999999	-0.00152732	-0.00354409	0.00152732	0.999993	-0.0461364	0.0198871	25.0828	
0.999993	2.85797e-06	0.0036415	2.85655e-06	0.999999	-0.00156927	-0.0036415	0.00156927	0.999992	-0.0489526	0.0211007	25.8666	
0.999993	3.01153e-06	0.00373808	3.00999e-06	0.999999	-0.00161085	-0.00373808	0.00161085	0.999992	-0.0518448	0.022347	26.6504	
0.999993	3.16771e-06	0.00383381	3.16604e-06	0.999999	-0.00165207	-0.00383381	0.00165207	0.999991	-0.0548124	0.0236258	27.4343	
0.999992	3.3264e-06	0.00392869	3.32459e-06	0.999999	-0.00169292	-0.00392869	0.00169292	0.999991	-0.0578546	0.0249368	28.2181	
0.999992	3.48748e-06	0.00402271	3.48553e-06	0.999998	-0.0017334	-0.00402271	0.0017334	0.99999	-0.0609709	0.0262796	29.0019	
0.999992	3.65085e-06	0.00411588	3.64876e-06	0.999998	-0.00177351	-0.00411588	0.00177351	0.99999	-0.0641606	0.0276541	29.7858	
0.999991	3.81641e-06	0.0042082	3.81416e-06	0.999998	-0.00181325	-0.0042082	0.00181325	0.99999	-0.067423	0.0290598	30.5696	
0.999991	3.98404e-06	0.00429965	3.98163e-06	0.999998	-0.00185262	-0.00429965	0.00185262	0.999989	-0.0707574	0.0304965	31.3534	
0.99999	4.15363e-06	0.00439024	4.15106e-06	0.999998	-0.00189162	-0.00439024	0.00189162	0.999989	-0.0741631	0.031964	32.1372	
0.99999	4.32509e-06	0.00447996	4.32235e-06	0.999998	-0.00193024	-0.00447996	0.00193024	0.999988	-0.0776395	0.0334618	32.9211	
0.99999	4.4983e-06	0.00456881	4.49538e-06	0.999998	-0.00196848	-0.00456881	0.00196848	0.999988	-0.0811859	0.0349898	33.7049	
0.999989	4.67316e-06	0.00465679	4.67005e-06	0.999998	-0.00200635	-0.00465679	0.00200635	0.999987	-0.0848016	0.0365476	34.4887	
0.999989	4.84956e-06	0.0047439	4.84627e-06	0.999998	-0.00204384	-0.0047439	0.00204384	0.999987	-0.0884859	0.038135	35.2726	
0.999988	5.0274e-06	0.00483013	5.02392e-06	0.999998	-0.00208095	-0.00483013	0.00208095	0.999986	-0.0922381	0.0397515	36.0564	
0.999988	5.20658e-06	0.00491548	5.2029e-06	0.999998	-0.00211768	-0.00491548	0.00211768	0.999986	-0.0960576	0.0413971	36.8402	
0.999988	5.387e-06	0.00499995	5.38311e-06	0.999998	-0.00215403	-0.00499995	0.00215403	0.999985	-0.0999437	0.0430712	37.624	
0.999987	5.56855e-06	0.00508354	5.56444e-06	0.999998	-0.00218999	-0.00508354	0.00218999	0.999985	-0.103896	0.0447737	38.4079	
0.999987	5.75113e-06	0.00516624	5.7468e-06	0.999998	-0.00222557	-0.00516624	0.00222557	0.999984	-0.107913	0.0465043	39.1917	
0.999986	5.93464e-06	0.00524804	5.93009e-06	0.999997	-0.00226077	-0.00524804	0.00226077	0.999984	-0.111994	0.0482626	39.9755	
0.999986	6.11899e-06	0.00532896	6.1142e-06	0.999997	-0.00229559	-0.00532896	0.00229559	0.999983	-0.11614	0.0500483	40.7593	
0.999985	6.30406e-06	0.00540898	6.29904e-06	0.999997	-0.00233001	-0.00540898	0.00233001	0.999983	-0.120348	0.0518611	41.5432	
0.999985	6.48977e-06	0.00548811	6.48451e-06	0.999997	-0.00236405	-0.00548811	0.00236405	0.999982	-0.124619	0.0537008	42.327	
0.999993	3.13911e-08	0.00361009	1.62635e-05	0.99999	-0.00451367	-0.00361005	0.0045137	0.999983	-0.128184	0.0563964	43.1108	
0.999999	-1.04679e-05	0.00173136	2.20038e-05	0.999978	-0.00666304	-0.00173125	0.00666306	0.999976	-0.130278	0.0607767	43.8946	
1	-2.50104e-05	-0.00014805	2.37048e-05	0.999961	-0.00881214	0.000148264	0.00881213	0.999961	-0.130898	0.0668418	44.6785	
0.999998	-4.35985e-05	-0.0020281	2.1366e-05	0.99994	-0.010961	0.00202845	0.0109609	0.999938	-0.130045	0.0745912	45.4623	
0.999992	-6.62341e-05	-0.00390875	1.49868e-05	0.999914	-0.0131095	0.00390928	0.0131094	0.999906	-0.127718	0.0840248	46.246	
0.999983	-9.29193e-05	-0.00578997	4.56658e-06	0.999884	-0.0152578	0.00579071	0.0152575	0.999867	-0.123916	0.0951423	47.0298	
0.999971	-0.000123656	-0.00767173	-9.89504e-06	0.999849	-0.0174057	0.00767272	0.0174053	0.999819	-0.11864	0.107944	47.8135	
0.999954	-0.000158445	-0.00955398	-2.83985e-05	0.999809	-0.0195533	0.00955525	0.0195527	0.999763	-0.111888	0.122428	48.5972	
0.999935	-0.000197289	-0.0114367	-5.09443e-05	0.999765	-0.0217006	0.0114383	0.0216998	0.999699	-0.10366	0.138596	49.3808	
0.999911	-0.000240189	-0.0133198	-7.75327e-05	0.999716	-0.0238476	0.0133218	0.0238465	0.999627	-0.0939561	0.156446	50.1644	
0.999884	-0.000287145	-0.0152034	-0.000108164	0.999662	-0.0259942	0.0152057	0.0259928	0.999546	-0.0827757	0.175979	50.9479	
0.999854	-0.000338159	-0.0170873	-0.000142839	0.999604	-0.0281405	0.01709	0.0281388	0.999458	-0.0701184	0.197194	51.7313	
0.99982	-0.000393232	-0.0189715	-0.000181557	0.999541	-0.0302863	0.0189747	0.0302843	0.999361	-0.0559839	0.220092	52.5147	
0.999782	-0.000452365	-0.0208559	-0.000224319	0.999474	-0.0324319	0.0208596	0.0324295	0.999256	-0.0403721	0.24467	53.298	
0.999741	-0.000515557	-0.0227407	-0.000271125	0.999402	-0.034577	0.0227449	0.0345742	0.999143	-0.0232826	0.27093	54.0812	
0.999697	-0.00058281	-0.0246256	-0.000321974	0.999325	-0.0367217	0.0246304	0.0367185	0.999022	-0.00471533	0.298871	54.8643	
0.999648	-0.000654123	-0.0265107	-0.000376868	0.999244	-0.038866	0.0265161	0.0388623	0.998893	0.01533	0.328493	55.6474	
0.999596	-0.000729497	-0.028396	-0.000435807	0.999159	-0.0410099	0.028402	0.0410057	0.998755	0.0368534	0.359795	56.4303	
0.999541	-0.000808932	-0.0302813	-0.000498789	0.999068	-0.0431533	0.030288	0.0431486	0.998609	0.0598552	0.392777	57.2131	
0.999482	-0.000892427	-0.0321667	-0.000565816	0.998973	-0.0452963	0.0321741	0.0452911	0.998456	0.0843353	0.427438	57.9958	
0.99942	-0.000979981	-0.0340521	-0.000636887	0.998874	-0.0474389	0.0340603	0.047433	0.998294	0.110294	0.463778	58.7783	
0.999353	-0.0010716	-0.0359376	-0.000712002	0.99877	-0.049581	0.0359465	0.0495745	0.998123	0.137731	0.501797	59.5608	
0.999284	-0.00116727	-0.0378229	-0.000791161	0.998661	-0.0517226	0.0378327	0.0517155	0.997945	0.166646	0.541495	60.3431	
0.999211	-0.001267	-0.0397082	-0.000874364	0.998548	-0.0538637	0.0397188	0.0538559	0.997758	0.19704	0.58287	61.1252	
0.999134	-0.00137079	-0.0415934	-0.00096161	0.99843	-0.0560044	0.0416049	0.0559958	0.997564	0.228913	0.625923	61.9072	
0.999053	-0.00147863	-0.0434784	-0.0010529	0.998308	-0.0581445	0.0434908	0.0581352	0.997361	0.262263	0.670653	62.6891	
0.998969	-0.00159053	-0.0453632	-0.00114823	0.998181	-0.0602841	0.0453766	0.0602741	0.99715	0.297092	0.71706	63.4708	
0.998882	-0.00170648	-0.0472478	-0.00124761	0.998049	-0.0624232	0.0472622	0.0624124	0.996931	0.333399	0.765144	64.2523	
0.998791	-0.00182648	-0.0491321	-0.00135103	0.997913	-0.0645618	0.0491475	0.0645501	0.996703	0.371184	0.814903	65.0336	
0.998696	-0.00195053	-0.0510162	-0.00145849	0.997772	-0.0666998	0.0510326	0.0666873	0.996468	0.410446	0.866337	65.8148	
0.998598	-0.00207863	-0.0528998	-0.00156999	0.997627	-0.0688373	0.0529174	0.0688238	0.996224	0.451186	0.919447	66.5958	
0.998496	-0.00221077	-0.0547832	-0.00168553	0.997477	-0.0709742	0.0548018	0.0709598	0.995973	0.493404	0.97423	67.3766	
0.99839	-0.00234696	-0.056666	-0.00180512	0.997322	-0.0731105	0.0566859	0.0730952	0.995713	0.537098	1.03069	68.1571	
0.998281	-0.00248718	-0.0585485	-0.00192874	0.997163	-0.0752463	0.0585695	0.0752299	0.995445	0.582269	1.08882	68.9375	
0.998169	-0.00263145	-0.0604304	-0.00205641	0.996999	-0.0773814	0.0604527	0.077364	0.995168	0.628916	1.14862	69.7177	
0.998053	-0.00277975	-0.0623119	-0.00218811	0.996831	-0.079516	0.0623355	0.0794975	0.994884	0.677039	1.2101	70.4976	
0.997933	-0.00293208	-0.0641927	-0.00232386	0.996658	-0.0816499	0.0642176	0.0816304	0.994592	0.726638	1.27325	71.2773	
0.996992	-0.00411177	-0.0773939	-0.00334397	0.99538	-0.0959595	0.0774309	0.0959297	0.992372	0.782154	1.34284	72.0561	
0.995876	-0.00548122	-0.0905631	-0.00455419	0.993895	-0.110234	0.0906144	0.110192	0.989771	0.848016	1.42363	72.8329	
0.994584	-0.00703991	-0.103695	-0.00595405	0.992206	-0.124469	0.103763	0.124412	0.98679	0.924199	1.51558	73.6076	
0.993118	-0.00878724	-0.116785	-0.00754301	0.990312	-0.138658	0.116872	0.138585	0.98343	1.01067	1.61865	74.3798	
0.991479	-0.0107225	-0.129828	-0.00932046	0.988214	-0.152796	0.129936	0.152704	0.979693	1.1074	1.73282	75.1492	
0.989666	-0.012845	-0.142818	-0.0112857	0.985913	-0.166878	0.14295	0.166765	0.975579	1.21436	1.85803	75.9156	
0.98768	-0.015154	-0.155752	-0.013438	0.98341	-0.180897	0.155909	0.180761	0.971091	1.33149	1.99424	76.6785	
0.985523	-0.0176484	-0.168623	-0.0157766	0.980706	-0.194849	0.168809	0.194688	0.96623	1.45876	2.14139	77.4378	
