1	0	0	0	1	0	0	0	1	0	0	0	
0.999991	-9.20965e-07	-0.00421761	-9.20965e-07	1	-0.000436721	0.00421761	0.000436721	0.999991	0.00160823	0.000166528	0.762624	
0.999964	-3.69043e-06	-0.00843531	-3.70332e-06	1	-0.000876508	0.00843531	0.000876508	0.999964	0.00643297	0.00066728	1.52523	
0.99992	-8.32143e-06	-0.012653	-8.373e-06	0.999999	-0.00131935	0.012653	0.00131935	0.999919	0.0144742	0.00150459	2.28782	
0.999858	-1.4827e-05	-0.0168706	-1.49559e-05	0.999998	-0.00176524	0.0168706	0.00176524	0.999856	0.025732	0.00268079	3.05036	
0.999778	-2.322e-05	-0.0210881	-2.34779e-05	0.999998	-0.00221418	0.0210881	0.00221418	0.999775	0.0402061	0.0041982	3.81285	
0.99968	-3.35134e-05	-0.0253052	-3.39648e-05	0.999996	-0.00266614	0.0253052	0.00266614	0.999676	0.0578965	0.00605913	4.57526	
0.999564	-4.57201e-05	-0.0295221	-4.64424e-05	0.999995	-0.00312112	0.0295221	0.00312113	0.999559	0.0788029	0.0082659	5.3376	
0.999431	-5.98529e-05	-0.0337385	-6.09364e-05	0.999994	-0.00357912	0.0337385	0.00357914	0.999424	0.102925	0.0108208	6.09984	
0.999279	-7.59245e-05	-0.0379544	-7.74724e-05	0.999992	-0.00404012	0.0379544	0.00404015	0.999271	0.130263	0.0137261	6.86197	
0.99911	-9.39477e-05	-0.0421697	-9.60762e-05	0.99999	-0.00450412	0.0421697	0.00450416	0.9991	0.160815	0.0169842	7.62398	
0.998924	-0.000113935	-0.0463844	-0.000116773	0.999988	-0.0049711	0.0463844	0.00497116	0.998911	0.194582	0.0205973	8.38585	
0.998719	-0.000135899	-0.0505983	-0.000139589	0.999985	-0.00544105	0.0505983	0.00544114	0.998704	0.231563	0.0245676	9.14756	
0.998497	-0.000159853	-0.0548113	-0.000164549	0.999982	-0.00591397	0.0548113	0.0059141	0.998479	0.271757	0.0288975	9.90912	
0.998257	-0.000185809	-0.0590234	-0.000191679	0.99998	-0.00638984	0.0590234	0.00639001	0.998236	0.315164	0.0335893	10.6705	
0.997999	-0.000213779	-0.0632345	-0.000221004	0.999976	-0.00686866	0.0632345	0.00686888	0.997975	0.361782	0.0386451	11.4317	
0.997723	-0.000243776	-0.0674445	-0.00025255	0.999973	-0.0073504	0.0674445	0.0073507	0.997696	0.411612	0.0440672	12.1927	
0.99743	-0.000275813	-0.0716533	-0.000286341	0.999969	-0.00783508	0.0716533	0.00783545	0.997399	0.464652	0.0498579	12.9534	
0.997118	-0.000309901	-0.0758609	-0.000322403	0.999965	-0.00832266	0.0758608	0.00832313	0.997084	0.520901	0.0560194	13.7139	
0.996789	-0.000346053	-0.0800671	-0.000360761	0.999961	-0.00881314	0.080067	0.00881373	0.996751	0.580358	0.0625539	14.4742	
0.996443	-0.000384281	-0.0842719	-0.00040144	0.999957	-0.00930651	0.0842718	0.00930723	0.996399	0.643023	0.0694637	15.2342	
0.996078	-0.000424598	-0.0884751	-0.000444466	0.999952	-0.00980276	0.088475	0.00980364	0.99603	0.708894	0.0767509	15.994	
0.995696	-0.000467015	-0.0926768	-0.000489863	0.999947	-0.0103019	0.0926766	0.0103029	0.995643	0.777969	0.0844178	16.7534	
0.995296	-0.000511544	-0.0968767	-0.000537655	0.999941	-0.0108038	0.0968766	0.0108051	0.995238	0.850248	0.0924666	17.5126	
0.994879	-0.000558198	-0.101075	-0.000587869	0.999936	-0.0113087	0.101075	0.0113102	0.994815	0.92573	0.100899	18.2714	
0.994443	-0.000606989	-0.105271	-0.000640528	0.99993	-0.0118163	0.105271	0.0118181	0.994373	1.00441	0.109719	19.0299	
0.99399	-0.000657929	-0.109466	-0.000695658	0.999924	-0.0123267	0.109465	0.0123288	0.993914	1.08629	0.118926	19.7881	
0.99352	-0.000711028	-0.113658	-0.000753283	0.999917	-0.01284	0.113658	0.0128424	0.993437	1.17137	0.128524	20.5459	
0.993031	-0.0007663	-0.117848	-0.000813428	0.99991	-0.0133561	0.117848	0.0133589	0.992942	1.25965	0.138515	21.3033	
0.992525	-0.000823756	-0.122036	-0.000876116	0.999903	-0.0138749	0.122036	0.0138781	0.992429	1.35112	0.148901	22.0604	
0.992002	-0.000883408	-0.126222	-0.000941373	0.999896	-0.0143965	0.126222	0.0144002	0.991898	1.44579	0.159684	22.817	
0.99146	-0.000945267	-0.130406	-0.00100922	0.999888	-0.0149209	0.130405	0.014925	0.991348	1.54364	0.170866	23.5732	
0.990901	-0.00100934	-0.134587	-0.00107969	0.99988	-0.0154479	0.134586	0.0154527	0.990781	1.64469	0.182449	24.3291	
0.990325	-0.00107565	-0.138765	-0.0011528	0.999872	-0.0159778	0.138765	0.0159831	0.990196	1.74892	0.194436	25.0844	
0.989731	-0.0011442	-0.142941	-0.00122857	0.999863	-0.0165103	0.142941	0.0165164	0.989593	1.85634	0.206829	25.8394	
0.989119	-0.00121501	-0.147115	-0.00130704	0.999854	-0.0170455	0.147114	0.0170523	0.988973	1.96694	0.219629	26.5938	
0.988489	-0.00128808	-0.151285	-0.00138822	0.999844	-0.0175834	0.151284	0.0175911	0.988334	2.08072	0.232839	27.3478	
0.987842	-0.00136342	-0.155453	-0.00147213	0.999835	-0.018124	0.155452	0.0181325	0.987677	2.19768	0.246461	28.1013	
0.987178	-0.00144106	-0.159617	-0.00155881	0.999825	-0.0186673	0.159616	0.0186767	0.987002	2.31782	0.260497	28.8542	
0.986496	-0.00152099	-0.163779	-0.00164827	0.999814	-0.0192132	0.163778	0.0192237	0.98631	2.44114	0.274949	29.6067	
0.985796	-0.00160323	-0.167938	-0.00174054	0.999803	-0.0197617	0.167936	0.0197733	0.9856	2.56763	0.289819	30.3586	
0.985079	-0.00168779	-0.172093	-0.00183564	0.999792	-0.0203128	0.172092	0.0203256	0.984871	2.69728	0.305109	31.11	
0.984345	-0.00177469	-0.176245	-0.0019336	0.99978	-0.0208665	0.176244	0.0208806	0.984125	2.83011	0.320822	31.8608	
0.983593	-0.00186392	-0.180394	-0.00203444	0.999768	-0.0214228	0.180392	0.0214383	0.983361	2.9661	0.336958	32.611	
0.982823	-0.00195551	-0.184539	-0.00213818	0.999756	-0.0219817	0.184537	0.0219987	0.982579	3.10525	0.353522	33.3606	
0.982036	-0.00204947	-0.188681	-0.00224485	0.999743	-0.0225431	0.188679	0.0225617	0.98178	3.24756	0.370513	34.1097	
0.981232	-0.0021458	-0.19282	-0.00235446	0.99973	-0.0231071	0.192817	0.0231274	0.980962	3.39303	0.387935	34.8581	
0.98041	-0.00224452	-0.196954	-0.00246705	0.999717	-0.0236736	0.196952	0.0236957	0.980127	3.54166	0.405789	35.6059	
0.979571	-0.00234564	-0.201085	-0.00258264	0.999703	-0.0242425	0.201082	0.0242666	0.979274	3.69343	0.424078	36.353	
0.978714	-0.00244916	-0.205212	-0.00270124	0.999688	-0.024814	0.205209	0.0248402	0.978403	3.84836	0.442803	37.0995	
0.977841	-0.0025551	-0.209335	-0.00282288	0.999674	-0.0253879	0.209332	0.0254163	0.977514	4.00643	0.461967	37.8453	
0.976949	-0.00266347	-0.213454	-0.00294758	0.999659	-0.0259643	0.213451	0.025995	0.976608	4.16764	0.48157	38.5905	
0.976041	-0.00277428	-0.21757	-0.00307538	0.999643	-0.0265432	0.217566	0.0265763	0.975684	4.33199	0.501617	39.3349	
0.975115	-0.00288754	-0.22168	-0.00320628	0.999627	-0.0271244	0.221676	0.0271602	0.974742	4.49948	0.522107	40.0786	
0.974355	-0.0029856	-0.224998	-0.00393952	0.999532	-0.0303233	0.224984	0.0304321	0.973887	4.6698	0.544068	40.8217	
0.97358	-0.00309516	-0.228323	-0.00468504	0.999427	-0.0335254	0.228296	0.0337094	0.973008	4.84264	0.568526	41.5641	
0.972792	-0.00321629	-0.231656	-0.00544284	0.99931	-0.0367304	0.231614	0.036992	0.972104	5.01801	0.595485	42.3058	
0.971991	-0.00334907	-0.234995	-0.00621294	0.999183	-0.039938	0.234937	0.0402794	0.971176	5.19592	0.62495	43.0467	
0.971175	-0.00349358	-0.238341	-0.00699533	0.999044	-0.043148	0.238264	0.0435715	0.970223	5.37635	0.656923	43.787	
0.970346	-0.00364988	-0.241693	-0.00779003	0.998894	-0.0463599	0.241595	0.046868	0.969245	5.55933	0.691409	44.5266	
0.969503	-0.00381805	-0.245051	-0.00859704	0.998733	-0.0495737	0.24493	0.0501685	0.968242	5.74485	0.72841	45.2654	
0.968646	-0.00399814	-0.248414	-0.00941635	0.998561	-0.0527889	0.248267	0.0534729	0.967215	5.93291	0.76793	46.0034	
0.967775	-0.00419021	-0.251782	-0.010248	0.998378	-0.0560053	0.251608	0.0567808	0.966162	6.12352	0.809972	46.7406	
0.96689	-0.00439431	-0.255155	-0.0110919	0.998183	-0.0592227	0.254951	0.060092	0.965085	6.31668	0.854537	47.477	
0.965992	-0.00461051	-0.258532	-0.0119481	0.997977	-0.0624408	0.258297	0.0634062	0.963983	6.51239	0.901628	48.2126	
0.965079	-0.00483884	-0.261913	-0.0128165	0.99776	-0.0656593	0.261644	0.0667232	0.962855	6.71065	0.951249	48.9473	
0.964153	-0.00507936	-0.265297	-0.0136973	0.997531	-0.0688779	0.264992	0.0700427	0.961703	6.91146	1.0034	49.6812	
0.963213	-0.0053321	-0.268685	-0.0145903	0.997291	-0.0720964	0.268341	0.0733644	0.960526	7.11483	1.05808	50.4142	
0.96226	-0.00559709	-0.272075	-0.0154955	0.997039	-0.0753146	0.271691	0.0766882	0.959324	7.32075	1.1153	51.1462	
0.961292	-0.00587438	-0.275468	-0.016413	0.996776	-0.0785322	0.275042	0.0800136	0.958097	7.52923	1.17505	51.8774	
0.960311	-0.006164	-0.278863	-0.0173426	0.996502	-0.0817489	0.278392	0.0833406	0.956845	7.74026	1.23734	52.6076	
0.959316	-0.00646596	-0.28226	-0.0182845	0.996216	-0.0849644	0.281741	0.0866687	0.955568	7.95385	1.30217	53.3368	
0.958308	-0.00678029	-0.285658	-0.0192384	0.995919	-0.0881786	0.28509	0.0899979	0.954266	8.16999	1.36953	54.065	
0.957285	-0.00710702	-0.289057	-0.0202045	0.99561	-0.0913912	0.288438	0.0933278	0.952939	8.38868	1.43944	54.7923	
0.95625	-0.00744615	-0.292457	-0.0211827	0.99529	-0.094602	0.291784	0.0966582	0.951588	8.60993	1.51188	55.5185	
0.955201	-0.0077977	-0.295857	-0.0221729	0.994958	-0.0978107	0.295128	0.0999888	0.950211	8.83373	1.58687	56.2437	
0.954138	-0.00816167	-0.299256	-0.0231751	0.994615	-0.101017	0.298469	0.103319	0.94881	9.06007	1.66439	56.9678	
0.953062	-0.00853808	-0.302656	-0.0241894	0.99426	-0.104221	0.301808	0.10665	0.947385	9.28897	1.74446	57.6909	
0.951972	-0.00892692	-0.306054	-0.0252155	0.993894	-0.107422	0.305144	0.10998	0.945934	9.52041	1.82706	58.4128	
0.95087	-0.00932818	-0.309451	-0.0262536	0.993516	-0.11062	0.308477	0.113309	0.944459	9.75439	1.9122	59.1336	
0.949754	-0.00974187	-0.312847	-0.0273035	0.993127	-0.113814	0.311805	0.116637	0.94296	9.99091	1.99988	59.8533	
0.948625	-0.010168	-0.31624	-0.0283652	0.992726	-0.117006	0.31513	0.119965	0.941436	10.23	2.0901	60.5719	
0.947482	-0.0106065	-0.319632	-0.0294387	0.992314	-0.120193	0.31845	0.12329	0.939888	10.4716	2.18286	61.2893	
0.946327	-0.0110573	-0.32302	-0.0305238	0.99189	-0.123377	0.321765	0.126615	0.938316	10.7157	2.27815	62.0054	
0.945159	-0.0115206	-0.326406	-0.0316207	0.991455	-0.126556	0.325075	0.129937	0.936719	10.9623	2.37598	62.7204	
0.943979	-0.0119961	-0.329788	-0.0327291	0.991009	-0.129731	0.328379	0.133257	0.935099	11.2115	2.47634	63.4342	
0.942785	-0.012484	-0.333166	-0.033849	0.990551	-0.132902	0.331678	0.136575	0.933454	11.4632	2.57923	64.1467	
0.941579	-0.0129841	-0.336541	-0.0349805	0.990082	-0.136067	0.33497	0.139891	0.931786	11.7174	2.68465	64.8579	
0.940361	-0.0134965	-0.339911	-0.0361233	0.989601	-0.139228	0.338255	0.143203	0.930095	11.9741	2.7926	65.5679	
0.93913	-0.0140211	-0.343276	-0.0372775	0.989109	-0.142383	0.341534	0.146513	0.92838	12.2333	2.90307	66.2765	
0.937887	-0.0145578	-0.346636	-0.0384429	0.988606	-0.145533	0.344805	0.14982	0.926641	12.495	3.01607	66.9839	
0.936632	-0.0151066	-0.34999	-0.0396196	0.988092	-0.148678	0.348068	0.153123	0.924879	12.7592	3.13158	67.6899	
0.935364	-0.0156675	-0.353338	-0.0408074	0.987566	-0.151816	0.351323	0.156422	0.923095	13.0259	3.24962	68.3946	
0.934085	-0.0162404	-0.356681	-0.0420062	0.987029	-0.154949	0.354571	0.159718	0.921287	13.2951	3.37017	69.0978	
0.932794	-0.0168252	-0.360016	-0.043216	0.986481	-0.158075	0.357809	0.16301	0.919457	13.5667	3.49323	69.7997	
0.934213	-0.0161378	-0.35635	-0.0498441	0.98327	-0.175201	0.353215	0.181437	0.91778	13.8379	3.62457	70.5003	
0.935614	-0.015377	-0.352691	-0.0563854	0.979716	-0.192293	0.348494	0.199799	0.915769	14.1054	3.76995	71.1995	
0.936995	-0.0145431	-0.34904	-0.0628374	0.975821	-0.209345	0.343645	0.218088	0.913425	14.3694	3.9293	71.897	
0.938357	-0.0136363	-0.3454	-0.0691979	0.971585	-0.22635	0.338672	0.236298	0.91075	14.6296	4.10257	72.5926	
0.939698	-0.012657	-0.341771	-0.0754645	0.967011	-0.243301	0.333575	0.254421	0.907743	14.8859	4.28969	73.2861	
