1	0	0	0	1	0	0	0	1	0	0	0	
1	-1.83875e-06	-0.000978187	-1.83875e-06	0.999993	-0.00375949	0.000978187	0.00375949	0.999992	0.000431786	0.0016595	0.882826	
0.999998	-7.34896e-06	-0.00195488	-7.35913e-06	0.999972	-0.00752366	0.00195488	0.00752366	0.99997	0.00172649	0.00664005	1.76564	
0.999996	-1.65238e-05	-0.00293005	-1.65645e-05	0.999936	-0.0112924	0.00293005	0.0112924	0.999932	0.00388277	0.0149457	2.64842	
0.999992	-2.9356e-05	-0.00390365	-2.9458e-05	0.999887	-0.0150655	0.00390365	0.0150655	0.999879	0.00689926	0.0265805	3.53117	
0.999988	-4.58381e-05	-0.00487565	-4.60422e-05	0.999822	-0.018843	0.00487565	0.018843	0.999811	0.0107746	0.0415482	4.41386	
0.999983	-6.5962e-05	-0.00584601	-6.63196e-05	0.999744	-0.0226246	0.005846	0.0226246	0.999727	0.0155073	0.0598526	5.29649	
0.999977	-8.97193e-05	-0.00681469	-9.0292e-05	0.999651	-0.0264103	0.00681468	0.0264103	0.999628	0.0210959	0.0814973	6.17903	
0.99997	-0.000117101	-0.00778166	-0.000117961	0.999544	-0.0301999	0.00778165	0.0301999	0.999514	0.0275389	0.106486	7.06148	
0.999962	-0.000148099	-0.00874689	-0.000149329	0.999422	-0.0339933	0.00874687	0.0339934	0.999384	0.0348348	0.134822	7.94383	
0.999953	-0.000182702	-0.00971033	-0.000184395	0.999286	-0.0377905	0.0097103	0.0377905	0.999239	0.0429821	0.166508	8.82605	
0.999943	-0.000220902	-0.010672	-0.000223161	0.999135	-0.0415912	0.0106719	0.0415912	0.999078	0.0519791	0.201548	9.70813	
0.999932	-0.000262688	-0.0116317	-0.000265627	0.998969	-0.0453953	0.0116317	0.0453954	0.998901	0.0618242	0.239946	10.5901	
0.999921	-0.000308049	-0.0125896	-0.000311793	0.998789	-0.0492028	0.0125895	0.0492028	0.998709	0.0725158	0.281703	11.4718	
0.999908	-0.000356975	-0.0135456	-0.000361658	0.998594	-0.0530135	0.0135454	0.0530135	0.998502	0.0840522	0.326822	12.3534	
0.999895	-0.000409453	-0.0144996	-0.000415223	0.998384	-0.0568273	0.0144994	0.0568273	0.998279	0.0964316	0.375308	13.2349	
0.999881	-0.000465473	-0.0154516	-0.000472485	0.998159	-0.060644	0.0154514	0.060644	0.99804	0.109652	0.427161	14.1161	
0.999865	-0.000525023	-0.0164016	-0.000533443	0.99792	-0.0644635	0.0164013	0.0644636	0.997785	0.123713	0.482386	14.997	
0.999849	-0.000588089	-0.0173495	-0.000598097	0.997666	-0.0682858	0.0173491	0.0682859	0.997515	0.13861	0.540983	15.8778	
0.999832	-0.00065466	-0.0182953	-0.000666443	0.997396	-0.0721106	0.0182949	0.0721107	0.997229	0.154344	0.602956	16.7583	
0.999815	-0.000724722	-0.019239	-0.000738479	0.997112	-0.0759379	0.0192385	0.0759381	0.996927	0.170912	0.668307	17.6386	
0.999796	-0.000798262	-0.0201806	-0.000814204	0.996813	-0.0797676	0.0201799	0.0797678	0.996609	0.188312	0.737038	18.5185	
0.999777	-0.000875266	-0.0211199	-0.000893612	0.996499	-0.0835995	0.0211192	0.0835997	0.996276	0.206542	0.809151	19.3982	
0.999756	-0.00095572	-0.0220571	-0.000976703	0.99617	-0.0874334	0.0220561	0.0874337	0.995926	0.2256	0.884648	20.2776	
0.999735	-0.00103961	-0.0229919	-0.00106347	0.995826	-0.0912694	0.0229908	0.0912696	0.995561	0.245485	0.96353	21.1567	
0.999713	-0.00112692	-0.0239245	-0.00115391	0.995466	-0.0951072	0.0239232	0.0951075	0.99518	0.266193	1.0458	22.0354	
0.99969	-0.00121764	-0.0248548	-0.00124802	0.995092	-0.0989467	0.0248533	0.098947	0.994782	0.287724	1.13146	22.9138	
0.999667	-0.00131175	-0.0257827	-0.0013458	0.994702	-0.102788	0.025781	0.102788	0.994369	0.310074	1.22051	23.7919	
0.999642	-0.00140923	-0.0267083	-0.00144724	0.994298	-0.10663	0.0267062	0.106631	0.99394	0.333243	1.31295	24.6695	
0.999617	-0.00151007	-0.0276314	-0.00155233	0.993878	-0.110474	0.027629	0.110475	0.993495	0.357227	1.40878	25.5468	
0.999591	-0.00161425	-0.0285521	-0.00166107	0.993443	-0.11432	0.0285494	0.11432	0.993034	0.382025	1.50801	26.4237	
0.999564	-0.00172176	-0.0294703	-0.00177345	0.992992	-0.118166	0.0294672	0.118167	0.992556	0.407635	1.61063	27.3002	
0.999537	-0.00183258	-0.030386	-0.00188947	0.992527	-0.122013	0.0303825	0.122014	0.992063	0.434053	1.71665	28.1762	
0.999508	-0.0019467	-0.0312992	-0.00200913	0.992046	-0.125861	0.0312952	0.125862	0.991554	0.461279	1.82607	29.0518	
0.999479	-0.00206408	-0.0322098	-0.0021324	0.99155	-0.12971	0.0322053	0.129711	0.991029	0.489309	1.93888	29.9269	
0.999449	-0.00218473	-0.0331178	-0.0022593	0.991038	-0.13356	0.0331128	0.133561	0.990487	0.518141	2.05509	30.8016	
0.999418	-0.00230861	-0.0340232	-0.0023898	0.990511	-0.13741	0.0340176	0.137411	0.98993	0.547774	2.1747	31.6758	
0.999387	-0.00243571	-0.0349259	-0.00252391	0.989969	-0.14126	0.0349197	0.141262	0.989356	0.578204	2.29771	32.5495	
0.999355	-0.00256602	-0.035826	-0.00266161	0.989412	-0.145111	0.0358191	0.145112	0.988767	0.609429	2.42412	33.4227	
0.999322	-0.0026995	-0.0367234	-0.0028029	0.988839	-0.148961	0.0367157	0.148963	0.988161	0.641447	2.55393	34.2953	
0.999288	-0.00283616	-0.037618	-0.00294776	0.988251	-0.152812	0.0376095	0.152814	0.987539	0.674255	2.68714	35.1674	
0.999254	-0.00297595	-0.0385099	-0.00309619	0.987647	-0.156663	0.0385004	0.156665	0.986901	0.707851	2.82375	36.039	
0.999219	-0.00311887	-0.039399	-0.00324819	0.987028	-0.160513	0.0393886	0.160516	0.986247	0.742232	2.96376	36.9099	
0.999183	-0.0032649	-0.0402853	-0.00340373	0.986394	-0.164363	0.0402738	0.164366	0.985577	0.777396	3.10717	37.7803	
0.999146	-0.00341401	-0.0411687	-0.00356281	0.985744	-0.168213	0.0411561	0.168216	0.984891	0.813341	3.25397	38.6501	
0.999109	-0.00356618	-0.0420493	-0.00372543	0.985079	-0.172062	0.0420355	0.172065	0.984188	0.850063	3.40418	39.5193	
0.999071	-0.0037214	-0.042927	-0.00389157	0.984399	-0.17591	0.0429119	0.175914	0.98347	0.88756	3.55778	40.3879	
0.999033	-0.00387964	-0.0438017	-0.00406121	0.983703	-0.179758	0.0437853	0.179762	0.982735	0.925829	3.71478	41.2558	
0.998993	-0.00404088	-0.0446735	-0.00423436	0.982991	-0.183604	0.0446556	0.183608	0.981985	0.964868	3.87518	42.123	
0.998954	-0.00420509	-0.0455424	-0.00441099	0.982264	-0.187449	0.0455229	0.187454	0.981218	1.00467	4.03897	42.9896	
0.998913	-0.00437227	-0.0464082	-0.0045911	0.981522	-0.191293	0.0463871	0.191299	0.980435	1.04524	4.20616	43.8555	
0.998872	-0.00454238	-0.0472711	-0.00477468	0.980765	-0.195136	0.0472482	0.195142	0.979636	1.08658	4.37674	44.7207	
0.99883	-0.00471541	-0.0481309	-0.00496171	0.979991	-0.198978	0.0481061	0.198984	0.978821	1.12867	4.55071	45.5852	
0.998787	-0.00489133	-0.0489876	-0.00515218	0.979203	-0.202817	0.0489608	0.202824	0.97799	1.17151	4.72808	46.449	
0.998744	-0.00507011	-0.0498412	-0.00534608	0.978399	-0.206655	0.0498124	0.206662	0.977143	1.21511	4.90883	47.312	
0.998701	-0.00525174	-0.0506917	-0.00554339	0.97758	-0.210492	0.0506607	0.210499	0.97628	1.25946	5.09297	48.1743	
0.998656	-0.0054362	-0.0515391	-0.00574411	0.976745	-0.214326	0.0515057	0.214334	0.975401	1.30456	5.2805	49.0358	
0.998611	-0.00562345	-0.0523833	-0.00594822	0.975895	-0.218158	0.0523474	0.218167	0.974507	1.3504	5.47141	49.8965	
0.998566	-0.00581348	-0.0532244	-0.00615571	0.97503	-0.221988	0.0531859	0.221998	0.973596	1.39699	5.66571	50.7564	
0.99852	-0.00600625	-0.0540622	-0.00636656	0.974149	-0.225816	0.0540209	0.225826	0.972669	1.44431	5.86338	51.6155	
0.998645	-0.00546394	-0.051746	-0.00656485	0.973294	-0.229466	0.0516179	0.229495	0.97194	1.49094	6.06437	52.4739	
0.998766	-0.00491224	-0.049429	-0.00675454	0.972424	-0.233122	0.0492111	0.233168	0.97119	1.53545	6.26859	53.3316	
0.99888	-0.00435116	-0.0471112	-0.00693555	0.971538	-0.236783	0.0468006	0.236844	0.97042	1.57783	6.47606	54.1887	
0.998989	-0.0037807	-0.0447928	-0.00710782	0.970636	-0.240448	0.0443865	0.240523	0.969628	1.61808	6.68678	55.045	
0.999092	-0.00320084	-0.0424739	-0.00727128	0.969719	-0.244117	0.0419691	0.244204	0.968815	1.6562	6.90075	55.9007	
0.99919	-0.00261159	-0.0401547	-0.00742585	0.968785	-0.247789	0.0395484	0.247887	0.967981	1.69218	7.11796	56.7556	
0.999282	-0.00201296	-0.0378353	-0.00757148	0.967837	-0.251465	0.0371246	0.251571	0.967127	1.72603	7.33843	57.6098	
0.999368	-0.00140494	-0.0355159	-0.00770812	0.966873	-0.255143	0.0346979	0.255256	0.966251	1.75773	7.56215	58.4632	
0.999449	-0.000787546	-0.0331967	-0.0078357	0.965893	-0.258823	0.0322683	0.25894	0.965354	1.78729	7.78913	59.3159	
0.999523	-0.000160782	-0.0308776	-0.00795418	0.964898	-0.262505	0.029836	0.262625	0.964437	1.8147	8.01935	60.1677	
0.999592	0.000475341	-0.028559	-0.00806351	0.963888	-0.266187	0.0274012	0.266309	0.963498	1.83997	8.25283	61.0187	
0.999655	0.00112081	-0.0262409	-0.00816364	0.962862	-0.26987	0.0249639	0.269991	0.962539	1.86308	8.48956	61.8689	
0.999712	0.00177562	-0.0239234	-0.00825454	0.961821	-0.273553	0.0225244	0.273672	0.961559	1.88405	8.72954	62.7182	
0.999764	0.00243975	-0.0216068	-0.00833617	0.960766	-0.277236	0.0200827	0.27735	0.960559	1.90285	8.97277	63.5667	
0.999809	0.00311318	-0.019291	-0.0084085	0.959695	-0.280917	0.017639	0.281026	0.959538	1.91951	9.21925	64.4143	
0.999849	0.0037959	-0.0169763	-0.00847149	0.95861	-0.284597	0.0151934	0.284698	0.958497	1.934	9.46897	65.2609	
0.999882	0.00448788	-0.0146628	-0.00852513	0.95751	-0.288275	0.0127461	0.288366	0.957435	1.94633	9.72193	66.1066	
0.99991	0.0051891	-0.0123506	-0.00856938	0.956395	-0.291951	0.0102971	0.292031	0.956354	1.9565	9.97812	66.9514	
0.999932	0.00589954	-0.0100399	-0.00860424	0.955266	-0.295624	0.00784672	0.29569	0.955252	1.96451	10.2376	67.7952	
0.999948	0.00661917	-0.0077307	-0.00862969	0.954122	-0.299293	0.00539496	0.299344	0.95413	1.97036	10.5002	68.638	
0.999958	0.00734796	-0.0054232	-0.00864571	0.952965	-0.302958	0.00294199	0.302992	0.952988	1.97404	10.7661	69.4799	
0.999962	0.00808588	-0.00311752	-0.0086523	0.951793	-0.306619	0.000487942	0.306635	0.951827	1.97555	11.0352	70.3207	
0.99973	0.0148401	0.0178806	-0.00865977	0.95201	-0.305945	-0.0215628	0.305707	0.951881	1.96625	11.3055	71.161	
0.999011	0.0215722	0.0388748	-0.00868286	0.952226	-0.30527	-0.0436029	0.304631	0.951472	1.93748	11.5749	72.0012	
0.997806	0.0282789	0.0598549	-0.00872156	0.952442	-0.304596	-0.0656219	0.303406	0.950599	1.88927	11.8433	72.8409	
0.996116	0.034957	0.0808106	-0.00877585	0.952656	-0.303923	-0.0876089	0.302034	0.949263	1.82162	12.1106	73.6795	
0.993942	0.0416031	0.101732	-0.00884571	0.95287	-0.303251	-0.109553	0.300514	0.947465	1.73459	12.3766	74.5168	
0.991283	0.0482142	0.122608	-0.0089311	0.953082	-0.30258	-0.131444	0.298848	0.945205	1.62821	12.6411	75.3523	
0.988143	0.0547868	0.143429	-0.00903199	0.953293	-0.301912	-0.153271	0.297036	0.942485	1.50252	12.9042	76.1856	
0.984522	0.0613179	0.164186	-0.00914831	0.953503	-0.301245	-0.175023	0.29508	0.939305	1.3576	13.1656	77.0163	
0.980422	0.0678043	0.184867	-0.00928002	0.953711	-0.30058	-0.19669	0.29298	0.935669	1.19352	13.4252	77.8439	
0.975845	0.0742428	0.205463	-0.00942704	0.953918	-0.299919	-0.218262	0.290737	0.931576	1.01035	13.6828	78.6682	
0.970793	0.0806302	0.225964	-0.00958932	0.954123	-0.29926	-0.239726	0.288353	0.92703	0.808175	13.9385	79.4887	
0.965269	0.0869635	0.246359	-0.00976677	0.954327	-0.298605	-0.261075	0.285828	0.922032	0.587105	14.1919	80.3049	
0.959276	0.0932395	0.266639	-0.00995929	0.954528	-0.297954	-0.282296	0.283164	0.916585	0.347244	14.4431	81.1165	
0.952816	0.0994553	0.286794	-0.0101668	0.954728	-0.297306	-0.303379	0.280362	0.910691	0.0887087	14.6918	81.9231	
0.945892	0.105608	0.306814	-0.0103892	0.954926	-0.296663	-0.324315	0.277424	0.904354	-0.188375	14.9381	82.7243	
0.938509	0.111694	0.32669	-0.0106264	0.955121	-0.296025	-0.345092	0.27435	0.897576	-0.483873	15.1816	83.5198	
0.930668	0.117711	0.346411	-0.0108783	0.955314	-0.295391	-0.365702	0.271143	0.890361	-0.797641	15.4224	84.309	
0.922376	0.123655	0.365968	-0.0111447	0.955505	-0.294763	-0.386133	0.267803	0.882713	-1.12952	15.6603	85.0917	
