1	0	0	0	1	0	0	0	1	0	0	0	
0.999996	-4.03367e-06	-0.00275991	-4.03367e-06	0.999996	-0.00292304	0.00275991	0.00292304	0.999992	0.00104751	0.00110943	0.759089	
0.999985	-1.61361e-05	-0.00551925	-1.61451e-05	0.999983	-0.00584874	0.00551925	0.00584874	0.999968	0.00418983	0.00443872	1.51817	
0.999966	-3.63115e-05	-0.00827798	-3.63475e-05	0.999961	-0.00877706	0.00827798	0.00877706	0.999927	0.00942652	0.00998989	2.27722	
0.999939	-6.45637e-05	-0.011036	-6.46538e-05	0.999931	-0.0117079	0.011036	0.0117079	0.999871	0.0167571	0.0177649	3.03623	
0.999905	-0.000100896	-0.0137933	-0.000101076	0.999893	-0.0146413	0.0137933	0.0146413	0.999798	0.026181	0.0277656	3.7952	
0.999863	-0.000145312	-0.0165499	-0.000145628	0.999846	-0.0175771	0.0165499	0.0175771	0.999709	0.0376976	0.039994	4.5541	
0.999814	-0.000197815	-0.0193055	-0.00019832	0.99979	-0.0205152	0.0193055	0.0205152	0.999603	0.0513064	0.0544517	5.31293	
0.999757	-0.000258407	-0.0220603	-0.000259165	0.999725	-0.0234556	0.0220602	0.0234556	0.999481	0.0670066	0.0711407	6.07168	
0.999692	-0.00032709	-0.024814	-0.000328173	0.999651	-0.0263983	0.024814	0.0263983	0.999343	0.0847975	0.0900626	6.83032	
0.99962	-0.000403867	-0.0275667	-0.000405357	0.999569	-0.0293432	0.0275667	0.0293432	0.999189	0.104678	0.111219	7.58886	
0.99954	-0.00048874	-0.0303184	-0.000490727	0.999478	-0.0322902	0.0303183	0.0322902	0.999019	0.126648	0.134612	8.34727	
0.999453	-0.000581709	-0.0330689	-0.000584293	0.999379	-0.0352392	0.0330688	0.0352392	0.998832	0.150707	0.160242	9.10555	
0.999358	-0.000682776	-0.0358181	-0.000686065	0.99927	-0.0381902	0.0358181	0.0381903	0.998628	0.176853	0.188112	9.86367	
0.999256	-0.000791941	-0.0385661	-0.000796055	0.999153	-0.0411432	0.038566	0.0411433	0.998409	0.205085	0.218223	10.6216	
0.999146	-0.000909207	-0.0413128	-0.000914271	0.999027	-0.044098	0.0413127	0.0440981	0.998173	0.235402	0.250576	11.3794	
0.999028	-0.00103457	-0.0440581	-0.00104072	0.998892	-0.0470546	0.0440579	0.0470548	0.99792	0.267804	0.285173	12.137	
0.998904	-0.00116804	-0.0468019	-0.00117542	0.998748	-0.050013	0.0468017	0.0500132	0.997651	0.30229	0.322014	12.8945	
0.998771	-0.0013096	-0.0495442	-0.00131837	0.998595	-0.0529731	0.049544	0.0529733	0.997366	0.338857	0.361102	13.6517	
0.998631	-0.00145926	-0.052285	-0.00146958	0.998433	-0.0559347	0.0522847	0.055935	0.997064	0.377506	0.402438	14.4086	
0.998484	-0.00161702	-0.0550241	-0.00162907	0.998263	-0.058898	0.0550237	0.0588983	0.996746	0.418235	0.446023	15.1654	
0.998329	-0.00178288	-0.0577616	-0.00179683	0.998083	-0.0618627	0.0577611	0.0618631	0.996412	0.461042	0.491857	15.9219	
0.998166	-0.00195683	-0.0604973	-0.00197287	0.997894	-0.0648288	0.0604968	0.0648293	0.996061	0.505926	0.539943	16.6781	
0.997997	-0.00213888	-0.0632312	-0.00215722	0.997697	-0.0677964	0.0632306	0.0677969	0.995693	0.552886	0.590281	17.4341	
0.997819	-0.00232901	-0.0659633	-0.00234986	0.99749	-0.0707652	0.0659625	0.0707659	0.99531	0.601921	0.642872	18.1897	
0.997635	-0.00252724	-0.0686934	-0.00255081	0.997275	-0.0737352	0.0686926	0.0737361	0.994909	0.653029	0.697717	18.9451	
0.997442	-0.00273355	-0.0714216	-0.00276007	0.99705	-0.0767065	0.0714206	0.0767074	0.994492	0.706208	0.754817	19.7002	
0.997243	-0.00294795	-0.0741478	-0.00297766	0.996816	-0.0796789	0.0741466	0.07968	0.994059	0.761457	0.814173	20.4549	
0.997036	-0.00317043	-0.0768719	-0.00320357	0.996573	-0.0826523	0.0768705	0.0826535	0.993609	0.818775	0.875786	21.2094	
0.996822	-0.00340098	-0.0795938	-0.00343781	0.996321	-0.0856267	0.0795922	0.0856281	0.993143	0.87816	0.939657	21.9634	
0.9966	-0.00363961	-0.0823136	-0.00368039	0.99606	-0.088602	0.0823118	0.0886037	0.99266	0.93961	1.00579	22.7171	
0.996371	-0.0038863	-0.0850311	-0.00393132	0.99579	-0.0915782	0.085029	0.0915801	0.992161	1.00312	1.07417	23.4705	
0.996134	-0.00414107	-0.0877463	-0.00419059	0.995511	-0.0945552	0.0877439	0.0945573	0.991645	1.0687	1.14482	24.2234	
0.99589	-0.00440389	-0.0904591	-0.00445821	0.995222	-0.0975329	0.0904564	0.0975354	0.991113	1.13633	1.21773	24.9759	
0.995639	-0.00467477	-0.0931695	-0.00473419	0.994925	-0.100511	0.0931665	0.100514	0.990564	1.20603	1.2929	25.7281	
0.995381	-0.0049537	-0.0958774	-0.00501853	0.994618	-0.10349	0.095874	0.103493	0.989999	1.27778	1.37033	26.4798	
0.995115	-0.00524067	-0.0985828	-0.00531123	0.994302	-0.10647	0.098579	0.106473	0.989417	1.35158	1.45002	27.2311	
0.994842	-0.00553569	-0.101286	-0.0056123	0.993976	-0.10945	0.101281	0.109454	0.988818	1.42744	1.53197	27.9819	
0.994562	-0.00583874	-0.103986	-0.00592175	0.993642	-0.11243	0.103981	0.112435	0.988204	1.50534	1.61619	28.7323	
0.994274	-0.00614981	-0.106683	-0.00623956	0.993298	-0.115411	0.106678	0.115416	0.987572	1.5853	1.70267	29.4822	
0.993979	-0.00646891	-0.109378	-0.00656576	0.992945	-0.118392	0.109372	0.118398	0.986924	1.6673	1.79141	30.2316	
0.993677	-0.00679603	-0.11207	-0.00690033	0.992583	-0.121374	0.112063	0.121379	0.98626	1.75134	1.88242	30.9805	
0.993368	-0.00713115	-0.114759	-0.00724328	0.992211	-0.124355	0.114752	0.124362	0.985579	1.83743	1.97569	31.7289	
0.993051	-0.00747427	-0.117445	-0.00759462	0.99183	-0.127337	0.117437	0.127344	0.984882	1.92556	2.07122	32.4768	
0.992728	-0.00782539	-0.120128	-0.00795434	0.99144	-0.130318	0.12012	0.130326	0.984168	2.01572	2.16902	33.2241	
0.992397	-0.00818449	-0.122808	-0.00832244	0.991041	-0.1333	0.122799	0.133308	0.983437	2.10792	2.26908	33.9709	
0.992059	-0.00855157	-0.125485	-0.00869893	0.990632	-0.136281	0.125475	0.136291	0.982691	2.20215	2.37141	34.7172	
0.991713	-0.00892662	-0.128159	-0.00908381	0.990214	-0.139263	0.128148	0.139273	0.981927	2.29841	2.476	35.4628	
0.991361	-0.00930963	-0.13083	-0.00947708	0.989786	-0.142244	0.130818	0.142255	0.981147	2.3967	2.58285	36.2079	
0.991002	-0.00970059	-0.133497	-0.00987873	0.989349	-0.145225	0.133484	0.145237	0.980351	2.49702	2.69197	36.9524	
0.990635	-0.0100995	-0.136161	-0.0102888	0.988903	-0.148205	0.136147	0.148218	0.979538	2.59936	2.80335	37.6963	
0.990262	-0.0105063	-0.138822	-0.0107072	0.988447	-0.151185	0.138807	0.151199	0.978709	2.70371	2.91699	38.4395	
0.989881	-0.0109211	-0.14148	-0.011134	0.987982	-0.154165	0.141463	0.15418	0.977863	2.81009	3.03289	39.1821	
0.989601	-0.0112292	-0.143398	-0.0119507	0.987082	-0.15977	0.143339	0.159822	0.976684	2.91818	3.15207	39.9239	
0.989317	-0.0115497	-0.145321	-0.0127788	0.986148	-0.165372	0.145218	0.165462	0.975466	3.02771	3.27553	40.6649	
0.989028	-0.0118825	-0.147249	-0.0136184	0.985182	-0.170972	0.147099	0.171101	0.974211	3.13865	3.40328	41.4049	
0.988734	-0.0122278	-0.149182	-0.0144693	0.984182	-0.176568	0.148981	0.176737	0.972918	3.25103	3.5353	42.1439	
0.988435	-0.0125856	-0.151119	-0.0153317	0.983149	-0.18216	0.150865	0.182371	0.971587	3.36484	3.67159	42.8819	
0.988132	-0.0129558	-0.15306	-0.0162055	0.982083	-0.187749	0.15275	0.188001	0.970218	3.48007	3.81217	43.6189	
0.987824	-0.0133386	-0.155005	-0.0170908	0.980984	-0.193333	0.154636	0.193628	0.968811	3.59674	3.95701	44.3549	
0.98751	-0.013734	-0.156954	-0.0179875	0.979852	-0.198913	0.156523	0.199252	0.967367	3.71484	4.10613	45.0898	
0.987193	-0.014142	-0.158905	-0.0188956	0.978687	-0.204487	0.15841	0.204871	0.965885	3.83437	4.25951	45.8235	
0.98687	-0.0145626	-0.16086	-0.0198151	0.977488	-0.210057	0.160298	0.210486	0.964365	3.95533	4.41716	46.5561	
0.986542	-0.0149959	-0.162817	-0.0207461	0.976257	-0.21562	0.162185	0.216096	0.962808	4.07773	4.57907	47.2876	
0.98621	-0.0154418	-0.164777	-0.0216884	0.974992	-0.221177	0.164072	0.221701	0.961212	4.20156	4.74523	48.0178	
0.985873	-0.0159004	-0.166739	-0.0226422	0.973695	-0.226728	0.165958	0.227301	0.959579	4.32682	4.91565	48.7469	
0.985531	-0.0163717	-0.168703	-0.0236073	0.972364	-0.232272	0.167843	0.232894	0.957909	4.45352	5.09032	49.4746	
0.985184	-0.0168557	-0.170668	-0.0245838	0.971001	-0.237809	0.169728	0.238482	0.9562	4.58164	5.26923	50.2011	
0.984833	-0.0173524	-0.172635	-0.0255717	0.969604	-0.243339	0.17161	0.244063	0.954454	4.71119	5.45237	50.9263	
0.984477	-0.0178618	-0.174603	-0.0265708	0.968175	-0.24886	0.173491	0.249637	0.952671	4.84218	5.63976	51.6502	
0.984116	-0.0183839	-0.176571	-0.0275813	0.966713	-0.254374	0.17537	0.255204	0.95085	4.97459	5.83137	52.3726	
0.983751	-0.0189186	-0.17854	-0.0286031	0.965217	-0.259879	0.177247	0.260763	0.948992	5.10842	6.0272	53.0937	
0.983381	-0.019466	-0.180509	-0.0296361	0.96369	-0.265375	0.179121	0.266315	0.947097	5.24368	6.22725	53.8134	
0.983006	-0.0200261	-0.182479	-0.0306804	0.962129	-0.270863	0.180992	0.271858	0.945164	5.38036	6.43151	54.5316	
0.982627	-0.0205987	-0.184447	-0.0317358	0.960536	-0.27634	0.182861	0.277393	0.943194	5.51846	6.63998	55.2483	
0.982243	-0.0211839	-0.186416	-0.0328025	0.95891	-0.281808	0.184725	0.282919	0.941187	5.65797	6.85264	55.9635	
0.981854	-0.0217817	-0.188383	-0.0338802	0.957251	-0.287266	0.186587	0.288436	0.939143	5.7989	7.0695	56.6772	
0.981461	-0.022392	-0.190349	-0.0349691	0.955561	-0.292714	0.188444	0.293943	0.937062	5.94125	7.29054	57.3893	
0.981064	-0.0230148	-0.192314	-0.0360691	0.953837	-0.29815	0.190298	0.299441	0.934945	6.085	7.51576	58.0998	
0.980662	-0.02365	-0.194277	-0.03718	0.952082	-0.303576	0.192147	0.304929	0.932791	6.23015	7.74514	58.8087	
0.980255	-0.0242976	-0.196238	-0.038302	0.950294	-0.30899	0.193991	0.310406	0.9306	6.37671	7.97869	59.5159	
0.979844	-0.0249576	-0.198197	-0.0394349	0.948474	-0.314393	0.195831	0.315872	0.928372	6.52466	8.21639	60.2215	
0.979429	-0.0256298	-0.200153	-0.0405787	0.946621	-0.319783	0.197665	0.321327	0.926109	6.67402	8.45824	60.9254	
0.97901	-0.0263143	-0.202107	-0.0417334	0.944737	-0.325162	0.199494	0.326771	0.923809	6.82476	8.70422	61.6275	
0.978586	-0.0270109	-0.204058	-0.0428989	0.942821	-0.330527	0.201318	0.332203	0.921473	6.97688	8.95433	62.3279	
0.978158	-0.0277197	-0.206005	-0.0440751	0.940873	-0.33588	0.203135	0.337624	0.919101	7.13039	9.20856	63.0265	
0.977726	-0.0284405	-0.207949	-0.0452621	0.938893	-0.34122	0.204947	0.343032	0.916693	7.28528	9.4669	63.7232	
0.97729	-0.0291732	-0.20989	-0.0464597	0.936882	-0.346546	0.206752	0.348427	0.91425	7.44154	9.72935	64.4182	
0.976849	-0.0299178	-0.211826	-0.0476678	0.934839	-0.351858	0.20855	0.35381	0.911771	7.59916	9.99588	65.1112	
0.976405	-0.0306742	-0.213758	-0.0488866	0.932764	-0.357156	0.210341	0.359179	0.909256	7.75815	10.2665	65.8024	
0.975957	-0.0314423	-0.215685	-0.0501158	0.930659	-0.36244	0.212125	0.364535	0.906707	7.9185	10.5412	66.4916	
0.975504	-0.0322221	-0.217608	-0.0513554	0.928522	-0.367709	0.213902	0.369877	0.904122	8.08019	10.8199	67.1789	
0.975048	-0.0330134	-0.219525	-0.0526054	0.926354	-0.372963	0.215671	0.375205	0.901503	8.24324	11.1027	67.8642	
0.974588	-0.0338161	-0.221438	-0.0538657	0.924155	-0.378202	0.217432	0.380519	0.898849	8.40762	11.3895	68.5475	
0.974124	-0.0346302	-0.223345	-0.0551361	0.921925	-0.383425	0.219185	0.385818	0.89616	8.57334	11.6804	69.2288	
0.974967	-0.0330964	-0.219872	-0.0591625	0.914598	-0.400012	0.214334	0.403006	0.889745	8.73788	11.9798	69.9067	
0.975791	-0.031496	-0.216425	-0.063098	0.906954	-0.416476	0.209405	0.42005	0.883011	8.89871	12.2922	70.5796	
0.976596	-0.0298296	-0.213005	-0.0669412	0.898995	-0.432813	0.204401	0.436942	0.875958	9.05578	12.6175	71.2472	
0.977381	-0.0280979	-0.209613	-0.0706908	0.890723	-0.449015	0.199323	0.453677	0.868589	9.20901	12.9555	71.9093	
0.978146	-0.0263014	-0.20625	-0.0743455	0.882142	-0.465078	0.194174	0.470248	0.860908	9.35837	13.3062	72.5658	
