1	0	0	0	1	0	0	0	1	0	0	0	
0.999992	-1.84582e-06	0.00405612	-1.84582e-06	1	0.000910136	-0.00405612	-0.000910136	0.999991	-0.00148929	-0.000334177	0.734341	
0.999967	-7.38509e-06	0.008112	-7.3894e-06	0.999998	0.00182128	-0.008112	-0.00182128	0.999965	-0.00595709	-0.00133708	1.46867	
0.999926	-1.66216e-05	0.0121676	-1.66388e-05	0.999996	0.00273342	-0.0121676	-0.00273342	0.999922	-0.0134032	-0.00300944	2.20297	
0.999868	-2.9559e-05	0.0162228	-2.96021e-05	0.999993	0.00364654	-0.0162228	-0.00364654	0.999862	-0.0238273	-0.00535198	2.93724	
0.999794	-4.62009e-05	0.0202775	-4.62871e-05	0.99999	0.00456062	-0.0202775	-0.00456062	0.999784	-0.0372292	-0.00836542	3.67145	
0.999704	-6.65509e-05	0.0243317	-6.67018e-05	0.999985	0.00547564	-0.0243317	-0.00547564	0.999689	-0.0536085	-0.0120505	4.4056	
0.999597	-9.06125e-05	0.0283854	-9.08538e-05	0.99998	0.00639159	-0.0283854	-0.0063916	0.999577	-0.0729648	-0.0164078	5.13968	
0.999474	-0.000118389	0.0324384	-0.000118751	0.999973	0.00730846	-0.0324384	-0.00730846	0.999447	-0.0952976	-0.0214381	5.87366	
0.999334	-0.000149884	0.0364906	-0.000150401	0.999966	0.00822622	-0.0364906	-0.00822623	0.9993	-0.120606	-0.027142	6.60755	
0.999178	-0.0001851	0.040542	-0.000185811	0.999958	0.00914486	-0.040542	-0.00914488	0.999136	-0.148891	-0.0335202	7.34132	
0.999005	-0.000224042	0.0445926	-0.00022499	0.999949	0.0100644	-0.0445926	-0.0100644	0.998955	-0.18015	-0.0405733	8.07496	
0.998816	-0.000266711	0.0486422	-0.000267943	0.99994	0.0109847	-0.0486422	-0.0109847	0.998756	-0.214383	-0.0483019	8.80847	
0.998611	-0.000313111	0.0526908	-0.000314679	0.999929	0.0119059	-0.0526908	-0.0119059	0.99854	-0.25159	-0.0567067	9.54182	
0.998389	-0.000363245	0.0567383	-0.000365205	0.999918	0.0128279	-0.0567382	-0.0128279	0.998307	-0.291769	-0.0657883	10.275	
0.998151	-0.000417116	0.0607846	-0.000419529	0.999905	0.0137507	-0.0607846	-0.0137508	0.998056	-0.33492	-0.0755473	11.008	
0.997896	-0.000474727	0.0648297	-0.000477656	0.999892	0.0146743	-0.0648297	-0.0146743	0.997788	-0.381042	-0.0859842	11.7408	
0.997625	-0.000536081	0.0688735	-0.000539595	0.999878	0.0155986	-0.0688735	-0.0155987	0.997503	-0.430134	-0.0970996	12.4734	
0.997338	-0.000601179	0.0729159	-0.000605353	0.999863	0.0165237	-0.0729159	-0.0165238	0.997201	-0.482195	-0.108894	13.2058	
0.997034	-0.000670026	0.0769569	-0.000674936	0.999848	0.0174495	-0.0769568	-0.0174497	0.996882	-0.537224	-0.121368	13.938	
0.996714	-0.000742623	0.0809963	-0.000748351	0.999831	0.018376	-0.0809963	-0.0183762	0.996545	-0.59522	-0.134523	14.67	
0.996378	-0.000818973	0.0850342	-0.000825605	0.999813	0.0193032	-0.0850341	-0.0193035	0.996191	-0.656182	-0.148358	15.4016	
0.996025	-0.000899079	0.0890704	-0.000906704	0.999795	0.0202311	-0.0890703	-0.0202315	0.99582	-0.720108	-0.162874	16.133	
0.995656	-0.000982943	0.0931049	-0.000991656	0.999776	0.0211597	-0.0931048	-0.0211601	0.995431	-0.786998	-0.178071	16.8642	
0.99527	-0.00107057	0.0971376	-0.00108047	0.999755	0.0220889	-0.0971375	-0.0220894	0.995026	-0.85685	-0.193951	17.595	
0.994869	-0.00116195	0.101168	-0.00117314	0.999734	0.0230187	-0.101168	-0.0230193	0.994603	-0.929662	-0.210514	18.3255	
0.994451	-0.0012571	0.105197	-0.00126969	0.999712	0.0239492	-0.105197	-0.0239498	0.994163	-1.00543	-0.22776	19.0558	
0.994016	-0.00135602	0.109224	-0.00137012	0.99969	0.0248802	-0.109224	-0.024881	0.993706	-1.08416	-0.245689	19.7857	
0.993566	-0.00145871	0.113249	-0.00147443	0.999666	0.0258118	-0.113249	-0.0258127	0.993231	-1.16585	-0.264303	20.5152	
0.993099	-0.00156516	0.117271	-0.00158263	0.999641	0.026744	-0.117271	-0.026745	0.99274	-1.25049	-0.2836	21.2444	
0.992615	-0.00167539	0.121292	-0.00169473	0.999615	0.0276767	-0.121292	-0.0276779	0.992231	-1.33808	-0.303583	21.9732	
0.992116	-0.00178939	0.12531	-0.00181073	0.999589	0.0286099	-0.12531	-0.0286113	0.991705	-1.42863	-0.324251	22.7017	
0.9916	-0.00190717	0.129326	-0.00193063	0.999562	0.0295437	-0.129325	-0.0295452	0.991162	-1.52212	-0.345604	23.4297	
0.991068	-0.00202873	0.133339	-0.00205446	0.999533	0.0304779	-0.133339	-0.0304796	0.990602	-1.61857	-0.367644	24.1574	
0.99052	-0.00215407	0.13735	-0.0021822	0.999504	0.0314126	-0.137349	-0.0314145	0.990024	-1.71795	-0.390369	24.8846	
0.989956	-0.00228318	0.141358	-0.00231387	0.999474	0.0323477	-0.141357	-0.0323499	0.98943	-1.82029	-0.413782	25.6114	
0.989375	-0.00241608	0.145364	-0.00244947	0.999443	0.0332833	-0.145363	-0.0332858	0.988818	-1.92556	-0.437881	26.3378	
0.988779	-0.00255277	0.149366	-0.00258901	0.999411	0.0342193	-0.149366	-0.0342221	0.98819	-2.03378	-0.462668	27.0637	
0.988166	-0.00269323	0.153366	-0.00273249	0.999378	0.0351558	-0.153366	-0.0351588	0.987544	-2.14493	-0.488143	27.7891	
0.987537	-0.00283749	0.157364	-0.00287992	0.999344	0.0360925	-0.157363	-0.0360959	0.986881	-2.25903	-0.514306	28.5141	
0.986891	-0.00298553	0.161358	-0.0030313	0.99931	0.0370297	-0.161357	-0.0370334	0.986201	-2.37605	-0.541157	29.2385	
0.98623	-0.00313736	0.165349	-0.00318664	0.999274	0.0379672	-0.165348	-0.0379713	0.985504	-2.49601	-0.568697	29.9625	
0.985553	-0.00329298	0.169337	-0.00334595	0.999237	0.038905	-0.169336	-0.0389096	0.98479	-2.61889	-0.596925	30.6859	
0.984859	-0.00345239	0.173322	-0.00350922	0.9992	0.0398432	-0.173321	-0.0398481	0.984059	-2.74471	-0.625843	31.4088	
0.984149	-0.00361559	0.177304	-0.00367647	0.999161	0.0407816	-0.177303	-0.0407871	0.983311	-2.87345	-0.65545	32.1312	
0.983424	-0.00378259	0.181283	-0.0038477	0.999122	0.0417203	-0.181282	-0.0417263	0.982546	-3.00511	-0.685746	32.853	
0.982682	-0.00395337	0.185258	-0.00402291	0.999082	0.0426593	-0.185257	-0.0426658	0.981764	-3.13969	-0.716733	33.5742	
0.981924	-0.00412795	0.18923	-0.00420211	0.99904	0.0435985	-0.189228	-0.0436056	0.980964	-3.27719	-0.748409	34.2949	
0.98115	-0.00430633	0.193198	-0.0043853	0.998998	0.0445379	-0.193197	-0.0445456	0.980148	-3.41761	-0.780776	35.015	
0.98036	-0.0044885	0.197163	-0.00457249	0.998955	0.0454776	-0.197161	-0.0454859	0.979315	-3.56094	-0.813833	35.7344	
0.979555	-0.00467446	0.201124	-0.00476368	0.998911	0.0464174	-0.201122	-0.0464264	0.978465	-3.70718	-0.847581	36.4533	
0.978733	-0.00486423	0.205082	-0.00495888	0.998866	0.0473574	-0.205079	-0.0473672	0.977598	-3.85632	-0.882019	37.1715	
0.978455	-0.00492895	0.206402	-0.00518818	0.998812	0.0484467	-0.206396	-0.0484738	0.977267	-4.0074	-0.917209	37.8892	
0.978175	-0.00499517	0.207722	-0.00541992	0.998757	0.0495403	-0.207711	-0.0495849	0.976933	-4.15945	-0.953214	38.6068	
0.977894	-0.0050629	0.209041	-0.00565409	0.998701	0.050638	-0.209026	-0.0507006	0.976595	-4.31247	-0.990036	39.324	
0.977611	-0.00513213	0.21036	-0.00589069	0.998643	0.0517398	-0.21034	-0.0518206	0.976254	-4.46645	-1.02768	40.0411	
0.977326	-0.00520288	0.211678	-0.00612971	0.998584	0.0528455	-0.211653	-0.0529448	0.97591	-4.62139	-1.06615	40.7579	
0.977039	-0.00527516	0.212996	-0.00637113	0.998523	0.053955	-0.212966	-0.0540732	0.975562	-4.7773	-1.10544	41.4744	
0.97675	-0.00534896	0.214313	-0.00661494	0.998461	0.0550683	-0.214278	-0.0552056	0.975211	-4.93417	-1.14556	42.1907	
0.97646	-0.00542429	0.21563	-0.00686114	0.998397	0.0561852	-0.215589	-0.056342	0.974857	-5.09201	-1.18652	42.9067	
0.976168	-0.00550117	0.216947	-0.00710971	0.998331	0.0573055	-0.2169	-0.0574823	0.9745	-5.2508	-1.22831	43.6224	
0.975874	-0.00557959	0.218263	-0.00736064	0.998264	0.0584293	-0.21821	-0.0586262	0.974139	-5.41056	-1.27095	44.3379	
0.975578	-0.00565956	0.219579	-0.00761392	0.998196	0.0595564	-0.21952	-0.0597738	0.973775	-5.57129	-1.31442	45.0531	
0.975281	-0.00574108	0.220894	-0.00786954	0.998126	0.0606867	-0.220828	-0.0609249	0.973408	-5.73297	-1.35874	45.7681	
0.974982	-0.00582416	0.222209	-0.00812747	0.998054	0.0618201	-0.222136	-0.0620795	0.973037	-5.89561	-1.4039	46.4827	
0.974681	-0.00590881	0.223523	-0.00838771	0.997981	0.0629565	-0.223444	-0.0632373	0.972663	-6.05922	-1.44991	47.1972	
0.974378	-0.00599502	0.224837	-0.00865024	0.997906	0.0640958	-0.22475	-0.0643984	0.972286	-6.22378	-1.49678	47.9113	
0.974074	-0.00608281	0.22615	-0.00891504	0.99783	0.0652378	-0.226056	-0.0655625	0.971905	-6.38931	-1.54449	48.6251	
0.973767	-0.00617218	0.227463	-0.00918211	0.997752	0.0663825	-0.227361	-0.0667297	0.971522	-6.55579	-1.59307	49.3387	
0.973459	-0.00626313	0.228775	-0.00945142	0.997672	0.0675297	-0.228666	-0.0678997	0.971134	-6.72323	-1.6425	50.052	
0.973149	-0.00635566	0.230087	-0.00972296	0.997591	0.0686795	-0.229969	-0.0690725	0.970744	-6.89163	-1.69279	50.765	
0.972838	-0.00644978	0.231398	-0.00999671	0.997509	0.0698315	-0.231272	-0.0702479	0.97035	-7.06098	-1.74395	51.4777	
0.972524	-0.0065455	0.232709	-0.0102727	0.997424	0.0709858	-0.232574	-0.071426	0.969952	-7.23129	-1.79597	52.1901	
0.972209	-0.00664281	0.23402	-0.0105508	0.997339	0.0721422	-0.233876	-0.0726064	0.969552	-7.40256	-1.84885	52.9023	
0.971892	-0.00674172	0.235329	-0.010831	0.997251	0.0733006	-0.235177	-0.0737892	0.969148	-7.57478	-1.9026	53.6141	
0.971574	-0.00684224	0.236639	-0.0111135	0.997162	0.074461	-0.236477	-0.0749742	0.96874	-7.74796	-1.95723	54.3256	
0.971253	-0.00694436	0.237948	-0.011398	0.997071	0.0756231	-0.237776	-0.0761613	0.96833	-7.92209	-2.01272	55.0369	
0.970931	-0.00704809	0.239256	-0.0116846	0.996979	0.076787	-0.239074	-0.0773505	0.967915	-8.09718	-2.06908	55.7478	
0.970607	-0.00715343	0.240564	-0.0119733	0.996885	0.0779524	-0.240372	-0.0785415	0.967498	-8.27322	-2.12632	56.4584	
0.970281	-0.00726039	0.241871	-0.0122641	0.99679	0.0791193	-0.241669	-0.0797343	0.967077	-8.45021	-2.18444	57.1688	
0.969954	-0.00736896	0.243178	-0.0125569	0.996693	0.0802876	-0.242965	-0.0809288	0.966653	-8.62815	-2.24343	57.8788	
0.969624	-0.00747915	0.244484	-0.0128517	0.996594	0.0814571	-0.244261	-0.0821249	0.966226	-8.80705	-2.3033	58.5885	
0.969293	-0.00759096	0.24579	-0.0131485	0.996494	0.0826278	-0.245555	-0.0833224	0.965795	-8.9869	-2.36404	59.2979	
0.968961	-0.00770439	0.247095	-0.0134472	0.996392	0.0837996	-0.246849	-0.0845212	0.965361	-9.16769	-2.42567	60.0069	
0.968626	-0.00781945	0.2484	-0.013748	0.996288	0.0849722	-0.248142	-0.0857213	0.964924	-9.34944	-2.48818	60.7157	
0.96829	-0.00793613	0.249704	-0.0140506	0.996183	0.0861457	-0.249434	-0.0869225	0.964483	-9.53214	-2.55157	61.4241	
0.967952	-0.00805444	0.251007	-0.0143551	0.996077	0.0873199	-0.250726	-0.0881247	0.964039	-9.71578	-2.61584	62.1322	
0.967612	-0.00817438	0.25231	-0.0146615	0.995969	0.0884947	-0.252016	-0.0893278	0.963591	-9.90037	-2.681	62.84	
0.96727	-0.00829595	0.253612	-0.0149698	0.995859	0.08967	-0.253306	-0.0905316	0.963141	-10.0859	-2.74704	63.5474	
0.966927	-0.00841914	0.254914	-0.0152798	0.995748	0.0908457	-0.254595	-0.0917362	0.962687	-10.2724	-2.81396	64.2545	
0.966582	-0.00854397	0.256215	-0.0155917	0.995635	0.0920216	-0.255883	-0.0929413	0.96223	-10.4598	-2.88177	64.9613	
0.966235	-0.00867043	0.257515	-0.0159053	0.995521	0.0931977	-0.25717	-0.0941468	0.961769	-10.6482	-2.95046	65.6677	
0.965887	-0.00879852	0.258815	-0.0162207	0.995405	0.0943739	-0.258456	-0.0953527	0.961305	-10.8375	-3.02004	66.3738	
0.965537	-0.00892824	0.260114	-0.0165377	0.995287	0.0955501	-0.259742	-0.0965588	0.960839	-11.0278	-3.09051	67.0796	
0.965184	-0.00905959	0.261413	-0.0168565	0.995168	0.096726	-0.261026	-0.097765	0.960368	-11.219	-3.16186	67.785	
0.964831	-0.00919257	0.262711	-0.0171769	0.995048	0.0979018	-0.26231	-0.0989712	0.959895	-11.4112	-3.23409	68.4901	
0.964475	-0.00932719	0.264008	-0.017499	0.994926	0.0990771	-0.263593	-0.100177	0.959418	-11.6043	-3.30721	69.1948	
0.964118	-0.00946344	0.265305	-0.0178226	0.994802	0.100252	-0.264875	-0.101383	0.958938	-11.7983	-3.38122	69.8991	
0.963759	-0.00960131	0.266601	-0.0181479	0.994678	0.101426	-0.266156	-0.102589	0.958455	-11.9933	-3.45611	70.6032	
0.968464	-0.00770904	0.249033	-0.0185678	0.994509	0.102994	-0.248459	-0.10437	0.963003	-12.1822	-3.5321	71.3087	
