1	0	0	0	1	0	0	0	1	0	0	0	
0.999999	-2.18888e-06	-0.00162638	-2.18888e-06	0.999996	-0.0026917	0.00162638	0.0026917	0.999995	0.000628786	0.00104066	0.773231	
0.999995	-8.76782e-06	-0.00325473	-8.77112e-06	0.999985	-0.00538869	0.00325473	0.00538869	0.99998	0.00251591	0.00416467	1.54645	
0.999988	-1.97559e-05	-0.00488501	-1.97691e-05	0.999967	-0.0080909	0.00488501	0.0080909	0.999955	0.00566286	0.00937611	2.31966	
0.999979	-3.51717e-05	-0.00651715	-3.52049e-05	0.999942	-0.0107983	0.00651715	0.0107983	0.99992	0.0100711	0.016679	3.09285	
0.999967	-5.50338e-05	-0.00815112	-5.51002e-05	0.999909	-0.0135107	0.00815112	0.0135107	0.999876	0.0157421	0.0260772	3.866	
0.999952	-7.93599e-05	-0.00978686	-7.94763e-05	0.999868	-0.0162281	0.00978686	0.0162281	0.99982	0.0226772	0.0375747	4.63912	
0.999935	-0.000108168	-0.0114243	-0.000108354	0.99982	-0.0189504	0.0114243	0.0189504	0.999755	0.0308778	0.0511753	5.41219	
0.999915	-0.000141475	-0.0130635	-0.000141755	0.999765	-0.0216776	0.0130635	0.0216776	0.99968	0.0403452	0.0668828	6.1852	
0.999892	-0.000179298	-0.0147043	-0.000179699	0.999702	-0.0244096	0.0147043	0.0244096	0.999594	0.0510807	0.0847008	6.95815	
0.999866	-0.000221654	-0.0163466	-0.000222207	0.999631	-0.0271463	0.0163466	0.0271463	0.999498	0.0630855	0.104633	7.73103	
0.999838	-0.000268559	-0.0179905	-0.000269297	0.999553	-0.0298875	0.0179905	0.0298876	0.999391	0.0763608	0.126683	8.50384	
0.999807	-0.000320029	-0.0196359	-0.00032099	0.999467	-0.0326334	0.0196359	0.0326334	0.999274	0.0909077	0.150855	9.27655	
0.999773	-0.000376079	-0.0212827	-0.000377304	0.999374	-0.0353837	0.0212827	0.0353837	0.999147	0.106728	0.177152	10.0492	
0.999737	-0.000436726	-0.0229309	-0.000438259	0.999272	-0.0381385	0.0229309	0.0381385	0.999009	0.123821	0.205576	10.8217	
0.999698	-0.000501982	-0.0245805	-0.000503872	0.999163	-0.0408975	0.0245805	0.0408976	0.998861	0.14219	0.236133	11.5941	
0.999656	-0.000571865	-0.0262314	-0.000574163	0.999046	-0.0436609	0.0262313	0.0436609	0.998702	0.161835	0.268825	12.3664	
0.999611	-0.000646386	-0.0278835	-0.000649148	0.998921	-0.0464284	0.0278834	0.0464284	0.998532	0.182756	0.303655	13.1386	
0.999563	-0.000725561	-0.0295368	-0.000728846	0.998789	-0.0492	0.0295367	0.0492001	0.998352	0.204956	0.340626	13.9106	
0.999513	-0.000809403	-0.0311912	-0.000813273	0.998648	-0.0519757	0.0311911	0.0519757	0.998161	0.228434	0.379743	14.6825	
0.99946	-0.000897924	-0.0328468	-0.000902446	0.998499	-0.0547553	0.0328467	0.0547554	0.997959	0.253192	0.421007	15.4542	
0.999404	-0.000991139	-0.0345034	-0.000996383	0.998343	-0.0575388	0.0345033	0.0575389	0.997747	0.279231	0.464421	16.2258	
0.999345	-0.00108906	-0.036161	-0.0010951	0.998178	-0.0603261	0.0361609	0.0603262	0.997524	0.306551	0.50999	16.9972	
0.999284	-0.0011917	-0.0378196	-0.00119861	0.998005	-0.0631172	0.0378194	0.0631173	0.997289	0.335153	0.557715	17.7684	
0.99922	-0.00129906	-0.0394791	-0.00130693	0.997825	-0.0659119	0.0394789	0.0659121	0.997044	0.365038	0.6076	18.5395	
0.999152	-0.00141117	-0.0411395	-0.00142007	0.997636	-0.0687102	0.0411392	0.0687104	0.996788	0.396206	0.659648	19.3103	
0.999082	-0.00152803	-0.0428007	-0.00153806	0.997439	-0.071512	0.0428004	0.0715123	0.996521	0.428658	0.71386	20.081	
0.99901	-0.00164965	-0.0444627	-0.0016609	0.997233	-0.0743173	0.0444623	0.0743175	0.996243	0.462395	0.77024	20.8514	
0.998934	-0.00177605	-0.0461254	-0.00178861	0.99702	-0.0771259	0.0461249	0.0771262	0.995954	0.497418	0.828791	21.6216	
0.998856	-0.00190723	-0.0477888	-0.00192121	0.996798	-0.0799378	0.0477882	0.0799382	0.995654	0.533726	0.889514	22.3916	
0.998774	-0.0020432	-0.0494528	-0.0020587	0.996568	-0.0827529	0.0494522	0.0827533	0.995342	0.571321	0.952414	23.1613	
0.99869	-0.00218398	-0.0511174	-0.0022011	0.99633	-0.0855712	0.0511167	0.0855716	0.99502	0.610203	1.01749	23.9308	
0.998603	-0.00232957	-0.0527826	-0.00234842	0.996083	-0.0883925	0.0527817	0.088393	0.994686	0.650372	1.08475	24.7001	
0.998514	-0.00247997	-0.0544482	-0.00250068	0.995828	-0.0912168	0.0544473	0.0912174	0.994341	0.691828	1.15419	25.4691	
0.998421	-0.00263521	-0.0561143	-0.00265789	0.995564	-0.0940441	0.0561132	0.0940447	0.993985	0.734573	1.22581	26.2378	
0.998325	-0.00279529	-0.0577808	-0.00282006	0.995293	-0.0968741	0.0577796	0.0968748	0.993618	0.778605	1.29963	27.0063	
0.998227	-0.00296021	-0.0594476	-0.00298719	0.995012	-0.0997069	0.0594463	0.0997078	0.993239	0.823927	1.37563	27.7744	
0.998126	-0.00312998	-0.0611148	-0.00315932	0.994724	-0.102542	0.0611133	0.102543	0.992849	0.870537	1.45382	28.5423	
0.998022	-0.00330461	-0.0627822	-0.00333643	0.994426	-0.105381	0.0627805	0.105382	0.992448	0.918436	1.53421	29.3098	
0.997915	-0.00348411	-0.0644498	-0.00351855	0.994121	-0.108221	0.0644479	0.108222	0.992035	0.967625	1.61679	30.077	
0.997805	-0.00366848	-0.0661176	-0.00370568	0.993806	-0.111064	0.0661155	0.111066	0.991611	1.0181	1.70157	30.844	
0.997692	-0.00385773	-0.0677855	-0.00389784	0.993483	-0.11391	0.0677832	0.113911	0.991176	1.06987	1.78855	31.6105	
0.997577	-0.00405187	-0.0694535	-0.00409503	0.993152	-0.116758	0.069451	0.116759	0.990729	1.12293	1.87773	32.3768	
0.997459	-0.0042509	-0.0711216	-0.00429727	0.992812	-0.119608	0.0711188	0.119609	0.990271	1.17727	1.96912	33.1427	
0.997337	-0.00445482	-0.0727896	-0.00450456	0.992463	-0.12246	0.0727865	0.122462	0.989801	1.23291	2.06271	33.9082	
0.997213	-0.00466364	-0.0744576	-0.00471691	0.992106	-0.125314	0.0744542	0.125316	0.989319	1.28984	2.1585	34.6733	
0.997086	-0.00487737	-0.0761254	-0.00493433	0.99174	-0.128171	0.0761218	0.128173	0.988826	1.34805	2.2565	35.4381	
0.996956	-0.00509601	-0.0777932	-0.00515683	0.991365	-0.131029	0.0777891	0.131031	0.988322	1.40756	2.35672	36.2025	
0.996824	-0.00531956	-0.0794607	-0.00538442	0.990982	-0.133889	0.0794563	0.133891	0.987806	1.46835	2.45914	36.9665	
0.996688	-0.00554802	-0.081128	-0.0056171	0.99059	-0.136751	0.0811232	0.136754	0.987278	1.53043	2.56378	37.7301	
0.99655	-0.00578141	-0.082795	-0.00585487	0.990189	-0.139614	0.0827898	0.139617	0.986738	1.5938	2.67063	38.4933	
0.996409	-0.00601972	-0.0844616	-0.00609776	0.989779	-0.14248	0.084456	0.142483	0.986188	1.65846	2.77969	39.2561	
0.996264	-0.00626296	-0.0861279	-0.00634576	0.98936	-0.145346	0.0861219	0.14535	0.985625	1.72441	2.89097	40.0184	
0.996117	-0.00651112	-0.0877938	-0.00659888	0.988933	-0.148215	0.0877873	0.148218	0.985051	1.79165	3.00447	40.7803	
0.996014	-0.00668827	-0.0889486	-0.0071033	0.988071	-0.153836	0.0889165	0.153854	0.984085	1.85996	3.12126	41.5416	
0.995908	-0.00687301	-0.0901084	-0.00761453	0.987176	-0.159455	0.0900488	0.159489	0.983084	1.92916	3.2424	42.3022	
0.995801	-0.00706538	-0.091273	-0.00813261	0.986248	-0.165073	0.0911841	0.165122	0.982049	1.99922	3.3679	43.0619	
0.995692	-0.00726542	-0.0924421	-0.00865753	0.985287	-0.170688	0.0923221	0.170753	0.980979	2.07017	3.49776	43.8209	
0.99558	-0.00747316	-0.0936156	-0.00918932	0.984293	-0.176301	0.0934627	0.176382	0.979875	2.142	3.63196	44.579	
0.995467	-0.00768865	-0.0947932	-0.00972799	0.983267	-0.181911	0.0946057	0.182008	0.978735	2.21471	3.77052	45.3362	
0.995352	-0.0079119	-0.0959747	-0.0102735	0.982208	-0.187517	0.0957507	0.187632	0.977561	2.2883	3.91343	46.0925	
0.995235	-0.00814294	-0.09716	-0.010826	0.981115	-0.19312	0.0968977	0.193252	0.976353	2.36278	4.06069	46.8479	
0.995117	-0.00838181	-0.0983488	-0.0113854	0.97999	-0.19872	0.0980464	0.198869	0.975109	2.43815	4.21229	47.6024	
0.994996	-0.00862851	-0.0995408	-0.0119516	0.978832	-0.204315	0.0991967	0.204482	0.973831	2.51441	4.36823	48.3559	
0.994874	-0.00888308	-0.100736	-0.0125248	0.977641	-0.209906	0.100348	0.210091	0.972518	2.59156	4.52851	49.1084	
0.994749	-0.00914552	-0.101934	-0.0131049	0.976418	-0.215492	0.101501	0.215696	0.971171	2.6696	4.69313	49.8599	
0.994623	-0.00941584	-0.103135	-0.0136919	0.975161	-0.221073	0.102654	0.221296	0.969789	2.74853	4.86208	50.6103	
0.994495	-0.00969406	-0.104338	-0.0142859	0.973872	-0.226648	0.103809	0.226891	0.968372	2.82835	5.03536	51.3596	
0.994365	-0.00998018	-0.105543	-0.0148867	0.97255	-0.232218	0.104964	0.232481	0.966921	2.90906	5.21296	52.1078	
0.994233	-0.0102742	-0.106751	-0.0154945	0.971195	-0.237782	0.106119	0.238065	0.965435	2.99067	5.39488	52.8549	
0.994099	-0.0105761	-0.10796	-0.0161092	0.969807	-0.24334	0.107274	0.243643	0.963914	3.07317	5.58112	53.6008	
0.993963	-0.010886	-0.109171	-0.0167308	0.968387	-0.248891	0.108429	0.249215	0.962359	3.15657	5.77166	54.3455	
0.993826	-0.0112037	-0.110383	-0.0173593	0.966934	-0.254435	0.109584	0.25478	0.96077	3.24086	5.96652	55.0891	
0.993687	-0.0115293	-0.111597	-0.0179947	0.965448	-0.259972	0.110738	0.260339	0.959146	3.32604	6.16567	55.8313	
0.993546	-0.0118627	-0.112811	-0.018637	0.96393	-0.265501	0.111892	0.26589	0.957488	3.41211	6.36912	56.5723	
0.993403	-0.0122041	-0.114027	-0.0192861	0.96238	-0.271023	0.113045	0.271434	0.955795	3.49907	6.57686	57.312	
0.993258	-0.0125532	-0.115243	-0.0199421	0.960797	-0.276536	0.114196	0.27697	0.954069	3.58693	6.78888	58.0504	
0.993112	-0.0129102	-0.116459	-0.020605	0.959181	-0.282041	0.115346	0.282498	0.952308	3.67567	7.00518	58.7875	
0.992963	-0.013275	-0.117676	-0.0212747	0.957533	-0.287538	0.116495	0.288018	0.950513	3.76531	7.22575	59.5231	
0.992813	-0.0136475	-0.118892	-0.0219512	0.955853	-0.293025	0.117643	0.293529	0.948684	3.85583	7.45059	60.2574	
0.992662	-0.0140278	-0.120109	-0.0226345	0.95414	-0.298503	0.118788	0.299031	0.946821	3.94724	7.67968	60.9902	
0.992508	-0.0144157	-0.121325	-0.0233245	0.952395	-0.303972	0.119931	0.304524	0.944924	4.03953	7.91303	61.7216	
0.992353	-0.0148114	-0.12254	-0.0240214	0.950619	-0.30943	0.121072	0.310008	0.942993	4.13271	8.15062	62.4515	
0.992196	-0.0152146	-0.123755	-0.0247249	0.94881	-0.314879	0.12221	0.315482	0.941029	4.22676	8.39244	63.1799	
0.992038	-0.0156255	-0.124968	-0.0254352	0.946969	-0.320317	0.123346	0.320945	0.939031	4.3217	8.6385	63.9068	
0.991878	-0.0160438	-0.126181	-0.0261521	0.945096	-0.325744	0.124479	0.326398	0.937	4.41751	8.88877	64.6321	
0.991716	-0.0164697	-0.127392	-0.0268757	0.943192	-0.331161	0.125609	0.331841	0.934935	4.5142	9.14326	65.3558	
0.991552	-0.016903	-0.128601	-0.027606	0.941255	-0.336565	0.126736	0.337272	0.932837	4.61176	9.40195	66.0779	
0.991387	-0.0173437	-0.129809	-0.0283428	0.939287	-0.341959	0.127859	0.342693	0.930706	4.71019	9.66483	66.7984	
0.991221	-0.0177917	-0.131015	-0.0290862	0.937288	-0.34734	0.128979	0.348102	0.928542	4.80949	9.93191	67.5172	
0.991053	-0.018247	-0.132219	-0.0298361	0.935257	-0.35271	0.130094	0.353499	0.926345	4.90965	10.2032	68.2343	
0.990883	-0.0187094	-0.13342	-0.0305926	0.933195	-0.358066	0.131206	0.358884	0.924114	5.01068	10.4786	68.9498	
0.990712	-0.0191791	-0.134619	-0.0313555	0.931101	-0.363411	0.132314	0.364256	0.921852	5.11256	10.7582	69.6634	
0.990539	-0.0196558	-0.135815	-0.0321248	0.928977	-0.368742	0.133417	0.369616	0.919556	5.21529	11.0419	70.3754	
0.990904	-0.0186074	-0.133277	-0.034645	0.921735	-0.386269	0.130034	0.387373	0.912707	5.31715	11.3346	71.0838	
0.991259	-0.0175101	-0.130759	-0.0370999	0.914156	-0.403662	0.126603	0.404985	0.905516	5.41637	11.6409	71.7867	
0.991605	-0.0163643	-0.128262	-0.0394888	0.90624	-0.420915	0.123124	0.422446	0.897987	5.51293	11.9608	72.484	
0.991941	-0.0151703	-0.125786	-0.0418107	0.897993	-0.43802	0.119599	0.439749	0.890122	5.60677	12.2942	73.1754	
0.992268	-0.0139286	-0.123332	-0.0440648	0.889415	-0.454971	0.11603	0.456888	0.881924	5.69787	12.6408	73.8605	
0.992584	-0.0126396	-0.120901	-0.0462501	0.880512	-0.471762	0.112418	0.473855	0.873398	5.78619	13.0007	74.5391	
