1	0	0	0	1	0	0	0	1	0	0	0	
0.999993	-1.37039e-06	0.00370132	-1.37039e-06	1	0.000740484	-0.00370132	-0.000740484	0.999993	-0.00158148	-0.000316389	0.854543	
0.999973	-5.48839e-06	0.00740604	-5.49185e-06	0.999999	0.00148259	-0.00740604	-0.00148259	0.999971	-0.00632735	-0.00126625	1.70907	
0.999938	-1.2365e-05	0.011114	-1.23788e-05	0.999998	0.00222628	-0.011114	-0.00222628	0.999936	-0.0142405	-0.00285095	2.56358	
0.99989	-2.20109e-05	0.0148252	-2.20456e-05	0.999996	0.00297155	-0.0148252	-0.00297155	0.999886	-0.0253237	-0.00507184	3.41805	
0.999828	-3.44367e-05	0.0185395	-3.45062e-05	0.999993	0.00371838	-0.0185395	-0.00371838	0.999821	-0.0395795	-0.00793027	4.27247	
0.999752	-4.96529e-05	0.0222567	-4.97746e-05	0.99999	0.00446673	-0.0222567	-0.00446674	0.999742	-0.0570106	-0.0114275	5.12683	
0.999663	-6.76695e-05	0.0259767	-6.78645e-05	0.999986	0.0052166	-0.0259767	-0.00521661	0.999649	-0.0776194	-0.015565	5.98112	
0.999559	-8.84967e-05	0.0296995	-8.87894e-05	0.999982	0.00596797	-0.0296995	-0.00596797	0.999541	-0.101408	-0.0203439	6.83532	
0.999441	-0.000112144	0.0334248	-0.000112563	0.999977	0.0067208	-0.0334248	-0.0067208	0.999419	-0.12838	-0.0257654	7.68942	
0.99931	-0.000138622	0.0371527	-0.000139198	0.999972	0.00747508	-0.0371527	-0.00747509	0.999282	-0.158536	-0.031831	8.54341	
0.999164	-0.000167939	0.040883	-0.000168707	0.999966	0.00823078	-0.040883	-0.0082308	0.99913	-0.191878	-0.0385417	9.39728	
0.999004	-0.000200104	0.0446156	-0.000201104	0.99996	0.0089879	-0.0446156	-0.00898792	0.998964	-0.228409	-0.0458988	10.251	
0.99883	-0.000235128	0.0483503	-0.000236401	0.999952	0.0097464	-0.0483503	-0.00974643	0.998783	-0.268131	-0.0539034	11.1046	
0.998643	-0.000273017	0.0520871	-0.000274611	0.999945	0.0105063	-0.0520871	-0.0105063	0.998587	-0.311045	-0.0625569	11.958	
0.99844	-0.000313783	0.0558258	-0.000315745	0.999936	0.0112675	-0.0558258	-0.0112675	0.998377	-0.357154	-0.0718603	12.8113	
0.998224	-0.000357431	0.0595664	-0.000359816	0.999928	0.01203	-0.0595663	-0.0120301	0.998152	-0.406458	-0.0818147	13.6643	
0.997994	-0.000403972	0.0633086	-0.000406836	0.999918	0.0127938	-0.0633086	-0.0127939	0.997912	-0.458959	-0.0924213	14.5172	
0.997749	-0.000453413	0.0670525	-0.000456816	0.999908	0.0135589	-0.0670525	-0.013559	0.997657	-0.514659	-0.103681	15.3699	
0.997491	-0.000505761	0.0707979	-0.000509768	0.999897	0.0143253	-0.0707979	-0.0143254	0.997388	-0.573559	-0.115595	16.2223	
0.997218	-0.000561026	0.0745447	-0.000565703	0.999886	0.0150928	-0.0745447	-0.015093	0.997103	-0.63566	-0.128165	17.0745	
0.99693	-0.000619213	0.0782928	-0.000624633	0.999874	0.0158616	-0.0782927	-0.0158618	0.996804	-0.700963	-0.141391	17.9264	
0.996629	-0.000680331	0.082042	-0.000686568	0.999861	0.0166316	-0.0820419	-0.0166319	0.99649	-0.76947	-0.155275	18.7781	
0.996313	-0.000744387	0.0857923	-0.000751519	0.999848	0.0174028	-0.0857922	-0.0174031	0.996161	-0.841181	-0.169817	19.6295	
0.995983	-0.000811387	0.0895435	-0.000819497	0.999834	0.0181751	-0.0895434	-0.0181754	0.995817	-0.916097	-0.185019	20.4806	
0.995638	-0.000881338	0.0932955	-0.000890512	0.99982	0.0189485	-0.0932954	-0.0189489	0.995458	-0.994219	-0.200881	21.3314	
0.995279	-0.000954247	0.0970483	-0.000964574	0.999805	0.019723	-0.0970482	-0.0197235	0.995084	-1.07555	-0.217405	22.1819	
0.994906	-0.00103012	0.100802	-0.00104169	0.999789	0.0204986	-0.100802	-0.0204992	0.994695	-1.16008	-0.234591	23.0321	
0.994518	-0.00110896	0.104556	-0.00112188	0.999773	0.0212752	-0.104555	-0.0212759	0.994291	-1.24783	-0.25244	23.882	
0.994116	-0.00119078	0.10831	-0.00120514	0.999756	0.0220529	-0.10831	-0.0220537	0.993873	-1.33878	-0.270954	24.7315	
0.9937	-0.00127558	0.112064	-0.00129149	0.999738	0.0228316	-0.112064	-0.0228325	0.993439	-1.43294	-0.290132	25.5806	
0.993269	-0.00136337	0.115819	-0.00138093	0.99972	0.0236112	-0.115819	-0.0236123	0.99299	-1.53031	-0.309977	26.4293	
0.992824	-0.00145415	0.119574	-0.00147348	0.999701	0.0243919	-0.119574	-0.024393	0.992526	-1.63088	-0.330488	27.2777	
0.992365	-0.00154793	0.123328	-0.00156914	0.999682	0.0251734	-0.123328	-0.0251747	0.992047	-1.73467	-0.351667	28.1256	
0.991891	-0.00164472	0.127083	-0.00166792	0.999662	0.0259559	-0.127083	-0.0259574	0.991552	-1.84166	-0.373515	28.9732	
0.991402	-0.00174451	0.130837	-0.00176983	0.999641	0.0267393	-0.130837	-0.026741	0.991043	-1.95187	-0.396031	29.8203	
0.990899	-0.00184731	0.134591	-0.00187488	0.999619	0.0275236	-0.134591	-0.0275254	0.990519	-2.06528	-0.419218	30.667	
0.990382	-0.00195313	0.138344	-0.00198308	0.999597	0.0283087	-0.138344	-0.0283107	0.98998	-2.18189	-0.443075	31.5132	
0.989851	-0.00206197	0.142097	-0.00209443	0.999574	0.0290946	-0.142097	-0.0290969	0.989425	-2.30172	-0.467604	32.3589	
0.989304	-0.00217383	0.145849	-0.00220894	0.999551	0.0298813	-0.145849	-0.0298839	0.988855	-2.42475	-0.492805	33.2042	
0.988744	-0.00228872	0.149601	-0.00232662	0.999527	0.0306688	-0.1496	-0.0306717	0.988271	-2.55099	-0.518679	34.049	
0.988169	-0.00240665	0.153351	-0.00244748	0.999502	0.0314571	-0.15335	-0.0314602	0.987671	-2.68043	-0.545226	34.8932	
0.987579	-0.00252761	0.1571	-0.00257152	0.999477	0.0322461	-0.157099	-0.0322495	0.987056	-2.81308	-0.572448	35.737	
0.986976	-0.00265161	0.160848	-0.00269874	0.999451	0.0330358	-0.160847	-0.0330396	0.986426	-2.94893	-0.600344	36.5802	
0.986357	-0.00277865	0.164595	-0.00282917	0.999424	0.0338262	-0.164594	-0.0338304	0.985781	-3.08798	-0.628916	37.4229	
0.985725	-0.00290873	0.16834	-0.0029628	0.999396	0.0346172	-0.16834	-0.0346218	0.985121	-3.23023	-0.658163	38.265	
0.985078	-0.00304187	0.172084	-0.00309963	0.999368	0.0354089	-0.172083	-0.0354139	0.984446	-3.37569	-0.688088	39.1065	
0.984416	-0.00317805	0.175827	-0.00323968	0.999339	0.0362012	-0.175826	-0.0362067	0.983755	-3.52434	-0.718689	39.9475	
0.98374	-0.00331728	0.179568	-0.00338295	0.99931	0.0369941	-0.179566	-0.037	0.98305	-3.67619	-0.749969	40.7878	
0.98305	-0.00345957	0.183306	-0.00352945	0.99928	0.0377876	-0.183305	-0.037794	0.982329	-3.83123	-0.781926	41.6276	
0.982345	-0.00360491	0.187043	-0.00367918	0.999249	0.0385816	-0.187042	-0.0385886	0.981594	-3.98947	-0.814562	42.4667	
0.981626	-0.00375331	0.190778	-0.00383215	0.999217	0.0393761	-0.190777	-0.0393837	0.980843	-4.1509	-0.847878	43.3052	
0.980893	-0.00390476	0.194511	-0.00398835	0.999185	0.0401711	-0.19451	-0.0401793	0.980077	-4.31553	-0.881873	44.1431	
0.980145	-0.00405928	0.198242	-0.00414781	0.999152	0.0409666	-0.19824	-0.0409754	0.979297	-4.48334	-0.916548	44.9803	
0.979383	-0.00421686	0.20197	-0.00431051	0.999118	0.0417625	-0.201968	-0.0417721	0.978501	-4.65434	-0.951904	45.8168	
0.978606	-0.0043775	0.205696	-0.00447647	0.999084	0.0425589	-0.205694	-0.0425692	0.97769	-4.82852	-0.987941	46.6526	
0.977815	-0.0045412	0.209419	-0.00464568	0.999049	0.0433556	-0.209417	-0.0433667	0.976864	-5.00589	-1.02466	47.4877	
0.97701	-0.00470796	0.21314	-0.00481816	0.999013	0.0441528	-0.213137	-0.0441647	0.976024	-5.18643	-1.06206	48.3221	
0.976191	-0.00487779	0.216858	-0.00499391	0.998977	0.0449503	-0.216855	-0.044963	0.975168	-5.37016	-1.10014	49.1558	
0.976043	-0.00490891	0.217524	-0.00523645	0.998926	0.0460391	-0.217517	-0.0460752	0.974968	-5.55575	-1.13904	49.9891	
0.975893	-0.00494083	0.218192	-0.0054805	0.998874	0.0471313	-0.218179	-0.0471909	0.974767	-5.74191	-1.17889	50.8222	
0.975744	-0.00497355	0.218859	-0.00572604	0.99882	0.0482265	-0.218841	-0.0483099	0.974564	-5.92864	-1.21969	51.655	
0.975593	-0.00500707	0.219528	-0.00597305	0.998765	0.0493248	-0.219504	-0.0494322	0.974359	-6.11593	-1.26146	52.4878	
0.975442	-0.00504139	0.220197	-0.00622151	0.998708	0.0504259	-0.220166	-0.0505575	0.974151	-6.30379	-1.30418	53.3203	
0.975291	-0.00507651	0.220866	-0.00647139	0.99865	0.0515297	-0.220829	-0.0516857	0.973942	-6.49222	-1.34786	54.1527	
0.975139	-0.00511245	0.221536	-0.00672266	0.998591	0.0526361	-0.221493	-0.0528168	0.973731	-6.68121	-1.39252	54.9849	
0.974986	-0.0051492	0.222206	-0.00697531	0.99853	0.053745	-0.222156	-0.0539506	0.973517	-6.87077	-1.43813	55.8169	
0.974833	-0.00518676	0.222877	-0.0072293	0.998468	0.0548563	-0.22282	-0.0550869	0.973302	-7.06089	-1.48472	56.6487	
0.974679	-0.00522514	0.223548	-0.00748462	0.998404	0.0559697	-0.223483	-0.0562257	0.973085	-7.25159	-1.53228	57.4803	
0.974525	-0.00526434	0.224219	-0.00774123	0.998339	0.0570853	-0.224147	-0.0573668	0.972865	-7.44285	-1.58082	58.3118	
0.97437	-0.00530435	0.224891	-0.00799912	0.998273	0.0582028	-0.224811	-0.05851	0.972644	-7.63467	-1.63033	59.143	
0.974214	-0.00534519	0.225563	-0.00825825	0.998205	0.0593222	-0.225475	-0.0596552	0.972421	-7.82707	-1.68082	59.9741	
0.974058	-0.00538685	0.226236	-0.00851859	0.998135	0.0604432	-0.226139	-0.0608024	0.972195	-8.02003	-1.73229	60.805	
0.973901	-0.00542933	0.226909	-0.00878013	0.998064	0.0615658	-0.226804	-0.0619513	0.971968	-8.21356	-1.78474	61.6357	
0.973744	-0.00547264	0.227582	-0.00904284	0.997992	0.0626898	-0.227468	-0.0631018	0.971739	-8.40766	-1.83817	62.4662	
0.973586	-0.00551678	0.228255	-0.00930668	0.997918	0.0638152	-0.228132	-0.0642539	0.971508	-8.60232	-1.89258	63.2965	
0.973427	-0.00556174	0.228929	-0.00957163	0.997843	0.0649417	-0.228796	-0.0654073	0.971274	-8.79756	-1.94798	64.1266	
0.973268	-0.00560753	0.229603	-0.00983766	0.997767	0.0660693	-0.22946	-0.0665619	0.971039	-8.99336	-2.00437	64.9565	
0.973109	-0.00565416	0.230277	-0.0101047	0.997689	0.0671978	-0.230125	-0.0677176	0.970802	-9.18973	-2.06175	65.7862	
0.972949	-0.00570161	0.230951	-0.0103729	0.997609	0.068327	-0.230789	-0.0688743	0.970563	-9.38666	-2.12011	66.6157	
0.972788	-0.00574989	0.231626	-0.010642	0.997528	0.069457	-0.231453	-0.0700318	0.970322	-9.58417	-2.17946	67.445	
0.972627	-0.00579899	0.232301	-0.010912	0.997446	0.0705874	-0.232117	-0.0711901	0.970079	-9.78224	-2.2398	68.274	
0.972465	-0.00584893	0.232976	-0.011183	0.997362	0.0717182	-0.232781	-0.0723488	0.969834	-9.98087	-2.30113	69.1029	
0.972303	-0.0058997	0.233651	-0.0114549	0.997277	0.0728493	-0.233444	-0.0735081	0.969588	-10.1801	-2.36345	69.9316	
0.97214	-0.0059513	0.234326	-0.0117277	0.997191	0.0739806	-0.234108	-0.0746676	0.969339	-10.3799	-2.42676	70.76	
0.976894	-0.00433996	0.213682	-0.01223	0.99702	0.0761618	-0.213376	-0.0770153	0.97393	-10.5711	-2.49157	71.5904	
0.981206	-0.00267911	0.192946	-0.0126856	0.996845	0.0783528	-0.192547	-0.0793278	0.978076	-10.7445	-2.55838	72.4244	
0.985074	-0.000969516	0.172126	-0.0130944	0.996664	0.0805526	-0.17163	-0.0816042	0.981776	-10.9001	-2.62714	73.2619	
0.988498	0.000788047	0.151233	-0.0134561	0.996479	0.0827602	-0.150635	-0.0838433	0.985028	-11.0378	-2.69784	74.1022	
0.991475	0.00259278	0.130275	-0.0137706	0.996288	0.0849746	-0.129571	-0.0860441	0.98783	-11.1575	-2.77043	74.9452	
0.994003	0.00444385	0.109262	-0.0140378	0.996092	0.0871948	-0.108448	-0.0882057	0.990181	-11.2592	-2.84488	75.7904	
0.996082	0.00634042	0.0882047	-0.0142575	0.995892	0.0894198	-0.0872754	-0.090327	0.992081	-11.3429	-2.92117	76.6374	
0.997711	0.00828162	0.0671114	-0.0144296	0.995687	0.0916485	-0.0660629	-0.0924071	0.993527	-11.4084	-2.99925	77.4858	
0.998889	0.0102666	0.0459922	-0.014554	0.995477	0.09388	-0.0448203	-0.094445	0.994521	-11.4558	-3.07909	78.3353	
0.999615	0.0122944	0.0248567	-0.0146308	0.995263	0.0961131	-0.0235573	-0.0964398	0.99506	-11.485	-3.16065	79.1854	
0.99989	0.0143641	0.00371453	-0.0146598	0.995044	0.098347	-0.00228346	-0.0983906	0.995145	-11.496	-3.2439	80.0358	
0.999712	0.0164747	-0.0174246	-0.014641	0.994821	0.100581	0.0189914	-0.100297	0.994776	-11.4889	-3.3288	80.8861	
0.999083	0.0186254	-0.038551	-0.0145745	0.994594	0.102813	0.0402576	-0.102157	0.993953	-11.4636	-3.4153	81.7359	
0.998002	0.0208151	-0.0596552	-0.0144603	0.994363	0.105043	0.0615054	-0.10397	0.992677	-11.4201	-3.50338	82.5847	
0.99647	0.0230428	-0.0807274	-0.0142984	0.994127	0.107269	0.0827251	-0.105736	0.990947	-11.3585	-3.59298	83.4323	
