1	0	0	0	1	0	0	0	1	0	0	0	
0.999988	-6.97614e-06	-0.00484449	-6.97614e-06	0.999996	-0.00288001	0.00484449	0.00288001	0.999984	0.0024981	0.0014851	1.03131	
0.999953	-2.79079e-05	-0.00968944	-2.79079e-05	0.999983	-0.00576029	0.00968944	0.00576029	0.999936	0.00999264	0.00594054	2.06258	
0.999894	-6.27997e-05	-0.0145347	-6.27999e-05	0.999963	-0.00864076	0.0145347	0.00864076	0.999857	0.022484	0.0133666	3.09379	
0.999812	-0.000111655	-0.01938	-0.000111656	0.999934	-0.0115213	0.01938	0.0115213	0.999746	0.0399724	0.0237633	4.1249	
0.999707	-0.000174478	-0.0242253	-0.000174479	0.999896	-0.0144018	0.0242253	0.0144018	0.999603	0.0624578	0.0371307	5.15588	
0.999577	-0.000251271	-0.0290703	-0.000251272	0.999851	-0.0172822	0.0290703	0.0172822	0.999428	0.0899402	0.0534688	6.1867	
0.999425	-0.000342034	-0.033915	-0.000342037	0.999797	-0.0201623	0.033915	0.0201623	0.999221	0.122419	0.0727774	7.21732	
0.999248	-0.00044677	-0.038759	-0.000446774	0.999734	-0.0230421	0.038759	0.0230421	0.998983	0.159894	0.0950561	8.24771	
0.999049	-0.000565479	-0.0436023	-0.000565484	0.999664	-0.0259215	0.0436023	0.0259215	0.998713	0.202364	0.120305	9.27784	
0.998826	-0.000698161	-0.0484447	-0.000698168	0.999585	-0.0288003	0.0484447	0.0288003	0.998411	0.249829	0.148522	10.3077	
0.998579	-0.000844815	-0.0532859	-0.000844824	0.999498	-0.0316784	0.0532859	0.0316784	0.998077	0.302287	0.179709	11.3372	
0.998309	-0.00100544	-0.0581259	-0.00100545	0.999402	-0.0345558	0.0581259	0.0345558	0.997711	0.359738	0.213863	12.3663	
0.998015	-0.00118003	-0.0629644	-0.00118005	0.999298	-0.0374324	0.0629644	0.0374324	0.997314	0.422179	0.250984	13.3951	
0.997698	-0.00136859	-0.0678012	-0.00136861	0.999186	-0.040308	0.0678012	0.040308	0.996884	0.489609	0.291072	14.4234	
0.997357	-0.00157111	-0.0726363	-0.00157113	0.999066	-0.0431825	0.0726363	0.0431825	0.996423	0.562027	0.334124	15.4513	
0.996993	-0.00178758	-0.0774694	-0.00178761	0.998937	-0.0460558	0.0774694	0.0460558	0.99593	0.63943	0.38014	16.4786	
0.996606	-0.00201801	-0.0823003	-0.00201804	0.9988	-0.0489279	0.0823003	0.0489279	0.995406	0.721816	0.42912	17.5055	
0.996194	-0.00226239	-0.0871289	-0.00226243	0.998655	-0.0517986	0.0871289	0.0517986	0.994849	0.809184	0.48106	18.5318	
0.99576	-0.0025207	-0.0919551	-0.00252075	0.998501	-0.0546679	0.0919551	0.0546679	0.994261	0.90153	0.53596	19.5575	
0.995302	-0.00279295	-0.0967785	-0.00279301	0.99834	-0.0575355	0.0967785	0.0575355	0.993642	0.998852	0.593819	20.5825	
0.994821	-0.00307913	-0.101599	-0.00307919	0.998169	-0.0604015	0.101599	0.0604015	0.99299	1.10115	0.654634	21.607	
0.994316	-0.00337922	-0.106417	-0.0033793	0.997991	-0.0632657	0.106417	0.0632657	0.992307	1.20841	0.718404	22.6307	
0.993788	-0.00369323	-0.111231	-0.00369331	0.997804	-0.066128	0.111231	0.066128	0.991592	1.32064	0.785127	23.6537	
0.993236	-0.00402113	-0.116042	-0.00402123	0.997609	-0.0689883	0.116042	0.0689883	0.990846	1.43784	0.854801	24.676	
0.992661	-0.00436293	-0.12085	-0.00436303	0.997406	-0.0718465	0.12085	0.0718465	0.990067	1.55999	0.927423	25.6974	
0.992063	-0.0047186	-0.125653	-0.00471872	0.997195	-0.0747025	0.125653	0.0747025	0.989258	1.68711	1.00299	26.7181	
0.991441	-0.00508814	-0.130453	-0.00508827	0.996975	-0.0775562	0.130453	0.0775563	0.988416	1.81917	1.08151	27.7379	
0.990796	-0.00547154	-0.135249	-0.00547169	0.996747	-0.0804076	0.135249	0.0804076	0.987544	1.95618	1.16296	28.7568	
0.990128	-0.00586878	-0.140041	-0.00586894	0.996511	-0.0832564	0.140041	0.0832564	0.986639	2.09814	1.24736	29.7748	
0.989437	-0.00627985	-0.144828	-0.00628003	0.996266	-0.0861026	0.144828	0.0861026	0.985703	2.24503	1.33469	30.7919	
0.988722	-0.00670473	-0.149611	-0.00670493	0.996014	-0.0889461	0.149611	0.0889462	0.984736	2.39686	1.42495	31.808	
0.987984	-0.00714341	-0.154389	-0.00714363	0.995753	-0.0917869	0.154389	0.0917869	0.983737	2.55362	1.51815	32.823	
0.987223	-0.00759588	-0.159162	-0.00759612	0.995484	-0.0946247	0.159162	0.0946247	0.982707	2.71531	1.61427	33.837	
0.986439	-0.00806212	-0.16393	-0.00806238	0.995207	-0.0974595	0.16393	0.0974595	0.981646	2.88191	1.71332	34.85	
0.985632	-0.00854211	-0.168693	-0.0085424	0.994921	-0.100291	0.168693	0.100291	0.980553	3.05343	1.81529	35.8618	
0.984801	-0.00903584	-0.17345	-0.00903615	0.994628	-0.10312	0.17345	0.10312	0.979429	3.22986	1.92019	36.8725	
0.983948	-0.00954328	-0.178202	-0.00954362	0.994326	-0.105945	0.178202	0.105945	0.978274	3.41119	2.02799	37.882	
0.983071	-0.0100644	-0.182948	-0.0100648	0.994016	-0.108767	0.182948	0.108767	0.977087	3.59742	2.13871	38.8903	
0.982172	-0.0105992	-0.187688	-0.0105996	0.993698	-0.111585	0.187688	0.111585	0.97587	3.78854	2.25233	39.8973	
0.981249	-0.0111477	-0.192422	-0.0111482	0.993372	-0.114399	0.192422	0.114399	0.974621	3.98455	2.36887	40.9031	
0.980303	-0.0117098	-0.19715	-0.0117103	0.993038	-0.11721	0.19715	0.11721	0.973342	4.18543	2.4883	41.9076	
0.979335	-0.0122856	-0.201871	-0.0122861	0.992696	-0.120017	0.201871	0.120017	0.972031	4.39119	2.61063	42.9107	
0.978344	-0.0128749	-0.206586	-0.0128754	0.992345	-0.122821	0.206586	0.122821	0.970689	4.60182	2.73585	43.9125	
0.97733	-0.0134778	-0.211294	-0.0134784	0.991987	-0.12562	0.211293	0.12562	0.969317	4.8173	2.86396	44.9129	
0.976293	-0.0140943	-0.215995	-0.0140949	0.99162	-0.128415	0.215994	0.128415	0.967913	5.03763	2.99495	45.9118	
0.975233	-0.0147243	-0.220688	-0.0147249	0.991246	-0.131206	0.220688	0.131206	0.966479	5.26281	3.12883	46.9093	
0.974151	-0.0153677	-0.225375	-0.0153684	0.990863	-0.133992	0.225375	0.133992	0.965014	5.49283	3.26558	47.9053	
0.973046	-0.0160247	-0.230054	-0.0160254	0.990473	-0.136774	0.230054	0.136774	0.963518	5.72767	3.4052	48.8998	
0.971918	-0.0166951	-0.234726	-0.0166959	0.990074	-0.139552	0.234726	0.139552	0.961992	5.96734	3.54769	49.8927	
0.970768	-0.017379	-0.23939	-0.0173798	0.989667	-0.142325	0.23939	0.142325	0.960435	6.21182	3.69304	50.884	
0.969595	-0.0180762	-0.244046	-0.0180771	0.989253	-0.145093	0.244046	0.145093	0.958848	6.46111	3.84125	51.8737	
0.9684	-0.0187868	-0.248693	-0.0187877	0.98883	-0.147857	0.248693	0.147857	0.95723	6.71519	3.99232	52.8617	
0.967182	-0.0195108	-0.253333	-0.0195117	0.9884	-0.150615	0.253333	0.150615	0.955582	6.97407	4.14623	53.8481	
0.965942	-0.020248	-0.257964	-0.0202491	0.987962	-0.153369	0.257964	0.153369	0.953904	7.23772	4.30298	54.8327	
0.96468	-0.0209986	-0.262587	-0.0209997	0.987515	-0.156117	0.262587	0.156118	0.952195	7.50615	4.46257	55.8156	
0.963395	-0.0217624	-0.267201	-0.0217635	0.987061	-0.158861	0.2672	0.158861	0.950456	7.77934	4.62499	56.7968	
0.962088	-0.0225394	-0.271805	-0.0225406	0.986599	-0.161599	0.271805	0.161599	0.948687	8.05728	4.79024	57.7761	
0.960759	-0.0233296	-0.276401	-0.0233309	0.986129	-0.164331	0.276401	0.164332	0.946888	8.33997	4.9583	58.7535	
0.959408	-0.024133	-0.280988	-0.0241343	0.985652	-0.167058	0.280988	0.167059	0.945059	8.62739	5.12919	59.7291	
0.958035	-0.0249495	-0.285565	-0.0249509	0.985166	-0.16978	0.285565	0.16978	0.943201	8.91954	5.30288	60.7028	
0.956639	-0.0257791	-0.290133	-0.0257806	0.984673	-0.172496	0.290132	0.172496	0.941312	9.2164	5.47938	61.6746	
0.955222	-0.0266217	-0.294691	-0.0266233	0.984172	-0.175206	0.29469	0.175206	0.939394	9.51797	5.65867	62.6444	
0.953783	-0.0274774	-0.299239	-0.0274791	0.983663	-0.17791	0.299238	0.177911	0.937446	9.82423	5.84076	63.6122	
0.952322	-0.0283461	-0.303776	-0.0283478	0.983146	-0.180609	0.303776	0.180609	0.935468	10.1352	6.02564	64.578	
0.950839	-0.0292277	-0.308304	-0.0292295	0.982622	-0.183301	0.308304	0.183301	0.933461	10.4508	6.21329	65.5417	
0.950497	-0.0294327	-0.309338	-0.0303168	0.981971	-0.186586	0.309252	0.186727	0.932468	10.7693	6.4041	66.5039	
0.950154	-0.0296413	-0.31037	-0.0314074	0.981307	-0.189868	0.310196	0.190151	0.931462	11.0887	6.59844	67.465	
0.94981	-0.0298537	-0.3114	-0.0325014	0.980632	-0.193146	0.311135	0.193573	0.930443	11.4091	6.79631	68.4251	
0.949465	-0.0300698	-0.312429	-0.0335984	0.979944	-0.19642	0.312069	0.196991	0.929412	11.7304	6.9977	69.3842	
0.957086	-0.0250006	-0.288725	-0.0349074	0.979073	-0.200491	0.287695	0.201966	0.936184	12.0397	7.20344	70.3462	
0.964084	-0.0198068	-0.264856	-0.0361096	0.978181	-0.204591	0.26313	0.206807	0.942334	12.3238	7.41424	71.315	
0.970457	-0.0144916	-0.240839	-0.0372042	0.977268	-0.208717	0.238389	0.211511	0.947857	12.5824	7.62996	72.2897	
0.976198	-0.00905869	-0.21669	-0.0381904	0.976335	-0.212865	0.213491	0.216074	0.952751	12.8154	7.85046	73.2698	
0.981305	-0.00351165	-0.192425	-0.0390677	0.975382	-0.217033	0.18845	0.220493	0.957011	13.0227	8.07559	74.2547	
0.985775	0.00214583	-0.168059	-0.0398354	0.97441	-0.221218	0.163284	0.224766	0.960634	13.2041	8.3052	75.2436	
0.989603	0.00791	-0.143609	-0.040493	0.97342	-0.225418	0.138009	0.22889	0.96362	13.3595	8.53915	76.2359	
0.992788	0.013777	-0.119092	-0.04104	0.972412	-0.22963	0.112643	0.232861	0.965964	13.4887	8.77726	77.2309	
0.995327	0.019743	-0.0945233	-0.0414762	0.971388	-0.23385	0.0872019	0.236678	0.967667	13.5918	9.0194	78.2281	
0.997219	0.025804	-0.0699194	-0.0418012	0.970347	-0.238076	0.0617028	0.240337	0.968726	13.6686	9.26539	79.2266	
0.998462	0.0319559	-0.0452968	-0.0420148	0.96929	-0.242306	0.0361626	0.243836	0.969142	13.719	9.51507	80.226	
0.999056	0.0381947	-0.0206718	-0.0421169	0.968218	-0.246536	0.0105985	0.247174	0.968913	13.7431	9.76827	81.2254	
0.999001	0.0445162	0.00393921	-0.0421073	0.967132	-0.250763	-0.0149728	0.250347	0.96804	13.7409	10.0248	82.2243	
0.998296	0.0509162	0.0285199	-0.0419862	0.966033	-0.254986	-0.040534	0.253354	0.966524	13.7123	10.2846	83.2219	
0.996941	0.0573905	0.0530538	-0.0417535	0.964921	-0.2592	-0.0660683	0.256192	0.964365	13.6573	10.5474	84.2176	
0.994938	0.0639348	0.0775248	-0.0414095	0.963797	-0.263403	-0.0915588	0.25886	0.961566	13.576	10.813	85.2108	
0.992289	0.0705447	0.101916	-0.0409543	0.962661	-0.267593	-0.116988	0.261356	0.958127	13.4685	11.0812	86.2008	
0.988993	0.0772158	0.126213	-0.0403883	0.961515	-0.271767	-0.14234	0.263678	0.954051	13.3347	11.352	87.1868	
0.985055	0.0839437	0.150397	-0.0397118	0.96036	-0.275921	-0.167597	0.265825	0.949341	13.1749	11.625	88.1684	
0.980477	0.0907238	0.174454	-0.0389254	0.959195	-0.280053	-0.192743	0.267795	0.944	12.9891	11.9002	89.1448	
0.975261	0.0975518	0.198367	-0.0380294	0.958022	-0.284161	-0.217761	0.269587	0.938031	12.7774	12.1773	90.1153	
0.969411	0.104423	0.222121	-0.0370246	0.956842	-0.288241	-0.242634	0.2712	0.931439	12.54	12.4562	91.0793	
0.962931	0.111333	0.245699	-0.0359115	0.955655	-0.292291	-0.267345	0.272633	0.924228	12.277	12.7367	92.0363	
0.955826	0.118277	0.269086	-0.034691	0.954462	-0.296308	-0.291879	0.273884	0.916403	11.9886	13.0185	92.9855	
0.948099	0.125251	0.292267	-0.0333638	0.953264	-0.30029	-0.316219	0.274954	0.907968	11.675	13.3015	93.9263	
0.939757	0.132249	0.315225	-0.0319308	0.952062	-0.304234	-0.340349	0.275841	0.89893	11.3364	13.5856	94.8581	
0.930804	0.139268	0.337946	-0.0303929	0.950856	-0.308137	-0.364252	0.276544	0.889294	10.9731	13.8704	95.7802	
0.921247	0.146302	0.360415	-0.0287513	0.949648	-0.311996	-0.387913	0.277063	0.879067	10.5852	14.1559	96.6921	
0.911092	0.153347	0.382617	-0.0270069	0.948438	-0.31581	-0.411317	0.277399	0.868256	10.173	14.4418	97.5932	
0.900346	0.160398	0.404536	-0.025161	0.947227	-0.319575	-0.434447	0.27755	0.856868	9.73689	14.728	98.4828	
