1	0	0	0	1	0	0	0	1	0	0	0	
1	-9.09352e-07	0.000401182	-9.09352e-07	0.99999	0.00453334	-0.000401182	-0.00453334	0.99999	-0.000212546	-0.00240176	1.05959	
1	-3.65263e-06	0.000804413	-3.64579e-06	0.999959	0.00907279	-0.000804413	-0.00907279	0.999959	-0.000851269	-0.00961027	2.11916	
0.999999	-8.25085e-06	0.00120968	-8.22347e-06	0.999907	0.0136181	-0.00120968	-0.0136181	0.999907	-0.00191833	-0.0216319	3.17869	
0.999999	-1.47249e-05	0.00161696	-1.46563e-05	0.999835	0.0181692	-0.00161696	-0.0181692	0.999834	-0.00341588	-0.0384728	4.23815	
0.999998	-2.30955e-05	0.00202625	-2.29582e-05	0.999742	0.0227256	-0.00202625	-0.0227256	0.99974	-0.00534605	-0.0601388	5.29752	
0.999997	-3.33833e-05	0.00243752	-3.31427e-05	0.999628	0.0272874	-0.00243752	-0.0272874	0.999625	-0.00771095	-0.0866356	6.35678	
0.999996	-4.56087e-05	0.00285076	-4.52233e-05	0.999493	0.0318541	-0.00285077	-0.0318541	0.999488	-0.0105127	-0.117969	7.41591	
0.999995	-5.97919e-05	0.00326596	-5.92132e-05	0.999336	0.0364257	-0.00326597	-0.0364257	0.999331	-0.0137533	-0.154143	8.47488	
0.999993	-7.59532e-05	0.0036831	-7.51254e-05	0.999159	0.0410019	-0.00368312	-0.0410019	0.999152	-0.0174349	-0.195164	9.53368	
0.999992	-9.41125e-05	0.00410216	-9.2973e-05	0.998961	0.0455825	-0.00410219	-0.0455825	0.998952	-0.0215596	-0.241037	10.5923	
0.99999	-0.00011429	0.00452313	-0.000112768	0.998741	0.0501673	-0.00452317	-0.0501673	0.998731	-0.0261293	-0.291765	11.6506	
0.999988	-0.000136504	0.00494599	-0.000134524	0.9985	0.054756	-0.00494604	-0.054756	0.998488	-0.0311461	-0.347353	12.7088	
0.999986	-0.000160776	0.00537071	-0.000158253	0.998237	0.0593484	-0.00537079	-0.0593484	0.998223	-0.0366119	-0.407805	13.7666	
0.999983	-0.000187124	0.00579729	-0.000183967	0.997953	0.0639444	-0.0057974	-0.0639444	0.997937	-0.0425288	-0.473126	14.8242	
0.999981	-0.000215567	0.00622571	-0.000211678	0.997648	0.0685437	-0.00622585	-0.0685437	0.997629	-0.0488987	-0.543318	15.8814	
0.999978	-0.000246124	0.00665595	-0.000241397	0.997321	0.0731461	-0.00665612	-0.0731461	0.997299	-0.0557236	-0.618385	16.9383	
0.999975	-0.000278815	0.00708799	-0.000273137	0.996973	0.0777514	-0.00708821	-0.0777514	0.996948	-0.0630053	-0.69833	17.9949	
0.999972	-0.000313658	0.00752181	-0.000306908	0.996603	0.0823593	-0.00752209	-0.0823593	0.996574	-0.0707458	-0.783157	19.0511	
0.999968	-0.00035067	0.00795739	-0.000342722	0.996211	0.0869697	-0.00795774	-0.0869697	0.996179	-0.078947	-0.872867	20.1068	
0.999965	-0.000389871	0.00839472	-0.000380589	0.995797	0.0915824	-0.00839515	-0.0915823	0.995762	-0.0876107	-0.967464	21.1621	
0.999961	-0.000431279	0.00883378	-0.000420521	0.995362	0.096197	-0.0088343	-0.096197	0.995323	-0.0967389	-1.06695	22.217	
0.999957	-0.00047491	0.00927454	-0.000462528	0.994905	0.100814	-0.00927517	-0.100813	0.994862	-0.106333	-1.17132	23.2714	
0.999953	-0.000520784	0.00971699	-0.000506621	0.994426	0.105432	-0.00971774	-0.105432	0.994379	-0.116396	-1.28059	24.3253	
0.999948	-0.000568917	0.0101611	-0.000552809	0.993926	0.110051	-0.010162	-0.110051	0.993874	-0.126928	-1.39476	25.3787	
0.999944	-0.000619326	0.0106069	-0.000601102	0.993403	0.114672	-0.0106079	-0.114672	0.993347	-0.137932	-1.51381	26.4315	
0.999939	-0.000672029	0.0110543	-0.000651511	0.992859	0.119293	-0.0110555	-0.119293	0.992798	-0.149409	-1.63777	27.4838	
0.999934	-0.000727043	0.0115033	-0.000704045	0.992293	0.123916	-0.0115047	-0.123915	0.992226	-0.161362	-1.76662	28.5354	
0.999928	-0.000784384	0.0119539	-0.000758713	0.991704	0.128538	-0.0119556	-0.128538	0.991632	-0.173791	-1.90037	29.5865	
0.999923	-0.000844068	0.0124061	-0.000815524	0.991094	0.133162	-0.012408	-0.133161	0.991017	-0.186699	-2.03902	30.6369	
0.999917	-0.000906111	0.0128598	-0.000874487	0.990462	0.137785	-0.012862	-0.137785	0.990379	-0.200087	-2.18256	31.6866	
0.999911	-0.00097053	0.013315	-0.000935611	0.989808	0.142408	-0.0133175	-0.142408	0.989718	-0.213956	-2.33101	32.7357	
0.999905	-0.00103734	0.0137718	-0.000998905	0.989131	0.147031	-0.0137746	-0.147031	0.989036	-0.22831	-2.48435	33.784	
0.999898	-0.00110656	0.01423	-0.00106438	0.988433	0.151653	-0.0142332	-0.151653	0.988331	-0.243148	-2.6426	34.8316	
0.999891	-0.0011782	0.0146897	-0.00113203	0.987713	0.156275	-0.0146934	-0.156274	0.987604	-0.258474	-2.80574	35.8785	
0.999884	-0.00125227	0.0151509	-0.00120188	0.986971	0.160895	-0.015155	-0.160895	0.986855	-0.274287	-2.97377	36.9245	
0.999877	-0.0013288	0.0156134	-0.00127394	0.986207	0.165515	-0.015618	-0.165514	0.986084	-0.290591	-3.1467	37.9698	
0.99987	-0.0014078	0.0160774	-0.0013482	0.98542	0.170133	-0.0160825	-0.170132	0.98529	-0.307386	-3.32453	39.0142	
0.999862	-0.00148927	0.0165428	-0.00142467	0.984612	0.174749	-0.0165484	-0.174749	0.984474	-0.324673	-3.50724	40.0578	
0.999854	-0.00157325	0.0170095	-0.00150337	0.983782	0.179364	-0.0170158	-0.179363	0.983636	-0.342456	-3.69485	41.1005	
0.999846	-0.00165973	0.0174775	-0.0015843	0.982929	0.183977	-0.0174845	-0.183976	0.982775	-0.360734	-3.88735	42.1423	
0.999837	-0.00174873	0.0179468	-0.00166746	0.982055	0.188587	-0.0179546	-0.188586	0.981892	-0.379509	-4.08473	43.1832	
0.999829	-0.00184027	0.0184175	-0.00175287	0.981159	0.193195	-0.018426	-0.193194	0.980987	-0.398784	-4.287	44.2231	
0.99982	-0.00193435	0.0188894	-0.00184052	0.980241	0.1978	-0.0188987	-0.1978	0.98006	-0.418558	-4.49415	45.2621	
0.99981	-0.002031	0.0193625	-0.00193043	0.9793	0.202403	-0.0193728	-0.202402	0.979111	-0.438835	-4.70617	46.3001	
0.999801	-0.00213022	0.0198369	-0.0020226	0.978338	0.207003	-0.0198481	-0.207001	0.978139	-0.459614	-4.92308	47.337	
0.999791	-0.00223203	0.0203124	-0.00211704	0.977354	0.211599	-0.0203247	-0.211598	0.977146	-0.480897	-5.14485	48.3729	
0.999781	-0.00233644	0.0207891	-0.00221374	0.976348	0.216192	-0.0208026	-0.21619	0.97613	-0.502687	-5.37149	49.4078	
0.999771	-0.00244346	0.021267	-0.00231272	0.975321	0.220781	-0.0212816	-0.220779	0.975092	-0.524983	-5.603	50.4415	
0.99976	-0.0025531	0.021746	-0.00241398	0.974271	0.225366	-0.0217619	-0.225365	0.974031	-0.547787	-5.83936	51.4742	
0.999749	-0.00266538	0.0222261	-0.00251752	0.9732	0.229947	-0.0222434	-0.229946	0.972949	-0.571101	-6.08059	52.5057	
0.999738	-0.0027803	0.0227073	-0.00262336	0.972107	0.234524	-0.022726	-0.234522	0.971845	-0.594926	-6.32666	53.536	
0.999727	-0.00289787	0.0231895	-0.00273148	0.970992	0.239097	-0.0232097	-0.239095	0.970719	-0.619263	-6.57758	54.5652	
0.999715	-0.00301811	0.0236728	-0.0028419	0.969855	0.243664	-0.0236946	-0.243662	0.969571	-0.644112	-6.83335	55.5932	
0.999703	-0.00314102	0.0241571	-0.00295462	0.968697	0.248227	-0.0241806	-0.248225	0.968401	-0.669477	-7.09395	56.6199	
0.999691	-0.00326662	0.0246423	-0.00306965	0.967518	0.252785	-0.0246676	-0.252783	0.967209	-0.695356	-7.35938	57.6454	
0.999678	-0.00339492	0.0251285	-0.00318698	0.966316	0.257338	-0.0251557	-0.257335	0.965995	-0.721753	-7.62964	58.6696	
0.999666	-0.00352591	0.0256156	-0.00330661	0.965093	0.261885	-0.0256449	-0.261882	0.964759	-0.748667	-7.90472	59.6925	
0.999653	-0.00365963	0.0261037	-0.00342856	0.963849	0.266426	-0.026135	-0.266423	0.963502	-0.7761	-8.18462	60.7141	
0.999639	-0.00379606	0.0265926	-0.00355283	0.962584	0.270962	-0.0266262	-0.270958	0.962223	-0.804053	-8.46932	61.7343	
0.999625	-0.00393522	0.0270824	-0.00367941	0.961297	0.275491	-0.0271183	-0.275487	0.960922	-0.832526	-8.75883	62.7532	
0.999611	-0.00407713	0.027573	-0.0038083	0.959988	0.280014	-0.0276114	-0.28001	0.9596	-0.861522	-9.05313	63.7707	
0.999597	-0.00422177	0.0280644	-0.00393952	0.958659	0.284531	-0.0281054	-0.284527	0.958256	-0.891041	-9.35222	64.7868	
0.999583	-0.00436918	0.0285565	-0.00407305	0.957308	0.289041	-0.0286003	-0.289036	0.956891	-0.921083	-9.65609	65.8014	
0.999568	-0.00451934	0.0290495	-0.00420891	0.955936	0.293544	-0.0290961	-0.293539	0.955504	-0.951651	-9.96474	66.8146	
0.999553	-0.00467227	0.0295431	-0.00434709	0.954544	0.29804	-0.0295927	-0.298035	0.954096	-0.982744	-10.2782	67.8263	
0.999628	-0.00387008	0.0269862	-0.00441731	0.9538	0.300411	-0.0269021	-0.300418	0.953428	-1.01267	-10.5952	68.8369	
0.999697	-0.00306203	0.0244328	-0.00448083	0.95305	0.302779	-0.0242128	-0.302797	0.952747	-1.03976	-10.9148	69.8468	
0.999988	0.00336909	0.00365111	-0.00427879	0.957517	0.288345	-0.00252454	-0.288357	0.95752	-1.05392	-11.228	70.8589	
0.999807	0.00948381	-0.0172271	-0.00440453	0.961764	0.273843	0.0191654	-0.273714	0.96162	-1.0451	-11.5258	71.8757	
0.999154	0.0152779	-0.0381871	-0.00485797	0.965789	0.259285	0.040842	-0.25888	0.965046	-1.01331	-11.808	72.8965	
0.99803	0.0207472	-0.0592143	-0.00563878	0.969588	0.244679	0.0624899	-0.243863	0.967794	-0.958563	-12.0744	73.9206	
0.996435	0.0258879	-0.0802939	-0.00674642	0.973158	0.230038	0.0840939	-0.228676	0.969864	-0.880899	-12.3247	74.9472	
0.994371	0.0306964	-0.101411	-0.00818011	0.976498	0.21537	0.105639	-0.213328	0.971253	-0.780373	-12.5589	75.9757	
0.991839	0.0351694	-0.122551	-0.00993884	0.979605	0.200686	0.12711	-0.197831	0.97196	-0.657056	-12.7768	77.0053	
0.988841	0.0393036	-0.143699	-0.0120214	0.982477	0.185997	0.148492	-0.182194	0.971985	-0.511034	-12.9781	78.0352	
0.985378	0.0430963	-0.16484	-0.0144263	0.985111	0.171313	0.169769	-0.16643	0.971329	-0.34241	-13.1628	79.0649	
0.981454	0.0465447	-0.18596	-0.0171518	0.987506	0.156644	0.190927	-0.150549	0.969991	-0.151303	-13.3308	80.0934	
0.977071	0.0496464	-0.207043	-0.0201961	0.989661	0.142	0.211952	-0.134563	0.967972	0.0621543	-13.4818	81.1202	
0.972233	0.0523992	-0.228074	-0.023557	0.991573	0.127392	0.232828	-0.118481	0.965274	0.297811	-13.6159	82.1445	
0.966942	0.0548013	-0.24904	-0.0272322	0.993241	0.112829	0.25354	-0.102317	0.961898	0.555503	-13.7329	83.1656	
0.961202	0.0568509	-0.269925	-0.031219	0.994665	0.0983229	0.274074	-0.0860814	0.957848	0.835048	-13.8327	84.1827	
0.955017	0.0585465	-0.290714	-0.0355147	0.995843	0.0838829	0.294417	-0.069785	0.953126	1.13625	-13.9153	85.1952	
0.948392	0.0598871	-0.311393	-0.0401163	0.996774	0.0695194	0.314552	-0.0534397	0.947735	1.4589	-13.9806	86.2023	
0.941332	0.0608716	-0.331948	-0.0450205	0.997457	0.0552423	0.334467	-0.0370569	0.941679	1.80277	-14.0285	87.2034	
0.93384	0.0614993	-0.352364	-0.0502239	0.997894	0.0410618	0.354147	-0.0206481	0.934962	2.16762	-14.0591	88.1977	
0.925923	0.0617699	-0.372627	-0.0557228	0.998081	0.0269877	0.373579	-0.00422476	0.927589	2.55319	-14.0723	89.1845	
0.917586	0.0616832	-0.392722	-0.0615135	0.998021	0.01303	0.392748	0.0122015	0.919565	2.95921	-14.068	90.1632	
0.908836	0.0612391	-0.412635	-0.0675917	0.997713	-0.00080159	0.411642	0.0286192	0.910896	3.3854	-14.0464	91.133	
0.899677	0.060438	-0.432353	-0.0739533	0.997156	-0.0144973	0.430247	0.0450169	0.901588	3.83146	-14.0074	92.0933	
0.890116	0.0592805	-0.451861	-0.0805938	0.996352	-0.0280476	0.44855	0.0613829	0.891647	4.29707	-13.951	93.0434	
0.880161	0.0577673	-0.471147	-0.0875085	0.995301	-0.041443	0.466539	0.0777059	0.881081	4.78191	-13.8773	93.9827	
0.869818	0.0558996	-0.490195	-0.0946927	0.994004	-0.054674	0.4842	0.0939743	0.869896	5.28564	-13.7864	94.9104	
0.859095	0.0536787	-0.508994	-0.102141	0.992461	-0.0677313	0.501521	0.110177	0.858101	5.8079	-13.6782	95.8259	
0.847998	0.0511061	-0.52753	-0.109849	0.990675	-0.0806058	0.518491	0.126302	0.845704	6.34833	-13.5529	96.7287	
0.836536	0.0481835	-0.545789	-0.11781	0.988645	-0.0932885	0.535096	0.142339	0.832713	6.90656	-13.4106	97.6179	
0.824717	0.0449132	-0.563759	-0.126019	0.986373	-0.10577	0.551327	0.158275	0.819138	7.48217	-13.2513	98.4931	
0.812549	0.0412973	-0.581428	-0.134471	0.983861	-0.118043	0.56717	0.174101	0.804989	8.07479	-13.0752	99.3537	
0.800041	0.0373384	-0.598783	-0.143159	0.981112	-0.130097	0.582615	0.189804	0.790274	8.68397	-12.8824	100.199	
0.7872	0.0330393	-0.615812	-0.152078	0.978126	-0.141925	0.597652	0.205375	0.775005	9.30931	-12.673	101.028	
