1	0	0	0	1	0	0	0	1	0	0	0	
0.999999	2.99072e-06	-0.00114797	2.99072e-06	0.999986	0.00521041	0.00114797	-0.00521041	0.999986	0.000551375	-0.00250258	0.960602	
0.999997	1.19708e-05	-0.00229688	1.19665e-05	0.999946	0.0104214	0.00229688	-0.0104214	0.999943	0.00220595	-0.0100106	1.92118	
0.999994	2.69509e-05	-0.0034467	2.69337e-05	0.999878	0.0156327	0.0034467	-0.0156327	0.999872	0.00496462	-0.0225244	2.8817	
0.999989	4.79414e-05	-0.00459739	4.78984e-05	0.999783	0.0208442	0.0045974	-0.0208442	0.999772	0.00882824	-0.0400444	3.84213	
0.999983	7.49525e-05	-0.00574892	7.48665e-05	0.99966	0.0260557	0.00574892	-0.0260557	0.999644	0.0137976	-0.0625706	4.80246	
0.999976	0.000107994	-0.00690125	0.000107844	0.999511	0.0312672	0.00690125	-0.0312672	0.999487	0.0198735	-0.0901031	5.76265	
0.999968	0.000147076	-0.00805433	0.000146835	0.999334	0.0364784	0.00805434	-0.0364784	0.999302	0.0270568	-0.122642	6.72268	
0.999958	0.000192208	-0.00920815	0.000191847	0.999131	0.0416891	0.00920816	-0.0416891	0.999088	0.035348	-0.160186	7.68251	
0.999946	0.000243399	-0.0103627	0.000242882	0.9989	0.0468992	0.0103627	-0.0468992	0.998846	0.044748	-0.202735	8.64213	
0.999934	0.000300658	-0.0115178	0.000299948	0.998641	0.0521085	0.0115178	-0.0521085	0.998575	0.0552573	-0.250289	9.6015	
0.99992	0.000363993	-0.0126736	0.000363047	0.998356	0.057317	0.0126736	-0.057317	0.998276	0.0668765	-0.302846	10.5606	
0.999904	0.000433415	-0.01383	0.000432184	0.998043	0.0625243	0.01383	-0.0625243	0.997948	0.0796063	-0.360407	11.5194	
0.999888	0.00050893	-0.0149869	0.000507363	0.997704	0.0677304	0.0149869	-0.0677304	0.997591	0.0934472	-0.422968	12.4779	
0.999869	0.000590547	-0.0161443	0.000588589	0.997337	0.0729351	0.0161444	-0.072935	0.997206	0.1084	-0.490531	13.436	
0.99985	0.000678273	-0.0173022	0.000675864	0.996942	0.0781382	0.0173023	-0.0781381	0.996792	0.124464	-0.563092	14.3937	
0.999829	0.000772118	-0.0184605	0.000769192	0.996521	0.0833395	0.0184607	-0.0833395	0.99635	0.141641	-0.64065	15.351	
0.999807	0.000872087	-0.0196193	0.000868576	0.996072	0.088539	0.0196194	-0.0885389	0.995879	0.159931	-0.723204	16.3079	
0.999784	0.000978188	-0.0207784	0.000974019	0.995597	0.0937364	0.0207786	-0.0937363	0.99538	0.179335	-0.810752	17.2643	
0.999759	0.00109043	-0.0219378	0.00108552	0.995094	0.0989316	0.021938	-0.0989315	0.994852	0.199852	-0.903291	18.2202	
0.999732	0.00120882	-0.0230975	0.00120309	0.994564	0.104124	0.0230978	-0.104124	0.994296	0.221483	-1.00082	19.1756	
0.999705	0.00133335	-0.0242575	0.00132673	0.994006	0.109315	0.0242579	-0.109315	0.993711	0.244228	-1.10333	20.1305	
0.999676	0.00146405	-0.0254177	0.00145643	0.993422	0.114502	0.0254181	-0.114502	0.993098	0.268087	-1.21083	21.0847	
0.999645	0.00160091	-0.0265781	0.00159221	0.99281	0.119687	0.0265786	-0.119687	0.992456	0.293062	-1.32332	22.0384	
0.999614	0.00174395	-0.0277386	0.00173405	0.992172	0.124869	0.0277392	-0.124868	0.991785	0.319151	-1.44078	22.9914	
0.999581	0.00189315	-0.0288992	0.00188197	0.991506	0.130047	0.0288999	-0.130047	0.991087	0.346355	-1.56321	23.9438	
0.999546	0.00204854	-0.0300599	0.00203596	0.990813	0.135222	0.0300608	-0.135222	0.990359	0.374674	-1.69062	24.8955	
0.99951	0.00221012	-0.0312206	0.00219603	0.990093	0.140394	0.0312216	-0.140394	0.989603	0.404108	-1.823	25.8465	
0.999473	0.00237789	-0.0323814	0.00236218	0.989346	0.145562	0.0323825	-0.145561	0.988819	0.434657	-1.96035	26.7967	
0.999434	0.00255185	-0.0335421	0.0025344	0.988572	0.150726	0.0335434	-0.150726	0.988006	0.466322	-2.10266	27.7462	
0.999394	0.00273202	-0.0347027	0.0027127	0.987771	0.155886	0.0347042	-0.155886	0.987165	0.499101	-2.24992	28.6949	
0.999352	0.00291839	-0.0358632	0.00289707	0.986943	0.161042	0.0358649	-0.161042	0.986296	0.532996	-2.40215	29.6428	
0.99931	0.00311097	-0.0370235	0.00308752	0.986088	0.166194	0.0370255	-0.166193	0.985398	0.568006	-2.55932	30.5898	
0.999265	0.00330976	-0.0381837	0.00328405	0.985206	0.171341	0.0381859	-0.171341	0.984472	0.60413	-2.72144	31.5359	
0.99922	0.00351477	-0.0393436	0.00348665	0.984297	0.176484	0.0393461	-0.176483	0.983517	0.641369	-2.8885	32.4811	
0.999172	0.00372599	-0.0405033	0.00369533	0.983362	0.181621	0.0405061	-0.181621	0.982534	0.679722	-3.0605	33.4254	
0.999124	0.00394344	-0.0416627	0.00391008	0.982399	0.186754	0.0416658	-0.186754	0.981523	0.71919	-3.23743	34.3688	
0.999074	0.00416712	-0.0428217	0.0041309	0.981409	0.191882	0.0428252	-0.191881	0.980483	0.759771	-3.41929	35.3112	
0.999023	0.00439702	-0.0439804	0.00435779	0.980393	0.197005	0.0439843	-0.197004	0.979416	0.801466	-3.60607	36.2525	
0.99897	0.00463315	-0.0451386	0.00459075	0.97935	0.202122	0.0451429	-0.202121	0.97832	0.844274	-3.79777	37.1928	
0.998916	0.00487552	-0.0462964	0.00482978	0.97828	0.207233	0.0463012	-0.207232	0.977195	0.888195	-3.99439	38.1321	
0.99886	0.00512412	-0.0474537	0.00507487	0.977183	0.212339	0.047459	-0.212338	0.976043	0.933229	-4.19591	39.0702	
0.998803	0.00537895	-0.0486105	0.00532603	0.976059	0.217439	0.0486163	-0.217438	0.974863	0.979374	-4.40233	40.0072	
0.998745	0.00564002	-0.0497667	0.00558324	0.974909	0.222533	0.0497731	-0.222532	0.973654	1.02663	-4.61365	40.9431	
0.998685	0.00590733	-0.0509223	0.00584652	0.973732	0.227621	0.0509294	-0.227619	0.972417	1.075	-4.82986	41.8778	
0.998624	0.00618088	-0.0520773	0.00611584	0.972529	0.232702	0.052085	-0.232701	0.971153	1.12448	-5.05095	42.8113	
0.998561	0.00646067	-0.0532316	0.00639122	0.971299	0.237777	0.05324	-0.237775	0.96986	1.17506	-5.27693	43.7436	
0.998497	0.00674671	-0.0543852	0.00667264	0.970042	0.242845	0.0543944	-0.242843	0.968539	1.22676	-5.50777	44.6746	
0.998432	0.00703898	-0.0555381	0.00696011	0.968759	0.247907	0.055548	-0.247904	0.967191	1.27957	-5.74348	45.6044	
0.998365	0.00733749	-0.0566902	0.00725362	0.967449	0.252961	0.056701	-0.252959	0.965814	1.33348	-5.98404	46.5328	
0.998297	0.00764225	-0.0578414	0.00755316	0.966113	0.258008	0.0578531	-0.258006	0.96441	1.3885	-6.22946	47.4599	
0.998227	0.00795324	-0.0589918	0.00785873	0.964751	0.263048	0.0590045	-0.263045	0.962977	1.44463	-6.47972	48.3856	
0.998156	0.00827048	-0.0601413	0.00817033	0.963362	0.268081	0.060155	-0.268078	0.961517	1.50186	-6.73483	49.31	
0.998083	0.00859395	-0.0612898	0.00848795	0.961947	0.273106	0.0613046	-0.273102	0.96003	1.5602	-6.99476	50.2329	
0.998009	0.00892366	-0.0624374	0.00881159	0.960505	0.278123	0.0624533	-0.278119	0.958514	1.61964	-7.25951	51.1544	
0.997934	0.00925961	-0.0635839	0.00914124	0.959037	0.283132	0.0636011	-0.283128	0.956971	1.68019	-7.52908	52.0744	
0.997857	0.00960179	-0.0647294	0.0094769	0.957543	0.288133	0.0647479	-0.288129	0.9554	1.74183	-7.80346	52.9929	
0.997778	0.00995021	-0.0658739	0.00981856	0.956023	0.293126	0.0658936	-0.293122	0.953802	1.80458	-8.08264	53.9099	
0.997699	0.0103049	-0.0670172	0.0101662	0.954477	0.298111	0.0670383	-0.298106	0.952176	1.86843	-8.36661	54.8253	
0.997617	0.0106657	-0.0681593	0.0105199	0.952905	0.303087	0.068182	-0.303082	0.950522	1.93337	-8.65536	55.7392	
0.997535	0.0110328	-0.0693002	0.0108795	0.951306	0.308055	0.0693245	-0.308049	0.948841	1.99942	-8.94889	56.6515	
0.997451	0.0114062	-0.0704399	0.0112451	0.949682	0.313013	0.0704658	-0.313007	0.947133	2.06656	-9.24718	57.5621	
0.997365	0.0117857	-0.0715783	0.0116166	0.948032	0.317963	0.071606	-0.317957	0.945397	2.1348	-9.55024	58.4711	
0.997041	0.0131925	-0.0757351	0.0118918	0.94684	0.321486	0.0759502	-0.321435	0.943881	2.20567	-9.85734	59.3786	
0.996697	0.0146155	-0.0798879	0.0121836	0.945633	0.325008	0.0802948	-0.324908	0.942331	2.28072	-10.1678	60.2845	
0.996333	0.0160547	-0.0840363	0.0124919	0.944411	0.328529	0.0846393	-0.328374	0.940748	2.35993	-10.4816	61.189	
0.995951	0.0175098	-0.0881797	0.012817	0.943175	0.332048	0.088983	-0.331834	0.939132	2.44333	-10.7987	62.0919	
0.995549	0.0189808	-0.0923176	0.0131586	0.941925	0.335565	0.0933256	-0.335286	0.937483	2.53089	-11.1191	62.9932	
0.995127	0.0204675	-0.0964495	0.0135168	0.940661	0.339078	0.0976663	-0.33873	0.935801	2.62262	-11.4428	63.893	
0.994687	0.0219697	-0.100575	0.0138916	0.939383	0.342588	0.102005	-0.342165	0.934087	2.71853	-11.7698	64.7911	
0.994227	0.0234872	-0.104693	0.0142829	0.938091	0.346093	0.10634	-0.345591	0.932341	2.8186	-12.1002	65.6875	
0.993748	0.0250199	-0.108804	0.0146907	0.936786	0.349594	0.110673	-0.349007	0.930562	2.92283	-12.4338	66.5823	
0.99325	0.0265676	-0.112906	0.0151149	0.935468	0.353089	0.115001	-0.352412	0.928752	3.03122	-12.7707	67.4753	
0.992733	0.0281301	-0.117	0.0155555	0.934136	0.356578	0.119325	-0.355807	0.926911	3.14377	-13.1109	68.3666	
0.992197	0.0297072	-0.121085	0.0160123	0.932792	0.36006	0.123644	-0.35919	0.925038	3.26047	-13.4543	69.2561	
0.989261	0.0374378	-0.141286	0.0146652	0.936338	0.350794	0.145424	-0.349099	0.925733	3.38971	-13.7945	70.1451	
0.985849	0.044946	-0.161495	0.0131003	0.939782	0.341523	0.167121	-0.338806	0.925895	3.53983	-14.1249	71.0345	
0.981966	0.0522274	-0.181703	0.0113187	0.943122	0.332253	0.188721	-0.328318	0.925522	3.71075	-14.4453	71.9238	
0.977611	0.0592777	-0.201896	0.00932133	0.946356	0.32299	0.210212	-0.317641	0.924616	3.90237	-14.7556	72.8124	
0.972789	0.066093	-0.222064	0.00710937	0.949483	0.313739	0.231582	-0.30678	0.923177	4.11457	-15.0555	73.7	
0.967502	0.0726693	-0.242195	0.00468408	0.952499	0.304504	0.252818	-0.295743	0.921205	4.34724	-15.3449	74.5859	
0.961753	0.0790028	-0.262277	0.00204686	0.955405	0.295292	0.273909	-0.284535	0.918702	4.60024	-15.6237	75.4696	
0.955546	0.0850898	-0.282298	-0.000800752	0.958197	0.286108	0.294842	-0.273163	0.915669	4.87343	-15.8915	76.3507	
0.948883	0.0909269	-0.302247	-0.00385713	0.960875	0.276957	0.315605	-0.261634	0.912108	5.16664	-16.1484	77.2287	
0.941769	0.0965107	-0.322113	-0.0071205	0.963436	0.267844	0.336185	-0.249953	0.908021	5.47972	-16.3941	78.1029	
0.934208	0.101838	-0.341884	-0.010589	0.96588	0.258774	0.356572	-0.238129	0.903411	5.81247	-16.6286	78.973	
0.926204	0.106905	-0.361549	-0.0142606	0.968204	0.249754	0.376753	-0.226167	0.898279	6.1647	-16.8516	79.8384	
0.917762	0.111711	-0.381096	-0.0181332	0.970409	0.240787	0.396717	-0.214074	0.89263	6.53622	-17.0631	80.6986	
0.908886	0.11625	-0.400514	-0.0222046	0.972491	0.231879	0.416452	-0.201859	0.886465	6.92681	-17.2628	81.5532	
0.899583	0.120522	-0.419792	-0.0264723	0.974451	0.223036	0.435947	-0.189527	0.87979	7.33623	-17.4508	82.4015	
0.889856	0.124523	-0.438919	-0.0309341	0.976286	0.214262	0.455191	-0.177085	0.872607	7.76427	-17.6269	83.2433	
0.879713	0.128252	-0.457883	-0.0355872	0.977997	0.205563	0.474172	-0.164541	0.86492	8.21067	-17.791	84.0778	
0.869158	0.131706	-0.476674	-0.040429	0.979581	0.196943	0.492879	-0.151903	0.856735	8.67517	-17.943	84.9048	
0.858198	0.134883	-0.495281	-0.0454567	0.981038	0.188407	0.511303	-0.139177	0.848056	9.1575	-18.0828	85.7237	
0.846838	0.137781	-0.513693	-0.0506675	0.982368	0.179961	0.529431	-0.12637	0.838888	9.6574	-18.2104	86.5339	
0.835087	0.140399	-0.5319	-0.0560582	0.983569	0.171609	0.547254	-0.113491	0.829236	10.1746	-18.3256	87.3352	
0.82295	0.142735	-0.549891	-0.0616258	0.984641	0.163356	0.564762	-0.100546	0.819106	10.7087	-18.4284	88.1269	
0.810434	0.144788	-0.567656	-0.0673671	0.985582	0.155207	0.581944	-0.0875438	0.808503	11.2595	-18.5187	88.9087	
0.797547	0.146557	-0.585184	-0.0732788	0.986394	0.147167	0.59879	-0.0744906	0.797434	11.8266	-18.5966	89.6801	
0.784296	0.14804	-0.602465	-0.0793575	0.987074	0.139239	0.615291	-0.0613945	0.785906	12.4098	-18.6618	90.4406	
