1	0	0	0	1	0	0	0	1	0	0	0	
0.99999	6.41156e-06	-0.00449042	6.41156e-06	0.999996	0.00285564	0.00449042	-0.00285564	0.999986	0.00210121	-0.00133624	0.935854	
0.99996	2.56458e-05	-0.00898035	2.56494e-05	0.999984	0.00571178	0.00898035	-0.00571178	0.999943	0.00840459	-0.0053452	1.87168	
0.999909	5.77026e-05	-0.0134697	5.77172e-05	0.999963	0.00856833	0.0134697	-0.00856833	0.999873	0.0189096	-0.0120273	2.80746	
0.999839	0.000102582	-0.0179582	0.000102618	0.999935	0.0114252	0.0179582	-0.0114252	0.999773	0.0336157	-0.0213829	3.74315	
0.999748	0.000160282	-0.0224459	0.000160355	0.999898	0.0142824	0.0224459	-0.0142824	0.999646	0.052522	-0.0334122	4.67874	
0.999637	0.000230803	-0.0269326	0.00023093	0.999853	0.0171397	0.0269326	-0.0171397	0.99949	0.0756277	-0.0481156	5.6142	
0.999506	0.000314142	-0.0314181	0.000314346	0.9998	0.0199971	0.0314181	-0.0199971	0.999306	0.102932	-0.065493	6.5495	
0.999355	0.000410299	-0.0359024	0.000410605	0.999739	0.0228545	0.0359024	-0.0228545	0.999094	0.134433	-0.0855445	7.48461	
0.999184	0.00051927	-0.0403853	0.000519707	0.999669	0.0257118	0.0403853	-0.0257118	0.998853	0.17013	-0.10827	8.41951	
0.998993	0.000641053	-0.0448667	0.000641654	0.999592	0.028569	0.0448667	-0.028569	0.998584	0.210023	-0.13367	9.35417	
0.998781	0.000775645	-0.0493465	0.000776447	0.999506	0.031426	0.0493465	-0.031426	0.998287	0.254108	-0.161743	10.2886	
0.99855	0.000923043	-0.0538245	0.000924085	0.999412	0.0342826	0.0538245	-0.0342827	0.997962	0.302385	-0.19249	11.2227	
0.998298	0.00108324	-0.0583006	0.00108457	0.99931	0.0371389	0.0583006	-0.0371389	0.997608	0.354851	-0.225911	12.1565	
0.998027	0.00125624	-0.0627747	0.0012579	0.999199	0.0399947	0.0627746	-0.0399947	0.997226	0.411506	-0.262004	13.0899	
0.997735	0.00144203	-0.0672466	0.00144407	0.99908	0.0428499	0.0672466	-0.0428499	0.996816	0.472347	-0.30077	14.023	
0.997424	0.00164061	-0.0717163	0.00164309	0.998954	0.0457044	0.0717162	-0.0457045	0.996377	0.537372	-0.342207	14.9557	
0.997092	0.00185198	-0.0761836	0.00185495	0.998819	0.0485583	0.0761835	-0.0485584	0.995911	0.606579	-0.386315	15.8879	
0.99674	0.00207612	-0.0806483	0.00207965	0.998675	0.0514113	0.0806482	-0.0514115	0.995416	0.679965	-0.433094	16.8197	
0.996369	0.00231303	-0.0851104	0.00231718	0.998524	0.0542635	0.0851103	-0.0542637	0.994893	0.757528	-0.482543	17.751	
0.995977	0.00256272	-0.0895697	0.00256755	0.998364	0.0571147	0.0895696	-0.0571149	0.994342	0.839266	-0.53466	18.6819	
0.995566	0.00282516	-0.0940262	0.00283076	0.998196	0.0599649	0.094026	-0.0599651	0.993762	0.925176	-0.589446	19.6121	
0.995134	0.00310035	-0.0984796	0.00310679	0.99802	0.0628139	0.0984794	-0.0628142	0.993155	1.01526	-0.646898	20.5419	
0.994683	0.00338829	-0.10293	0.00339565	0.997836	0.0656617	0.10293	-0.0656621	0.992519	1.1095	-0.707016	21.471	
0.994212	0.00368896	-0.107377	0.00369732	0.997644	0.0685082	0.107376	-0.0685087	0.991855	1.20791	-0.769798	22.3996	
0.99372	0.00400237	-0.11182	0.00401182	0.997443	0.0713534	0.11182	-0.0713539	0.991163	1.31048	-0.835244	23.3275	
0.993209	0.00432849	-0.11626	0.00433912	0.997234	0.0741971	0.11626	-0.0741977	0.990443	1.4172	-0.903352	24.2548	
0.992678	0.00466733	-0.120697	0.00467923	0.997017	0.0770392	0.120696	-0.0770399	0.989696	1.52808	-0.974121	25.1813	
0.992128	0.00501887	-0.125129	0.00503214	0.996792	0.0798798	0.125129	-0.0798806	0.98892	1.64311	-1.04755	26.1072	
0.991557	0.00538311	-0.129558	0.00539785	0.996558	0.0827186	0.129557	-0.0827196	0.988116	1.76229	-1.12363	27.0323	
0.990967	0.00576003	-0.133983	0.00577635	0.996317	0.0855557	0.133982	-0.0855568	0.987284	1.88561	-1.20238	27.9566	
0.990357	0.00614962	-0.138403	0.00616762	0.996067	0.0883909	0.138402	-0.0883921	0.986424	2.01306	-1.28377	28.8802	
0.989727	0.00655188	-0.142819	0.00657167	0.995809	0.0912241	0.142819	-0.0912256	0.985536	2.14465	-1.36782	29.8029	
0.989078	0.00696678	-0.147231	0.00698849	0.995542	0.0940554	0.14723	-0.094057	0.98462	2.28038	-1.45452	30.7248	
0.988408	0.00739433	-0.151639	0.00741807	0.995268	0.0968845	0.151637	-0.0968863	0.983676	2.42023	-1.54387	31.6459	
0.987719	0.00783451	-0.156041	0.0078604	0.994985	0.0997114	0.15604	-0.0997135	0.982705	2.5642	-1.63586	32.566	
0.987011	0.00828731	-0.160439	0.00831547	0.994695	0.102536	0.160438	-0.102538	0.981705	2.71229	-1.7305	33.4852	
0.986283	0.00875271	-0.164832	0.00878327	0.994396	0.105358	0.16483	-0.105361	0.980678	2.86449	-1.82779	34.4035	
0.985535	0.0092307	-0.16922	0.0092638	0.994088	0.108178	0.169218	-0.108181	0.979623	3.0208	-1.92771	35.3207	
0.984768	0.00972128	-0.173603	0.00975705	0.993773	0.110996	0.173601	-0.110999	0.978541	3.18122	-2.03027	36.237	
0.983981	0.0102244	-0.17798	0.010263	0.993449	0.113811	0.177978	-0.113814	0.97743	3.34573	-2.13547	37.1523	
0.983175	0.0107401	-0.182352	0.0107816	0.993118	0.116623	0.18235	-0.116626	0.976292	3.51434	-2.2433	38.0665	
0.982349	0.0112683	-0.186719	0.011313	0.992778	0.119432	0.186716	-0.119436	0.975127	3.68704	-2.35376	38.9796	
0.981503	0.0118091	-0.19108	0.011857	0.99243	0.122239	0.191077	-0.122243	0.973933	3.86382	-2.46685	39.8916	
0.980639	0.0123623	-0.195435	0.0124136	0.992074	0.125042	0.195432	-0.125047	0.972712	4.04468	-2.58256	40.8025	
0.979755	0.0129281	-0.199785	0.0129829	0.991709	0.127843	0.199781	-0.127848	0.971464	4.22961	-2.7009	41.7123	
0.978851	0.0135063	-0.204128	0.0135649	0.991337	0.13064	0.204124	-0.130646	0.970188	4.41861	-2.82186	42.6208	
0.977928	0.014097	-0.208465	0.0141595	0.990956	0.133435	0.208461	-0.133441	0.968885	4.61167	-2.94543	43.5282	
0.976986	0.0147002	-0.212796	0.0147666	0.990568	0.136226	0.212791	-0.136233	0.967554	4.80879	-3.07162	44.4343	
0.976025	0.0153157	-0.217121	0.0153864	0.990171	0.139014	0.217116	-0.139021	0.966196	5.00995	-3.20042	45.3392	
0.975044	0.0159437	-0.221439	0.0160188	0.989766	0.141798	0.221433	-0.141807	0.96481	5.21516	-3.33183	46.2427	
0.974044	0.0165841	-0.22575	0.0166637	0.989353	0.144579	0.225744	-0.144588	0.963397	5.42441	-3.46584	47.145	
0.973025	0.0172368	-0.230055	0.0173212	0.988932	0.147356	0.230048	-0.147366	0.961957	5.63769	-3.60245	48.0459	
0.971987	0.017902	-0.234353	0.0179913	0.988503	0.15013	0.234346	-0.150141	0.960489	5.85499	-3.74167	48.9455	
0.970929	0.0185794	-0.238644	0.0186738	0.988065	0.1529	0.238636	-0.152912	0.958995	6.07632	-3.88347	49.8437	
0.969853	0.0192692	-0.242927	0.0193689	0.98762	0.155666	0.242919	-0.155679	0.957473	6.30165	-4.02787	50.7405	
0.968758	0.0199713	-0.247204	0.0200765	0.987166	0.158429	0.247195	-0.158442	0.955924	6.53099	-4.17486	51.6358	
0.967643	0.0206856	-0.251473	0.0207965	0.986705	0.161187	0.251464	-0.161201	0.954348	6.76433	-4.32443	52.5297	
0.96651	0.0214123	-0.255735	0.021529	0.986235	0.163941	0.255725	-0.163957	0.952745	7.00166	-4.47658	53.4221	
0.965357	0.0221511	-0.259989	0.022274	0.985757	0.166692	0.259979	-0.166708	0.951115	7.24297	-4.63131	54.3129	
0.964186	0.0229022	-0.264236	0.0230314	0.985272	0.169438	0.264224	-0.169455	0.949458	7.48826	-4.78861	55.2023	
0.962996	0.0236655	-0.268474	0.0238012	0.984778	0.172179	0.268462	-0.172198	0.947774	7.73752	-4.94848	56.0901	
0.962577	0.0239344	-0.26995	0.0240855	0.984596	0.17318	0.269936	-0.173201	0.947173	7.98945	-5.1101	56.9768	
0.962156	0.0242049	-0.271424	0.0243716	0.984412	0.174181	0.271409	-0.174204	0.946568	8.24277	-5.27267	57.8629	
0.961732	0.0244768	-0.272896	0.0246593	0.984227	0.175181	0.27288	-0.175207	0.945959	8.49745	-5.43617	58.7485	
0.961306	0.0247501	-0.274368	0.0249489	0.984041	0.176182	0.27435	-0.17621	0.945348	8.75352	-5.6006	59.6335	
0.960878	0.025025	-0.275838	0.0252401	0.983854	0.177183	0.275818	-0.177213	0.944733	9.01096	-5.76598	60.5179	
0.960448	0.0253014	-0.277306	0.0255331	0.983666	0.178183	0.277285	-0.178216	0.944114	9.26977	-5.9323	61.4017	
0.960016	0.0255792	-0.278774	0.0258278	0.983477	0.179184	0.278751	-0.179219	0.943493	9.52996	-6.09955	62.285	
0.959582	0.0258586	-0.28024	0.0261242	0.983286	0.180184	0.280215	-0.180222	0.942868	9.79151	-6.26774	63.1677	
0.959145	0.0261394	-0.281704	0.0264223	0.983094	0.181184	0.281678	-0.181225	0.942239	10.0544	-6.43688	64.0498	
0.958706	0.0264217	-0.283168	0.0267222	0.982901	0.182184	0.283139	-0.182228	0.941608	10.3187	-6.60695	64.9313	
0.958266	0.0267055	-0.28463	0.0270238	0.982707	0.183184	0.2846	-0.183231	0.940973	10.5844	-6.77796	65.8122	
0.957822	0.0269908	-0.28609	0.027327	0.982512	0.184184	0.286058	-0.184234	0.940334	10.8514	-6.9499	66.6925	
0.957377	0.0272776	-0.28755	0.027632	0.982315	0.185184	0.287516	-0.185236	0.939693	11.1198	-7.12279	67.5722	
0.95693	0.0275659	-0.289008	0.0279388	0.982118	0.186183	0.288972	-0.186239	0.939048	11.3896	-7.29661	68.4514	
0.95648	0.0278557	-0.290464	0.0282472	0.981919	0.187183	0.290426	-0.187241	0.938399	11.6607	-7.47138	69.3299	
0.962045	0.0242652	-0.27181	0.0247413	0.984181	0.17543	0.271767	-0.175497	0.946226	11.9238	-7.64112	70.2118	
0.967239	0.0209083	-0.253006	0.0214691	0.986296	0.163583	0.252959	-0.163656	0.953535	12.1693	-7.79983	71.1008	
0.972059	0.0177866	-0.234062	0.0184323	0.988263	0.151648	0.234012	-0.151725	0.960322	12.3972	-7.94741	71.9964	
0.976503	0.0149019	-0.214989	0.0156327	0.99008	0.139632	0.214938	-0.139712	0.966583	12.6073	-8.08379	72.8981	
0.980568	0.0122558	-0.195798	0.0130716	0.991747	0.127541	0.195745	-0.127622	0.972315	12.7995	-8.20889	73.8054	
0.984252	0.00984972	-0.176498	0.0107506	0.993263	0.115382	0.176446	-0.115462	0.977515	12.9736	-8.32264	74.7178	
0.987553	0.00768499	-0.157101	0.00867093	0.994627	0.103161	0.15705	-0.103239	0.98218	13.1297	-8.42498	75.6348	
0.990469	0.00576279	-0.137617	0.00683368	0.995838	0.0908854	0.137568	-0.0909596	0.986307	13.2676	-8.51585	76.556	
0.992999	0.00408416	-0.118056	0.00523989	0.996895	0.0785617	0.11801	-0.0786303	0.989894	13.3871	-8.59521	77.4808	
0.99514	0.00265004	-0.0984297	0.00389041	0.997799	0.0661967	0.0983885	-0.0662579	0.99294	13.4884	-8.66301	78.4086	
0.996893	0.00146121	-0.0787484	0.002786	0.998548	0.0537971	0.0787127	-0.0538493	0.995442	13.5713	-8.71922	79.3391	
0.998256	0.000518305	-0.059023	0.00192726	0.999142	0.0413696	0.0589938	-0.0414112	0.997399	13.6357	-8.7638	80.2716	
0.999229	-0.000178144	-0.0392643	0.00131465	0.999581	0.0289212	0.0392427	-0.0289505	0.99881	13.6817	-8.79672	81.2058	
0.99981	-0.00062776	-0.0194831	0.000948517	0.999864	0.0164585	0.0194701	-0.0164739	0.999675	13.7092	-8.81798	82.141	
1	-0.000830297	0.000309903	0.000829054	0.999992	0.00398852	-0.000313212	-0.00398826	0.999992	13.7181	-8.82755	83.0767	
0.999798	-0.000785644	0.0201037	0.000956329	0.999964	-0.00848203	-0.0200963	0.00849954	0.999762	13.7086	-8.82544	84.0125	
0.999204	-0.000493825	0.0398876	0.00133027	0.99978	-0.0209463	-0.0398684	0.0209827	0.998985	13.6805	-8.81165	84.9478	
0.998219	4.49995e-05	0.0596506	0.00195068	0.99944	-0.0333975	-0.0596187	0.0334543	0.99766	13.634	-8.78617	85.8821	
0.996844	0.000830535	0.079382	0.00281721	0.998945	-0.0458287	-0.0793364	0.0459077	0.99579	13.5689	-8.74903	86.815	
0.995079	0.00186235	0.099071	0.00392939	0.998295	-0.0582332	-0.0990106	0.0583359	0.993375	13.4855	-8.70025	87.7458	
0.992924	0.00313988	0.118707	0.00528661	0.99749	-0.0706042	-0.118631	0.0707322	0.990416	13.3836	-8.63986	88.6741	
0.990382	0.00466243	0.138279	0.00688813	0.996531	-0.0829349	-0.138186	0.0830898	0.986915	13.2635	-8.56787	89.5994	
0.987454	0.00642917	0.157776	0.00873306	0.995418	-0.0952186	-0.157665	0.0954019	0.982873	13.125	-8.48435	90.5212	
