1	0	0	0	1	0	0	0	1	0	0	0	
0.999987	-4.85587e-06	-0.00516081	-4.85587e-06	0.999998	-0.00188181	0.00516081	0.00188181	0.999985	0.00255174	0.000930453	0.988884	
0.999947	-1.94271e-05	-0.0103219	-1.94313e-05	0.999993	-0.00376454	0.0103219	0.00376454	0.99994	0.0102071	0.00372227	1.97774	
0.99988	-4.37198e-05	-0.0154831	-4.37365e-05	0.999984	-0.00564811	0.0154831	0.00564811	0.999864	0.0229663	0.00837631	2.96653	
0.999787	-7.77397e-05	-0.0206442	-7.77815e-05	0.999972	-0.00753248	0.0206442	0.00753248	0.999759	0.0408293	0.0148934	3.95524	
0.999667	-0.000121492	-0.0258052	-0.000121576	0.999956	-0.00941758	0.0258052	0.00941758	0.999623	0.063796	0.0232743	4.94382	
0.99952	-0.000174982	-0.0309657	-0.000175129	0.999936	-0.0113033	0.0309657	0.0113033	0.999457	0.0918661	0.0335196	5.93226	
0.999347	-0.000238214	-0.0361257	-0.000238449	0.999913	-0.0131897	0.0361257	0.0131897	0.99926	0.125039	0.0456301	6.92052	
0.999147	-0.000311193	-0.0412849	-0.000311545	0.999886	-0.0150766	0.0412849	0.0150766	0.999034	0.163314	0.0596063	7.90856	
0.998921	-0.000393922	-0.0464432	-0.000394424	0.999856	-0.016964	0.0464432	0.016964	0.998777	0.206691	0.0754487	8.89637	
0.998668	-0.000486404	-0.0516005	-0.000487095	0.999822	-0.0188518	0.0516005	0.0188518	0.99849	0.255169	0.0931577	9.88391	
0.998388	-0.000588643	-0.0567565	-0.000589564	0.999785	-0.02074	0.0567565	0.02074	0.998173	0.308745	0.112734	10.8712	
0.998081	-0.000700641	-0.0619111	-0.000701838	0.999744	-0.0226285	0.0619111	0.0226285	0.997825	0.36742	0.134177	11.8581	
0.997748	-0.000822401	-0.0670642	-0.000823925	0.999699	-0.0245172	0.0670642	0.0245172	0.997447	0.431191	0.157488	12.8446	
0.997389	-0.000953924	-0.0722155	-0.000955828	0.999651	-0.026406	0.0722154	0.0264061	0.997039	0.500057	0.182667	13.8308	
0.997002	-0.00109521	-0.0773648	-0.00109756	0.999599	-0.028295	0.0773648	0.0282951	0.996601	0.574017	0.209714	14.8165	
0.996589	-0.00124627	-0.0825121	-0.00124911	0.999544	-0.030184	0.0825121	0.0301841	0.996133	0.653067	0.238628	15.8018	
0.99615	-0.00140709	-0.0876572	-0.0014105	0.999485	-0.032073	0.0876571	0.0320732	0.995634	0.737207	0.269411	16.7867	
0.995684	-0.00157767	-0.0927998	-0.00158173	0.999422	-0.033962	0.0927998	0.0339621	0.995105	0.826433	0.302062	17.771	
0.995191	-0.00175803	-0.0979399	-0.0017628	0.999356	-0.0358507	0.0979398	0.035851	0.994546	0.920743	0.336581	18.7547	
0.994671	-0.00194815	-0.103077	-0.00195372	0.999286	-0.0377393	0.103077	0.0377396	0.993957	1.02013	0.372967	19.7379	
0.994126	-0.00214804	-0.108212	-0.00215448	0.999212	-0.0396276	0.108211	0.039628	0.993338	1.12461	0.411222	20.7206	
0.993553	-0.00235769	-0.113343	-0.0023651	0.999135	-0.0415156	0.113343	0.0415161	0.992688	1.23415	0.451343	21.7025	
0.992954	-0.0025771	-0.118471	-0.00258557	0.999054	-0.0434032	0.118471	0.0434037	0.992008	1.34877	0.493331	22.6839	
0.992329	-0.00280628	-0.123595	-0.0028159	0.99897	-0.0452904	0.123595	0.045291	0.991299	1.46846	0.537186	23.6645	
0.991677	-0.00304521	-0.128717	-0.00305609	0.998882	-0.047177	0.128716	0.0471777	0.990559	1.59321	0.582907	24.6444	
0.990998	-0.0032939	-0.133834	-0.00330614	0.99879	-0.0490631	0.133833	0.0490639	0.989789	1.72303	0.630493	25.6236	
0.990293	-0.00355235	-0.138947	-0.00356605	0.998695	-0.0509485	0.138947	0.0509494	0.988988	1.85791	0.679944	26.602	
0.989562	-0.00382054	-0.144056	-0.00383582	0.998596	-0.0528332	0.144056	0.0528343	0.988158	1.99784	0.731259	27.5796	
0.988804	-0.00409848	-0.149161	-0.00411545	0.998493	-0.0547171	0.149161	0.0547184	0.987298	2.14281	0.784438	28.5563	
0.98802	-0.00438616	-0.154262	-0.00440495	0.998387	-0.0566002	0.154261	0.0566017	0.986407	2.29284	0.83948	29.5322	
0.98721	-0.00468358	-0.159358	-0.00470431	0.998277	-0.0584825	0.159357	0.0584841	0.985487	2.44791	0.896384	30.5072	
0.986373	-0.00499073	-0.164449	-0.00501352	0.998164	-0.0603637	0.164448	0.0603656	0.984537	2.60801	0.955149	31.4813	
0.98551	-0.0053076	-0.169535	-0.0053326	0.998047	-0.062244	0.169535	0.0622461	0.983557	2.77315	1.01577	32.4544	
0.98462	-0.0056342	-0.174617	-0.00566153	0.997926	-0.0641232	0.174616	0.0641256	0.982546	2.94331	1.07826	33.4265	
0.983705	-0.00597051	-0.179693	-0.00600033	0.997802	-0.0660012	0.179692	0.0660039	0.981506	3.1185	1.1426	34.3977	
0.982763	-0.00631653	-0.184763	-0.00634897	0.997673	-0.067878	0.184762	0.0678811	0.980436	3.2987	1.2088	35.3677	
0.981795	-0.00667226	-0.189828	-0.00670746	0.997542	-0.0697536	0.189827	0.069757	0.979336	3.48392	1.27685	36.3367	
0.9808	-0.00703767	-0.194887	-0.0070758	0.997406	-0.0716278	0.194886	0.0716316	0.978207	3.67414	1.34676	37.3046	
0.97978	-0.00741278	-0.199941	-0.00745399	0.997267	-0.0735007	0.199939	0.0735049	0.977047	3.86935	1.41852	38.2714	
0.978733	-0.00779756	-0.204988	-0.00784201	0.997125	-0.0753721	0.204986	0.0753767	0.975858	4.06957	1.49214	39.237	
0.977661	-0.00819202	-0.210029	-0.00823987	0.996978	-0.0772419	0.210027	0.077247	0.974639	4.27477	1.5676	40.2014	
0.976562	-0.00859613	-0.215064	-0.00864756	0.996828	-0.0791102	0.215062	0.0791158	0.973391	4.48495	1.64491	41.1646	
0.975438	-0.0090099	-0.220092	-0.00906508	0.996675	-0.0809769	0.22009	0.0809831	0.972112	4.70011	1.72407	42.1266	
0.974287	-0.00943331	-0.225113	-0.00949241	0.996517	-0.0828418	0.225111	0.0828486	0.970804	4.92024	1.80508	43.0872	
0.97311	-0.00986636	-0.230128	-0.00992956	0.996357	-0.084705	0.230125	0.0847124	0.969467	5.14533	1.88793	44.0466	
0.971908	-0.010309	-0.235135	-0.0103765	0.996192	-0.0865664	0.235132	0.0865744	0.9681	5.37537	1.97262	45.0046	
0.97068	-0.0107613	-0.240135	-0.0108333	0.996024	-0.0884259	0.240132	0.0884346	0.966704	5.61037	2.05916	45.9613	
0.969426	-0.0112232	-0.245128	-0.0112998	0.995852	-0.0902834	0.245125	0.0902929	0.965278	5.8503	2.14753	46.9165	
0.968146	-0.0116947	-0.250113	-0.0117762	0.995677	-0.0921389	0.25011	0.0921492	0.963822	6.09517	2.23773	47.8704	
0.96684	-0.0121757	-0.255091	-0.0122623	0.995497	-0.0939923	0.255087	0.0940035	0.962338	6.34496	2.32978	48.8227	
0.965509	-0.0126664	-0.260061	-0.0127582	0.995315	-0.0958436	0.260056	0.0958557	0.960824	6.59967	2.42365	49.7736	
0.964152	-0.0131666	-0.265023	-0.0132638	0.995128	-0.0976926	0.265018	0.0977058	0.959281	6.85929	2.51936	50.723	
0.96277	-0.0136763	-0.269976	-0.0137792	0.994938	-0.0995394	0.269971	0.0995536	0.957708	7.12381	2.61689	51.6709	
0.961362	-0.0141955	-0.274921	-0.0143044	0.994745	-0.101384	0.274916	0.101399	0.956106	7.39323	2.71625	52.6171	
0.959928	-0.0147243	-0.279858	-0.0148393	0.994547	-0.103226	0.279852	0.103242	0.954476	7.66753	2.81744	53.5618	
0.95847	-0.0152626	-0.284786	-0.0153839	0.994346	-0.105066	0.28478	0.105083	0.952816	7.94671	2.92044	54.5049	
0.956985	-0.0158103	-0.289706	-0.0159382	0.994142	-0.106903	0.289699	0.106922	0.951127	8.23076	3.02527	55.4463	
0.955476	-0.0163676	-0.294616	-0.0165022	0.993934	-0.108737	0.294608	0.108758	0.949409	8.51967	3.13191	56.386	
0.953941	-0.0169343	-0.299517	-0.0170759	0.993722	-0.110569	0.299509	0.110591	0.947662	8.81343	3.24036	57.324	
0.95238	-0.0175104	-0.304409	-0.0176593	0.993506	-0.112399	0.3044	0.112422	0.945887	9.11203	3.35063	58.2602	
0.950795	-0.018096	-0.309291	-0.0182524	0.993287	-0.114225	0.309282	0.11425	0.944082	9.41546	3.46271	59.1947	
0.949185	-0.018691	-0.314164	-0.0188551	0.993065	-0.116049	0.314154	0.116075	0.942249	9.72371	3.57659	60.1274	
0.947549	-0.0192954	-0.319027	-0.0194675	0.992838	-0.117869	0.319017	0.117898	0.940387	10.0368	3.69228	61.0583	
0.946497	-0.0196904	-0.322111	-0.0210842	0.992231	-0.122609	0.322023	0.12284	0.938729	10.3537	3.81131	61.9874	
0.945434	-0.0201022	-0.325193	-0.0227171	0.991599	-0.127342	0.325021	0.127781	0.937034	10.6737	3.93523	62.9149	
0.94436	-0.0205306	-0.328272	-0.0243657	0.990941	-0.132069	0.328009	0.132719	0.935305	10.9966	4.06403	63.8406	
0.943276	-0.0209756	-0.331348	-0.02603	0.990258	-0.136789	0.330989	0.137655	0.93354	11.3224	4.19772	64.7647	
0.94218	-0.0214371	-0.33442	-0.0277097	0.98955	-0.141501	0.333958	0.142586	0.931741	11.6512	4.33628	65.687	
0.941075	-0.0219151	-0.337487	-0.0294046	0.988817	-0.146204	0.336917	0.147513	0.929907	11.9829	4.47972	66.6074	
0.939959	-0.0224096	-0.34055	-0.0311146	0.988059	-0.150898	0.339865	0.152434	0.928039	12.3175	4.62803	67.5261	
0.938834	-0.0229203	-0.343607	-0.0328394	0.987277	-0.155583	0.342801	0.15735	0.926136	12.6551	4.7812	68.4429	
0.937699	-0.0234473	-0.346658	-0.0345787	0.986469	-0.160257	0.345725	0.16226	0.9242	12.9955	4.93923	69.3578	
0.942011	-0.0212508	-0.334908	-0.0417754	0.982804	-0.179865	0.332971	0.183426	0.924924	13.3311	5.11016	70.2721	
0.94616	-0.018786	-0.323153	-0.0486994	0.978691	-0.199482	0.320014	0.204479	0.925083	13.654	5.30197	71.1869	
0.950143	-0.0160545	-0.3114	-0.0553466	0.974132	-0.219096	0.306862	0.225408	0.924677	13.964	5.51453	72.1015	
0.953958	-0.0130578	-0.299655	-0.0617129	0.969132	-0.238696	0.293522	0.246198	0.923705	14.2608	5.74773	73.0155	
0.957603	-0.00979796	-0.287926	-0.0677944	0.963691	-0.258269	0.280002	0.266839	0.922169	14.5444	6.00141	73.9282	
0.961074	-0.00627681	-0.27622	-0.0735873	0.957815	-0.277803	0.266312	0.287316	0.920069	14.8145	6.27542	74.8392	
0.96437	-0.00249655	-0.264545	-0.0790882	0.951507	-0.297287	0.252458	0.307617	0.917407	15.0711	6.5696	75.7477	
0.967489	0.00154051	-0.252907	-0.0842936	0.94477	-0.316709	0.238451	0.327731	0.914185	15.3138	6.88376	76.6534	
0.97043	0.00583191	-0.241313	-0.0892005	0.937608	-0.336056	0.224297	0.347644	0.910403	15.5426	7.21771	77.5556	
0.973189	0.010375	-0.229771	-0.0938057	0.930027	-0.355317	0.210007	0.367345	0.906066	15.7574	7.57125	78.4538	
0.975767	0.0151671	-0.218288	-0.0981065	0.92203	-0.374481	0.195588	0.386821	0.901174	15.9579	7.94416	79.3474	
0.97816	0.0202051	-0.20687	-0.1021	0.913622	-0.393535	0.18105	0.406061	0.895732	16.1442	8.33622	80.2359	
0.980368	0.0254861	-0.195525	-0.105784	0.90481	-0.412467	0.166401	0.425053	0.889742	16.316	8.74718	81.1188	
0.982388	0.0310068	-0.184259	-0.109157	0.895597	-0.431267	0.15165	0.443785	0.883208	16.4732	9.1768	81.9955	
0.984221	0.0367638	-0.17308	-0.112216	0.885989	-0.449923	0.136807	0.462246	0.876135	16.6159	9.6248	82.8654	
0.985865	0.0427536	-0.161995	-0.114959	0.875994	-0.468422	0.12188	0.480424	0.868526	16.7438	10.0909	83.7281	
0.987319	0.0489725	-0.151009	-0.117384	0.865615	-0.486755	0.106878	0.498309	0.860387	16.8569	10.5749	84.583	
0.988581	0.0554169	-0.14013	-0.119491	0.854861	-0.50491	0.0918112	0.515889	0.851721	16.9551	11.0764	85.4296	
0.989652	0.0620826	-0.129365	-0.121278	0.843738	-0.522875	0.0766883	0.533154	0.842536	17.0385	11.5951	86.2673	
0.99053	0.0689656	-0.118719	-0.122743	0.832251	-0.54064	0.0615185	0.550093	0.832835	17.1068	12.1307	87.0958	
0.991215	0.0760618	-0.1082	-0.123887	0.820409	-0.558194	0.0463111	0.566695	0.822625	17.1601	12.6829	87.9143	
0.991707	0.0833668	-0.0978142	-0.124707	0.808219	-0.575527	0.0310755	0.582952	0.811912	17.1984	13.2514	88.7226	
0.992005	0.090876	-0.0875675	-0.125205	0.795687	-0.592626	0.0158208	0.598852	0.800704	17.2216	13.8358	89.52	
0.992109	0.0985851	-0.0774663	-0.125378	0.782822	-0.609483	0.000556431	0.614386	0.789005	17.2297	14.4357	90.306	
0.992019	0.106489	-0.0675169	-0.125228	0.769632	-0.626087	-0.0147083	0.629545	0.776825	17.2227	15.0508	91.0803	
0.991735	0.114583	-0.0577252	-0.124755	0.756124	-0.642427	-0.029964	0.644319	0.76417	17.2006	15.6806	91.8422	
0.991257	0.122863	-0.0480974	-0.123958	0.742308	-0.658494	-0.0452013	0.658699	0.751048	17.1634	16.325	92.5915	
