1	0	0	0	1	0	0	0	1	0	0	0	
0.999998	-2.36416e-06	0.0020866	-2.36416e-06	0.999997	0.00226603	-0.0020866	-0.00226603	0.999995	-0.0010354	-0.00112443	0.992423	
0.999991	-9.4865e-06	0.00417988	-9.48552e-06	0.99999	0.00453885	-0.00417988	-0.00453885	0.999981	-0.0041449	-0.0045011	1.98484	
0.99998	-2.14111e-05	0.00627974	-2.14072e-05	0.999977	0.00681834	-0.00627974	-0.00681834	0.999957	-0.0093351	-0.0101367	2.97723	
0.999965	-3.81815e-05	0.00838608	-3.81717e-05	0.999959	0.0091044	-0.00838608	-0.0091044	0.999923	-0.0166125	-0.0180377	3.9696	
0.999945	-5.98404e-05	0.0104988	-5.98207e-05	0.999935	0.0113969	-0.0104988	-0.0113969	0.99988	-0.0259834	-0.0282107	4.96192	
0.99992	-8.643e-05	0.0126178	-8.63955e-05	0.999906	0.0136958	-0.0126178	-0.0136958	0.999827	-0.0374541	-0.0406621	5.9542	
0.999891	-0.000117992	0.014743	-0.000117937	0.999872	0.0160009	-0.014743	-0.0160009	0.999763	-0.0510309	-0.0553979	6.94642	
0.999858	-0.000154567	0.0168743	-0.000154484	0.999832	0.0183121	-0.0168743	-0.0183121	0.99969	-0.0667198	-0.0724244	7.93858	
0.999819	-0.000196195	0.0190115	-0.000196076	0.999787	0.0206293	-0.0190115	-0.0206293	0.999606	-0.0845267	-0.0917476	8.93065	
0.999776	-0.000242917	0.0211546	-0.000242752	0.999737	0.0229524	-0.0211546	-0.0229524	0.999513	-0.104458	-0.113373	9.92264	
0.999728	-0.00029477	0.0233036	-0.00029455	0.99968	0.0252814	-0.0233036	-0.0252814	0.999409	-0.126518	-0.137308	10.9145	
0.999676	-0.000351793	0.0254582	-0.000351507	0.999619	0.027616	-0.0254582	-0.027616	0.999294	-0.150715	-0.163556	11.9063	
0.999618	-0.000414024	0.0276183	-0.000413658	0.999551	0.0299561	-0.0276183	-0.0299561	0.99917	-0.177052	-0.192124	12.898	
0.999556	-0.000481499	0.029784	-0.000481041	0.999478	0.0323018	-0.029784	-0.0323017	0.999034	-0.205536	-0.223017	13.8895	
0.999489	-0.000554255	0.031955	-0.000553689	0.999399	0.0346527	-0.031955	-0.0346527	0.998888	-0.236171	-0.256241	14.8809	
0.999417	-0.000632327	0.0341313	-0.000631638	0.999315	0.0370089	-0.0341313	-0.0370089	0.998732	-0.268964	-0.2918	15.8721	
0.99934	-0.000715749	0.0363128	-0.000714921	0.999224	0.0393702	-0.0363128	-0.0393702	0.998565	-0.303919	-0.3297	16.8632	
0.999258	-0.000804557	0.0384994	-0.000803571	0.999128	0.0417365	-0.0384994	-0.0417365	0.998387	-0.341042	-0.369947	17.8541	
0.999171	-0.000898783	0.0406909	-0.00089762	0.999026	0.0441078	-0.0406909	-0.0441077	0.998198	-0.380337	-0.412544	18.8449	
0.999079	-0.00099846	0.0428873	-0.0009971	0.998919	0.0464838	-0.0428873	-0.0464837	0.997998	-0.42181	-0.457496	19.8354	
0.998982	-0.00110362	0.0450885	-0.00110204	0.998805	0.0488644	-0.0450885	-0.0488644	0.997787	-0.465465	-0.504809	20.8257	
0.99888	-0.00121429	0.0472943	-0.00121248	0.998685	0.0512496	-0.0472944	-0.0512496	0.997565	-0.511306	-0.554487	21.8159	
0.998773	-0.00133051	0.0495047	-0.00132843	0.998559	0.0536393	-0.0495048	-0.0536392	0.997332	-0.559339	-0.606534	22.8058	
0.998661	-0.00145231	0.0517196	-0.00144993	0.998428	0.0560333	-0.0517196	-0.0560332	0.997088	-0.609568	-0.660955	23.7954	
0.998543	-0.00157971	0.0539388	-0.00157702	0.99829	0.0584315	-0.0539388	-0.0584314	0.996833	-0.661997	-0.717754	24.7848	
0.99842	-0.00171274	0.0561622	-0.0017097	0.998146	0.0608338	-0.0561623	-0.0608337	0.996567	-0.716631	-0.776935	25.774	
0.998292	-0.00185143	0.0583898	-0.00184802	0.997997	0.0632401	-0.0583899	-0.06324	0.996289	-0.773473	-0.838502	26.7629	
0.998159	-0.0019958	0.0606215	-0.00199199	0.997841	0.0656503	-0.0606216	-0.0656502	0.996	-0.832528	-0.902458	27.7515	
0.99802	-0.00214589	0.0628571	-0.00214165	0.997679	0.0680642	-0.0628572	-0.0680641	0.995699	-0.8938	-0.968809	28.7398	
0.997876	-0.00230172	0.0650966	-0.00229701	0.99751	0.0704818	-0.0650967	-0.0704817	0.995387	-0.957292	-1.03756	29.7278	
0.997727	-0.00246331	0.0673397	-0.00245811	0.997336	0.072903	-0.0673399	-0.0729028	0.995063	-1.02301	-1.10871	30.7154	
0.997572	-0.00263069	0.0695866	-0.00262495	0.997155	0.0753275	-0.0695868	-0.0753273	0.994728	-1.09095	-1.18226	31.7028	
0.997412	-0.00280387	0.0718369	-0.00279757	0.996969	0.0777554	-0.0718371	-0.0777552	0.994381	-1.16113	-1.25822	32.6898	
0.997247	-0.00298289	0.0740907	-0.00297599	0.996775	0.0801865	-0.074091	-0.0801862	0.994022	-1.23354	-1.33659	33.6765	
0.997076	-0.00316777	0.0763478	-0.00316022	0.996576	0.0826206	-0.0763481	-0.0826203	0.993652	-1.30819	-1.41738	34.6628	
0.9969	-0.00335852	0.0786081	-0.00335029	0.99637	0.0850578	-0.0786084	-0.0850574	0.99327	-1.38508	-1.50058	35.6487	
0.996718	-0.00355516	0.0808715	-0.00354621	0.996158	0.0874978	-0.0808719	-0.0874974	0.992877	-1.46422	-1.58621	36.6343	
0.996531	-0.00375772	0.083138	-0.003748	0.99594	0.0899405	-0.0831384	-0.0899401	0.992471	-1.5456	-1.67426	37.6194	
0.996338	-0.00396622	0.0854073	-0.00395569	0.995715	0.0923859	-0.0854078	-0.0923854	0.992054	-1.62924	-1.76473	38.6042	
0.99614	-0.00418066	0.0876795	-0.00416928	0.995484	0.0948338	-0.08768	-0.0948333	0.991624	-1.71513	-1.85763	39.5885	
0.995936	-0.00440108	0.0899544	-0.0043888	0.995247	0.0972841	-0.089955	-0.0972835	0.991183	-1.80327	-1.95296	40.5724	
0.995727	-0.00462748	0.0922318	-0.00461426	0.995003	0.0997367	-0.0922325	-0.099736	0.99073	-1.89367	-2.05072	41.5559	
0.995512	-0.00485988	0.0945118	-0.00484566	0.994753	0.102191	-0.0945125	-0.102191	0.990265	-1.98634	-2.15092	42.5389	
0.995291	-0.0050983	0.0967941	-0.00508304	0.994496	0.104648	-0.0967949	-0.104648	0.989788	-2.08127	-2.25356	43.5214	
0.995065	-0.00534274	0.0990788	-0.00532639	0.994233	0.107107	-0.0990796	-0.107106	0.989298	-2.17846	-2.35863	44.5034	
0.994834	-0.00559323	0.101366	-0.00557574	0.993964	0.109568	-0.101367	-0.109567	0.988797	-2.27793	-2.46615	45.485	
0.994596	-0.00584977	0.103654	-0.00583108	0.993688	0.11203	-0.103656	-0.112029	0.988284	-2.37966	-2.57611	46.466	
0.994353	-0.00611239	0.105945	-0.00609244	0.993405	0.114494	-0.105946	-0.114493	0.987758	-2.48367	-2.68851	47.4466	
0.994105	-0.00638108	0.108238	-0.00635983	0.993116	0.11696	-0.108239	-0.116958	0.987221	-2.58995	-2.80336	48.4266	
0.99385	-0.00665586	0.110533	-0.00663324	0.992821	0.119427	-0.110534	-0.119425	0.986671	-2.69851	-2.92065	49.4061	
0.99359	-0.00693673	0.112829	-0.0069127	0.992519	0.121895	-0.11283	-0.121893	0.986109	-2.80935	-3.0404	50.385	
0.993325	-0.00722372	0.115126	-0.0071982	0.992211	0.124364	-0.115128	-0.124363	0.985535	-2.92246	-3.1626	51.3633	
0.993053	-0.00751682	0.117426	-0.00748976	0.991896	0.126834	-0.117427	-0.126833	0.984949	-3.03786	-3.28724	52.3411	
0.992776	-0.00781604	0.119726	-0.00778738	0.991574	0.129306	-0.119728	-0.129304	0.98435	-3.15554	-3.41434	53.3183	
0.992493	-0.00812138	0.122028	-0.00809106	0.991246	0.131778	-0.12203	-0.131776	0.98374	-3.2755	-3.54389	54.2949	
0.992205	-0.00843287	0.124331	-0.00840081	0.990912	0.134251	-0.124333	-0.134249	0.983117	-3.39775	-3.6759	55.2709	
0.991911	-0.00875049	0.126635	-0.00871664	0.990571	0.136725	-0.126637	-0.136722	0.982482	-3.52228	-3.81036	56.2462	
0.991611	-0.00907425	0.12894	-0.00903854	0.990223	0.139199	-0.128942	-0.139196	0.981834	-3.64911	-3.94727	57.2209	
0.991305	-0.00940416	0.131246	-0.00936652	0.989869	0.141673	-0.131248	-0.141671	0.981174	-3.77822	-4.08664	58.195	
0.990994	-0.00974021	0.133552	-0.00970057	0.989509	0.144148	-0.133555	-0.144145	0.980503	-3.90961	-4.22847	59.1684	
0.990677	-0.0100824	0.135859	-0.0100407	0.989142	0.146623	-0.135862	-0.14662	0.979818	-4.0433	-4.37275	60.1412	
0.990354	-0.0104308	0.138167	-0.0103869	0.988768	0.149098	-0.13817	-0.149095	0.979122	-4.17928	-4.51948	61.1132	
0.990025	-0.0107853	0.140475	-0.0107392	0.988388	0.151572	-0.140479	-0.151569	0.978413	-4.31755	-4.66868	62.0846	
0.990187	-0.0106083	0.139346	-0.0112301	0.98785	0.155005	-0.139297	-0.155049	0.978037	-4.45638	-4.82082	63.0554	
0.990347	-0.0104277	0.138219	-0.0117174	0.987299	0.15844	-0.138116	-0.15853	0.977646	-4.59403	-4.97643	64.0258	
0.990505	-0.0102435	0.137096	-0.012201	0.986735	0.161877	-0.136936	-0.162013	0.977241	-4.73052	-5.13548	64.9959	
0.990661	-0.0100558	0.135976	-0.0126809	0.986159	0.165316	-0.135756	-0.165497	0.976822	-4.86583	-5.298	65.9655	
0.990816	-0.00986448	0.134859	-0.013157	0.98557	0.168757	-0.134578	-0.168981	0.976388	-4.99997	-5.46397	66.9347	
0.990969	-0.00966961	0.133745	-0.0136293	0.984968	0.172197	-0.133399	-0.172465	0.975941	-5.13295	-5.6334	67.9035	
0.99112	-0.00947118	0.132633	-0.0140977	0.984354	0.175639	-0.132222	-0.175949	0.975479	-5.26475	-5.80629	68.8718	
0.99127	-0.00926919	0.131525	-0.0145621	0.983727	0.179079	-0.131044	-0.179431	0.975003	-5.39539	-5.98263	69.8396	
0.991418	-0.00906363	0.130419	-0.0150226	0.983087	0.18252	-0.129867	-0.182912	0.974514	-5.52486	-6.16243	70.807	
0.994235	-0.00461414	0.107124	-0.0158155	0.981835	0.189076	-0.106051	-0.18968	0.976102	-5.64193	-6.34733	71.775	
0.996483	-4.40794e-06	0.0837995	-0.0164481	0.980538	0.19564	-0.0821694	-0.19633	0.977089	-5.73533	-6.53888	72.7442	
0.998159	0.00476272	0.0604581	-0.01692	0.979196	0.202209	-0.0582372	-0.20286	0.977474	-5.805	-6.73697	73.7142	
0.999264	0.00968432	0.0371146	-0.0172309	0.977811	0.208779	-0.0342692	-0.209265	0.977258	-5.85091	-6.94148	74.6842	
0.999796	0.0147574	0.0137836	-0.0173806	0.976383	0.215345	-0.0102801	-0.215541	0.976441	-5.87302	-7.15229	75.6537	
0.999755	0.0199787	-0.00952081	-0.0173691	0.974914	0.221904	0.0137153	-0.221684	0.975022	-5.87131	-7.36926	76.6221	
0.999141	0.0253451	-0.0327841	-0.0171962	0.973403	0.228451	0.0377023	-0.227691	0.973003	-5.8458	-7.59225	77.5887	
0.997954	0.0308534	-0.0559921	-0.0168623	0.971853	0.234983	0.0616661	-0.233558	0.970385	-5.79649	-7.82114	78.5531	
0.996196	0.0365	-0.0791304	-0.0163673	0.970264	0.241495	0.0855919	-0.239281	0.96717	-5.72341	-8.05578	79.5146	
0.993866	0.0422816	-0.102185	-0.0157118	0.968637	0.247983	0.109465	-0.244857	0.96336	-5.62662	-8.29603	80.4726	
0.990968	0.0481945	-0.125141	-0.0148959	0.966973	0.254444	0.133271	-0.250282	0.958957	-5.50616	-8.54174	81.4265	
0.987501	0.0542352	-0.147985	-0.0139204	0.965273	0.260873	0.156995	-0.255553	0.953963	-5.36212	-8.79275	82.3758	
0.98347	0.0603999	-0.170703	-0.0127857	0.963538	0.267267	0.180622	-0.260666	0.948382	-5.19458	-9.04892	83.3198	
0.978875	0.0666848	-0.193281	-0.0114925	0.961769	0.273621	0.204138	-0.26562	0.942218	-5.00365	-9.31008	84.258	
0.97372	0.0730861	-0.215704	-0.0100417	0.959967	0.279932	0.227528	-0.270409	0.935473	-4.78944	-9.57608	85.1898	
0.968008	0.0795997	-0.237959	-0.00843416	0.958134	0.286195	0.250778	-0.275033	0.928153	-4.55209	-9.84675	86.1146	
0.961742	0.0862218	-0.260033	-0.00667083	0.95627	0.292408	0.273874	-0.279486	0.920261	-4.29174	-10.1219	87.0318	
0.954927	0.0929482	-0.281912	-0.00475283	0.954377	0.298565	0.296801	-0.283768	0.911803	-4.00855	-10.4014	87.941	
0.947567	0.0997748	-0.303581	-0.00268132	0.952456	0.304664	0.319546	-0.287876	0.902784	-3.70269	-10.6851	88.8414	
0.939666	0.106697	-0.325029	-0.000457587	0.950508	0.3107	0.342094	-0.291806	0.893208	-3.37436	-10.9728	89.7327	
0.931228	0.113712	-0.346242	0.001917	0.948534	0.31667	0.364431	-0.295556	0.883084	-3.02376	-11.2642	90.6141	
0.92226	0.120813	-0.367206	0.00444099	0.946535	0.32257	0.386544	-0.299125	0.872415	-2.6511	-11.5593	91.4853	
0.912767	0.127998	-0.387909	0.00711281	0.944513	0.328397	0.408419	-0.302509	0.86121	-2.25661	-11.8579	92.3456	
0.902754	0.135261	-0.408338	0.00993083	0.942469	0.334147	0.430043	-0.305707	0.849474	-1.84053	-12.1597	93.1945	
0.892228	0.142599	-0.42848	0.0128933	0.940404	0.339815	0.451402	-0.308717	0.837216	-1.40312	-12.4646	94.0315	
0.881195	0.150006	-0.448324	0.0159984	0.938319	0.3454	0.472483	-0.311537	0.824442	-0.944658	-12.7724	94.8561	
0.869662	0.157478	-0.467856	0.0192443	0.936216	0.350897	0.493273	-0.314166	0.811161	-0.465414	-13.0829	95.6677	
