1	0	0	0	1	0	0	0	1	0	0	0	
0.999993	-1.57549e-06	0.00383379	-1.57549e-06	1	0.000821893	-0.00383379	-0.000821893	0.999992	-0.00174651	-0.000374418	0.911109	
0.999971	-6.30974e-06	0.00767249	-6.30899e-06	0.999999	0.00164465	-0.00767249	-0.00164465	0.999969	-0.00698826	-0.00149806	1.8222	
0.999934	-1.4214e-05	0.011516	-1.4211e-05	0.999997	0.00246823	-0.011516	-0.00246823	0.999931	-0.0157297	-0.00337171	2.73327	
0.999882	-2.52993e-05	0.0153641	-2.52918e-05	0.999995	0.00329261	-0.0153641	-0.00329261	0.999877	-0.0279751	-0.00599609	3.64429	
0.999815	-3.95764e-05	0.0192168	-3.95614e-05	0.999992	0.00411776	-0.0192168	-0.00411776	0.999807	-0.0437286	-0.00937193	4.55526	
0.999734	-5.70556e-05	0.0230738	-5.70293e-05	0.999988	0.00494366	-0.0230738	-0.00494366	0.999722	-0.0629944	-0.0134999	5.46616	
0.999637	-7.77471e-05	0.0269351	-7.77049e-05	0.999983	0.00577026	-0.0269351	-0.00577026	0.999621	-0.0857762	-0.0183807	6.37697	
0.999526	-0.000101661	0.0308005	-0.000101597	0.999978	0.00659755	-0.0308005	-0.00659755	0.999504	-0.112078	-0.0240149	7.28769	
0.999399	-0.000128806	0.0346698	-0.000128715	0.999972	0.0074255	-0.0346698	-0.0074255	0.999371	-0.141903	-0.0304032	8.19829	
0.999257	-0.000159192	0.038543	-0.000159068	0.999966	0.00825407	-0.038543	-0.00825406	0.999223	-0.175256	-0.0375462	9.10876	
0.9991	-0.000192829	0.0424199	-0.000192662	0.999959	0.00908323	-0.0424199	-0.00908323	0.999059	-0.212139	-0.0454443	10.0191	
0.998928	-0.000229724	0.0463004	-0.000229507	0.999951	0.00991296	-0.0463004	-0.00991295	0.998878	-0.252556	-0.0540981	10.9293	
0.99874	-0.000269886	0.0501843	-0.00026961	0.999942	0.0107432	-0.0501843	-0.0107432	0.998682	-0.29651	-0.0635081	11.8393	
0.998537	-0.000313324	0.0540715	-0.000312978	0.999933	0.011574	-0.0540715	-0.011574	0.99847	-0.344005	-0.0736749	12.7491	
0.998319	-0.000360044	0.0579618	-0.000359619	0.999923	0.0124052	-0.0579618	-0.0124052	0.998242	-0.395042	-0.0845988	13.6587	
0.998085	-0.000410056	0.0618552	-0.000409539	0.999912	0.0132369	-0.0618552	-0.0132369	0.997997	-0.449625	-0.0962802	14.5681	
0.997836	-0.000463365	0.0657515	-0.000462744	0.999901	0.0140691	-0.0657515	-0.014069	0.997737	-0.507757	-0.10872	15.4773	
0.997571	-0.00051998	0.0696505	-0.000519242	0.999889	0.0149016	-0.0696505	-0.0149016	0.99746	-0.569441	-0.121917	16.3862	
0.997291	-0.000579906	0.0735522	-0.000579037	0.999876	0.0157345	-0.0735522	-0.0157344	0.997167	-0.634678	-0.135874	17.2948	
0.996996	-0.000643151	0.0774563	-0.000642136	0.999863	0.0165677	-0.0774563	-0.0165676	0.996858	-0.70347	-0.150589	18.2032	
0.996684	-0.000709721	0.0813628	-0.000708544	0.999848	0.0174012	-0.0813628	-0.0174011	0.996533	-0.775821	-0.166064	19.1113	
0.996357	-0.00077962	0.0852715	-0.000778266	0.999833	0.0182349	-0.0852715	-0.0182349	0.996191	-0.851733	-0.182298	20.0191	
0.996015	-0.000852856	0.0891823	-0.000851307	0.999818	0.019069	-0.0891823	-0.0190689	0.995833	-0.931206	-0.199292	20.9266	
0.995657	-0.000929433	0.0930951	-0.000927671	0.999801	0.0199032	-0.0930951	-0.0199031	0.995458	-1.01424	-0.217046	21.8338	
0.995283	-0.00100936	0.0970096	-0.00100736	0.999784	0.0207377	-0.0970096	-0.0207376	0.995067	-1.10085	-0.23556	22.7406	
0.994893	-0.00109263	0.100926	-0.00109039	0.999767	0.0215722	-0.100926	-0.0215721	0.99466	-1.19102	-0.254835	23.647	
0.994488	-0.00117926	0.104844	-0.00117675	0.999748	0.022407	-0.104844	-0.0224068	0.994236	-1.28476	-0.274869	24.553	
0.994067	-0.00126925	0.108763	-0.00126645	0.999729	0.0232418	-0.108763	-0.0232416	0.993796	-1.38207	-0.295665	25.4587	
0.99363	-0.00136261	0.112683	-0.00135949	0.999709	0.0240767	-0.112683	-0.0240765	0.993339	-1.48295	-0.317221	26.364	
0.993177	-0.00145933	0.116605	-0.00145587	0.999689	0.0249116	-0.116605	-0.0249114	0.992866	-1.5874	-0.339538	27.2688	
0.992709	-0.00155942	0.120527	-0.0015556	0.999667	0.0257466	-0.120527	-0.0257463	0.992376	-1.69543	-0.362615	28.1732	
0.992224	-0.00166289	0.124451	-0.00165869	0.999645	0.0265815	-0.124451	-0.0265812	0.99187	-1.80703	-0.386453	29.0771	
0.991724	-0.00176974	0.128375	-0.00176512	0.999623	0.0274164	-0.128375	-0.0274161	0.991347	-1.92221	-0.411052	29.9806	
0.991208	-0.00187996	0.1323	-0.00187491	0.999599	0.0282512	-0.1323	-0.0282509	0.990807	-2.04096	-0.436411	30.8836	
0.990676	-0.00199357	0.136225	-0.00198805	0.999575	0.0290859	-0.136225	-0.0290855	0.990251	-2.16329	-0.462531	31.786	
0.990128	-0.00211056	0.140151	-0.00210455	0.99955	0.0299205	-0.140151	-0.0299201	0.989678	-2.28919	-0.489412	32.688	
0.989564	-0.00223093	0.144077	-0.00222441	0.999524	0.030755	-0.144077	-0.0307545	0.989089	-2.41867	-0.517052	33.5894	
0.988984	-0.0023547	0.148002	-0.00234762	0.999498	0.0315892	-0.148003	-0.0315887	0.988482	-2.55173	-0.545453	34.4903	
0.988388	-0.00248185	0.151928	-0.0024742	0.999471	0.0324232	-0.151928	-0.0324227	0.98786	-2.68837	-0.574614	35.3907	
0.987777	-0.00261239	0.155854	-0.00260413	0.999443	0.033257	-0.155854	-0.0332564	0.98722	-2.82858	-0.604535	36.2904	
0.987149	-0.00274632	0.159779	-0.00273742	0.999415	0.0340906	-0.159779	-0.0340899	0.986564	-2.97237	-0.635215	37.1896	
0.986505	-0.00288365	0.163704	-0.00287407	0.999386	0.0349238	-0.163704	-0.034923	0.985891	-3.11973	-0.666654	38.0882	
0.985846	-0.00302436	0.167628	-0.00301408	0.999356	0.0357567	-0.167628	-0.0357558	0.985202	-3.27067	-0.698852	38.9861	
0.98517	-0.00316846	0.171552	-0.00315744	0.999325	0.0365892	-0.171552	-0.0365883	0.984495	-3.42519	-0.731809	39.8834	
0.984478	-0.00331596	0.175474	-0.00330416	0.999294	0.0374214	-0.175475	-0.0374204	0.983773	-3.58328	-0.765524	40.7801	
0.983771	-0.00346684	0.179396	-0.00345424	0.999262	0.0382532	-0.179396	-0.038252	0.983033	-3.74494	-0.799997	41.6761	
0.983047	-0.00362111	0.183316	-0.00360766	0.999229	0.0390845	-0.183317	-0.0390832	0.982277	-3.91018	-0.835227	42.5714	
0.982308	-0.00377877	0.187236	-0.00376444	0.999196	0.0399153	-0.187236	-0.039914	0.981504	-4.07899	-0.871215	43.466	
0.981552	-0.00393982	0.191154	-0.00392456	0.999162	0.0407457	-0.191154	-0.0407442	0.980714	-4.25136	-0.907959	44.3599	
0.980781	-0.00410425	0.19507	-0.00408803	0.999127	0.0415755	-0.19507	-0.0415739	0.979908	-4.42731	-0.94546	45.2531	
0.979993	-0.00427206	0.198985	-0.00425485	0.999091	0.0424048	-0.198985	-0.0424031	0.979085	-4.60683	-0.983716	46.1455	
0.97919	-0.00444325	0.202897	-0.004425	0.999055	0.0432335	-0.202898	-0.0432317	0.978245	-4.78991	-1.02273	47.0372	
0.978371	-0.00461782	0.206808	-0.00459849	0.999018	0.0440616	-0.206809	-0.0440596	0.977389	-4.97655	-1.06249	47.9281	
0.977535	-0.00479577	0.210717	-0.00477531	0.998981	0.0448891	-0.210718	-0.0448869	0.976516	-5.16676	-1.10301	48.8182	
0.976684	-0.00497709	0.214624	-0.00495546	0.998942	0.0457159	-0.214625	-0.0457136	0.975626	-5.36052	-1.14429	49.7075	
0.975817	-0.00516177	0.218529	-0.00513894	0.998903	0.0465421	-0.218529	-0.0465395	0.97472	-5.55785	-1.18631	50.596	
0.974934	-0.00534982	0.222431	-0.00532573	0.998863	0.0473675	-0.222431	-0.0473648	0.973797	-5.75873	-1.22909	51.4836	
0.974035	-0.00554123	0.22633	-0.00551585	0.998823	0.0481922	-0.226331	-0.0481892	0.972858	-5.96317	-1.27262	52.3705	
0.97312	-0.005736	0.230227	-0.00570927	0.998782	0.0490161	-0.230228	-0.0490129	0.971902	-6.17116	-1.3169	53.2564	
0.972189	-0.00593412	0.234121	-0.005906	0.99874	0.0498392	-0.234122	-0.0498358	0.970929	-6.38269	-1.36194	54.1415	
0.970539	-0.00628887	0.240863	-0.00648797	0.998615	0.0522163	-0.240858	-0.0522406	0.969153	-6.59907	-1.40844	55.0253	
0.968841	-0.00666041	0.247595	-0.00708599	0.998484	0.0545872	-0.247583	-0.0546407	0.967325	-6.82159	-1.45713	55.9075	
0.967096	-0.00704872	0.254315	-0.00770003	0.998347	0.0569519	-0.254296	-0.0570362	0.965443	-7.05022	-1.508	56.788	
0.965304	-0.00745375	0.261024	-0.00833004	0.998205	0.0593103	-0.260997	-0.0594268	0.963509	-7.28497	-1.56106	57.6667	
0.963465	-0.00787548	0.26772	-0.008976	0.998057	0.0616623	-0.267685	-0.0618125	0.961522	-7.52581	-1.61629	58.5437	
0.961579	-0.00831386	0.274403	-0.00963785	0.997903	0.0640079	-0.27436	-0.0641933	0.959482	-7.77275	-1.67369	59.4188	
0.959646	-0.00876885	0.281073	-0.0103156	0.997743	0.066347	-0.28102	-0.0665691	0.95739	-8.02575	-1.73326	60.292	
0.957667	-0.00924042	0.287729	-0.0110091	0.997578	0.0686796	-0.287667	-0.0689398	0.955246	-8.28482	-1.79499	61.1634	
0.955642	-0.00972851	0.29437	-0.0117184	0.997407	0.0710054	-0.294298	-0.0713053	0.95305	-8.54994	-1.85888	62.0327	
0.95357	-0.0102331	0.300997	-0.0124435	0.99723	0.0733246	-0.300914	-0.0736656	0.950802	-8.8211	-1.92493	62.9	
0.951452	-0.0107541	0.307608	-0.0131842	0.997048	0.075637	-0.307513	-0.0760206	0.948502	-9.09827	-1.99312	63.7653	
0.949289	-0.0112915	0.314203	-0.0139406	0.99686	0.0779426	-0.314096	-0.0783702	0.946151	-9.38145	-2.06345	64.6284	
0.947079	-0.0118453	0.320781	-0.0147127	0.996667	0.0802412	-0.320663	-0.0807143	0.943748	-9.67062	-2.13592	65.4893	
0.944824	-0.0124153	0.327343	-0.0155003	0.996468	0.0825328	-0.327211	-0.0830529	0.941294	-9.96576	-2.21053	66.3481	
0.942524	-0.0130016	0.333887	-0.0163035	0.996263	0.0848174	-0.333742	-0.0853859	0.938789	-10.2669	-2.28726	67.2046	
0.940178	-0.0136041	0.340413	-0.0171221	0.996053	0.0870949	-0.340254	-0.0877133	0.936234	-10.5739	-2.36612	68.0587	
0.937787	-0.0142227	0.34692	-0.0179563	0.995837	0.0893652	-0.346747	-0.0900349	0.933627	-10.8869	-2.44709	68.9106	
0.935351	-0.0148573	0.353409	-0.0188058	0.995616	0.0916283	-0.35322	-0.0923507	0.930971	-11.2058	-2.53018	69.76	
0.932871	-0.015508	0.359877	-0.0196707	0.995389	0.093884	-0.359674	-0.0946607	0.928264	-11.5305	-2.61538	70.607	
0.925472	-0.0175111	0.378411	-0.0236533	0.994311	0.10386	-0.378077	-0.10507	0.919792	-11.8666	-2.70637	71.4489	
0.917706	-0.0197224	0.39677	-0.0278335	0.99312	0.113743	-0.396284	-0.115426	0.910844	-12.2194	-2.80682	72.2829	
0.909577	-0.0221408	0.414945	-0.0322092	0.991819	0.123526	-0.414285	-0.125721	0.901422	-12.5887	-2.91668	73.1085	
0.901089	-0.024765	0.432926	-0.036778	0.990406	0.133204	-0.432072	-0.135951	0.891533	-12.9743	-3.03589	73.9254	
0.892247	-0.0275938	0.450705	-0.0415377	0.988883	0.142774	-0.449634	-0.146111	0.881182	-13.3759	-3.16439	74.733	
0.883054	-0.0306256	0.46827	-0.0464857	0.987251	0.152229	-0.466963	-0.156195	0.870373	-13.7935	-3.30212	75.5309	
0.873517	-0.0338588	0.485615	-0.0516195	0.985511	0.161566	-0.484049	-0.166197	0.859113	-14.2268	-3.44899	76.3188	
0.863639	-0.0372917	0.502729	-0.0569365	0.983663	0.170778	-0.500885	-0.176114	0.847407	-14.6755	-3.60494	77.0963	
0.853426	-0.0409227	0.519605	-0.0624338	0.981709	0.179861	-0.517461	-0.185939	0.835261	-15.1394	-3.76988	77.8629	
0.842884	-0.0447498	0.536232	-0.0681086	0.979649	0.188811	-0.533768	-0.195668	0.822682	-15.6183	-3.94373	78.6182	
0.832017	-0.0487709	0.552602	-0.0739579	0.977484	0.197623	-0.549798	-0.205295	0.809676	-16.112	-4.1264	79.3619	
0.820831	-0.0529841	0.568708	-0.0799788	0.975216	0.206292	-0.565543	-0.214816	0.79625	-16.6201	-4.31779	80.0935	
0.809333	-0.0573872	0.58454	-0.0861682	0.972846	0.214814	-0.580995	-0.224225	0.782412	-17.1424	-4.51781	80.8127	
0.797528	-0.0619778	0.60009	-0.0925227	0.970375	0.223185	-0.596145	-0.233518	0.768167	-17.6787	-4.72635	81.5191	
0.785421	-0.0667536	0.615351	-0.0990391	0.967805	0.231399	-0.610986	-0.24269	0.753523	-18.2286	-4.94329	82.2123	
0.773021	-0.0717121	0.630314	-0.105714	0.965135	0.239454	-0.62551	-0.251736	0.738489	-18.792	-5.16854	82.8921	
0.760332	-0.0768507	0.644972	-0.112544	0.962369	0.247344	-0.63971	-0.260651	0.723072	-19.3684	-5.40197	83.5579	
0.747362	-0.0821668	0.659317	-0.119525	0.959508	0.255065	-0.653577	-0.269431	0.707279	-19.9576	-5.64347	84.2095	
0.734117	-0.0876576	0.673341	-0.126655	0.956552	0.262614	-0.667106	-0.278071	0.691119	-20.5592	-5.89289	84.8466	
0.720605	-0.0933202	0.687037	-0.133928	0.953504	0.269986	-0.680288	-0.286567	0.674601	-21.1731	-6.15013	85.4688	
