1	0	0	0	1	0	0	0	1	0	0	0	
0.999988	2.27103e-06	-0.00479854	2.27103e-06	1	0.000946546	0.00479854	-0.000946546	0.999988	0.00243199	-0.000479728	1.01363	
0.999954	9.09029e-06	-0.00960159	9.08519e-06	0.999998	0.00189292	0.00960159	-0.00189292	0.999952	0.00973026	-0.00191882	2.02724	
0.999896	2.04654e-05	-0.014409	2.0445e-05	0.999996	0.00283908	0.014409	-0.00283908	0.999892	0.0218993	-0.00431709	3.0408	
0.999815	3.64036e-05	-0.0192204	3.63526e-05	0.999993	0.00378499	0.0192204	-0.00378499	0.999808	0.0389433	-0.0076743	4.05429	
0.999711	5.69117e-05	-0.0240359	5.68096e-05	0.999989	0.00473061	0.0240359	-0.00473061	0.9997	0.0608664	-0.0119902	5.06768	
0.999584	8.19961e-05	-0.028855	8.18173e-05	0.999984	0.0056759	0.028855	-0.0056759	0.999567	0.0876725	-0.0172644	6.08094	
0.999433	0.000111663	-0.0336777	0.000111377	0.999978	0.00662082	0.0336777	-0.00662081	0.999411	0.119365	-0.0234966	7.09406	
0.999258	0.000145918	-0.0385037	0.000145488	0.999971	0.00756532	0.0385037	-0.00756531	0.99923	0.155948	-0.0306864	8.10701	
0.999061	0.000184765	-0.0433329	0.000184151	0.999964	0.00850938	0.0433329	-0.00850937	0.999024	0.197425	-0.0388334	9.11977	
0.998839	0.000228211	-0.0481651	0.000227365	0.999955	0.00945295	0.0481651	-0.00945293	0.998795	0.243798	-0.047937	10.1323	
0.998594	0.000276259	-0.053	0.00027513	0.999946	0.010396	0.053	-0.010396	0.99854	0.29507	-0.0579968	11.1446	
0.998326	0.000328913	-0.0578374	0.000327445	0.999936	0.0113385	0.0578375	-0.0113384	0.998262	0.351244	-0.0690122	12.1566	
0.998034	0.000386177	-0.0626773	0.000384307	0.999925	0.0122803	0.0626773	-0.0122803	0.997958	0.412324	-0.0809826	13.1683	
0.997718	0.000448053	-0.0675194	0.000445715	0.999912	0.0132216	0.0675194	-0.0132215	0.99763	0.47831	-0.0939074	14.1797	
0.997378	0.000514546	-0.0723634	0.000511666	0.9999	0.0141621	0.0723634	-0.014162	0.997278	0.549205	-0.107786	15.1908	
0.997015	0.000585657	-0.0772092	0.000582157	0.999886	0.0151019	0.0772092	-0.0151018	0.996901	0.625011	-0.122617	16.2015	
0.996627	0.000661388	-0.0820567	0.000657185	0.999871	0.016041	0.0820567	-0.0160408	0.996499	0.70573	-0.138401	17.2118	
0.996216	0.00074174	-0.0869055	0.000736747	0.999856	0.0169793	0.0869055	-0.0169791	0.996072	0.791364	-0.155136	18.2216	
0.995781	0.000826716	-0.0917556	0.000820838	0.999839	0.0179167	0.0917556	-0.0179164	0.99562	0.881913	-0.172822	19.2311	
0.995322	0.000916316	-0.0966067	0.000909454	0.999822	0.0188533	0.0966067	-0.0188529	0.995144	0.977378	-0.191457	20.24	
0.994839	0.00101054	-0.101459	0.00100259	0.999804	0.0197889	0.101459	-0.0197885	0.994643	1.07776	-0.211042	21.2485	
0.994332	0.00110939	-0.106311	0.00110024	0.999785	0.0207236	0.106311	-0.0207232	0.994117	1.18306	-0.231574	22.2564	
0.993801	0.00121286	-0.111164	0.0012024	0.999765	0.0216574	0.111164	-0.0216568	0.993566	1.29328	-0.253053	23.2638	
0.993246	0.00132096	-0.116017	0.00130906	0.999744	0.0225901	0.116018	-0.0225894	0.99299	1.40842	-0.275477	24.2707	
0.992667	0.00143367	-0.120871	0.00142022	0.999722	0.0235217	0.120871	-0.0235209	0.99239	1.52848	-0.298847	25.2769	
0.992064	0.00155101	-0.125724	0.00153588	0.9997	0.0244523	0.125724	-0.0244513	0.991764	1.65346	-0.32316	26.2825	
0.991437	0.00167297	-0.130577	0.00165601	0.999676	0.0253817	0.130577	-0.0253806	0.991113	1.78336	-0.348416	27.2874	
0.990785	0.00179955	-0.135429	0.00178062	0.999652	0.0263099	0.135429	-0.0263086	0.990438	1.91818	-0.374613	28.2917	
0.99011	0.00193073	-0.140281	0.0019097	0.999627	0.027237	0.140281	-0.0272355	0.989737	2.05791	-0.40175	29.2953	
0.98941	0.00206653	-0.145132	0.00204323	0.999601	0.0281628	0.145132	-0.0281611	0.989011	2.20257	-0.429826	30.2982	
0.988686	0.00220694	-0.149981	0.00218122	0.999574	0.0290873	0.149982	-0.0290854	0.988261	2.35214	-0.45884	31.3003	
0.987938	0.00235196	-0.15483	0.00232365	0.999547	0.0300105	0.15483	-0.0300083	0.987485	2.50662	-0.48879	32.3017	
0.987166	0.00250157	-0.159676	0.00247052	0.999518	0.0309324	0.159677	-0.0309299	0.986685	2.66602	-0.519674	33.3022	
0.98637	0.00265578	-0.164522	0.0026218	0.999489	0.0318529	0.164522	-0.03185	0.985859	2.83033	-0.551492	34.3019	
0.985549	0.00281458	-0.169365	0.0027775	0.999459	0.0327719	0.169366	-0.0327688	0.985008	2.99955	-0.584242	35.3008	
0.984705	0.00297796	-0.174206	0.00293761	0.999428	0.0336895	0.174207	-0.033686	0.984133	3.17368	-0.617923	36.2988	
0.983836	0.00314593	-0.179046	0.0031021	0.999396	0.0346057	0.179046	-0.0346017	0.983232	3.35271	-0.652532	37.2959	
0.982943	0.00331847	-0.183882	0.00327098	0.999364	0.0355203	0.183883	-0.0355158	0.982306	3.53665	-0.688069	38.2921	
0.982025	0.00349558	-0.188716	0.00344423	0.99933	0.0364333	0.188717	-0.0364284	0.981356	3.7255	-0.724532	39.2873	
0.981084	0.00367726	-0.193548	0.00362183	0.999296	0.0373447	0.193549	-0.0373393	0.98038	3.91924	-0.761919	40.2815	
0.980118	0.00386348	-0.198376	0.00380378	0.999261	0.0382546	0.198377	-0.0382486	0.979379	4.11787	-0.800228	41.2748	
0.979129	0.00405426	-0.203201	0.00399007	0.999225	0.0391627	0.203202	-0.0391561	0.978354	4.3214	-0.839459	42.267	
0.978115	0.00424958	-0.208023	0.00418068	0.999188	0.0400692	0.208024	-0.0400619	0.977303	4.52982	-0.879608	43.2582	
0.977077	0.00444943	-0.212841	0.00437559	0.999151	0.0409739	0.212843	-0.040966	0.976227	4.74312	-0.920674	44.2483	
0.976015	0.0046538	-0.217656	0.0045748	0.999112	0.0418769	0.217657	-0.0418682	0.975127	4.96131	-0.962656	45.2372	
0.974928	0.00486269	-0.222466	0.00477829	0.999073	0.0427781	0.222468	-0.0427686	0.974001	5.18437	-1.00555	46.2251	
0.973818	0.00507608	-0.227273	0.00498605	0.999033	0.0436774	0.227275	-0.0436671	0.972851	5.41231	-1.04936	47.2118	
0.972684	0.00529397	-0.232075	0.00519807	0.998993	0.0445749	0.232077	-0.0445636	0.971676	5.64512	-1.09408	48.1973	
0.971525	0.00551635	-0.236872	0.00541432	0.998951	0.0454705	0.236875	-0.0454582	0.970476	5.88279	-1.1397	49.1816	
0.970343	0.00574321	-0.241665	0.00563479	0.998909	0.0463642	0.241668	-0.0463509	0.969251	6.12532	-1.18623	50.1647	
0.969136	0.00597454	-0.246454	0.00585947	0.998866	0.0472559	0.246456	-0.0472415	0.968002	6.37272	-1.23367	51.1466	
0.967906	0.00621032	-0.251237	0.00608835	0.998822	0.0481456	0.25124	-0.04813	0.966728	6.62496	-1.282	52.1271	
0.966651	0.00645054	-0.256015	0.0063214	0.998777	0.0490333	0.256018	-0.0490165	0.965429	6.88205	-1.33124	53.1064	
0.965373	0.0066952	-0.260787	0.00655861	0.998732	0.049919	0.260791	-0.0499008	0.964105	7.14397	-1.38137	54.0843	
0.964071	0.00694429	-0.265554	0.00679997	0.998686	0.0508025	0.265558	-0.050783	0.962757	7.41074	-1.4324	55.0609	
0.962745	0.00719778	-0.270315	0.00704546	0.998639	0.051684	0.270319	-0.051663	0.961384	7.68233	-1.48432	56.0361	
0.961395	0.00745568	-0.27507	0.00729505	0.998591	0.0525633	0.275075	-0.0525407	0.959986	7.95875	-1.53713	57.0099	
0.960022	0.00771796	-0.279819	0.00754874	0.998543	0.0534404	0.279824	-0.0534162	0.958564	8.23998	-1.59083	57.9822	
0.958624	0.00798461	-0.284562	0.0078065	0.998493	0.0543153	0.284567	-0.0542894	0.957118	8.52602	-1.64542	58.9531	
0.957203	0.00825562	-0.289298	0.00806832	0.998443	0.055188	0.289304	-0.0551603	0.955647	8.81687	-1.70089	59.9225	
0.955759	0.00853098	-0.294028	0.00833418	0.998393	0.0560584	0.294034	-0.0560288	0.954151	9.11252	-1.75725	60.8905	
0.954291	0.00881066	-0.298751	0.00860406	0.998341	0.0569265	0.298757	-0.0568949	0.952632	9.41296	-1.81448	61.8569	
0.952799	0.00909467	-0.303466	0.00887794	0.998289	0.0577923	0.303473	-0.0577585	0.951088	9.71818	-1.87259	62.8217	
0.951283	0.00938298	-0.308175	0.00915581	0.998236	0.0586557	0.308182	-0.0586198	0.94952	10.0282	-1.93157	63.785	
0.950904	0.00945565	-0.309342	0.00946047	0.998178	0.0595924	0.309342	-0.0595931	0.949082	10.3411	-1.99148	64.7472	
0.950523	0.00952954	-0.310509	0.00976614	0.998119	0.0605282	0.310502	-0.0605659	0.948641	10.6553	-2.05238	65.709	
0.95014	0.00960467	-0.311676	0.0100728	0.998059	0.0614631	0.311661	-0.061538	0.948198	10.9706	-2.11426	66.6704	
0.949756	0.00968101	-0.312843	0.0103803	0.997997	0.0623968	0.31282	-0.0625091	0.947753	11.2871	-2.17713	67.6313	
0.94937	0.00975858	-0.31401	0.0106887	0.997935	0.0633292	0.313979	-0.0634792	0.947305	11.6048	-2.24099	68.5917	
0.948982	0.00983738	-0.315176	0.0109979	0.997873	0.0642601	0.315138	-0.064448	0.946855	11.9236	-2.30582	69.5517	
0.948593	0.00991739	-0.316343	0.0113079	0.997809	0.0651895	0.316296	-0.0654155	0.946402	12.2437	-2.37164	70.5112	
0.956301	0.00825013	-0.292267	0.0114755	0.997773	0.0657132	0.292158	-0.0661955	0.954076	12.5521	-2.43835	71.4745	
0.963395	0.00656364	-0.268005	0.0116298	0.997736	0.0662409	0.267833	-0.0669331	0.961138	12.8359	-2.50582	72.4452	
0.969871	0.004859	-0.243572	0.0117707	0.997699	0.0667724	0.243336	-0.0676276	0.967582	13.095	-2.57402	73.4228	
0.975724	0.00313732	-0.218983	0.011898	0.997661	0.0673073	0.218682	-0.0682788	0.973404	13.3291	-2.64291	74.4066	
0.98095	0.0013997	-0.194255	0.0120117	0.997624	0.0678452	0.193888	-0.068886	0.978602	13.5382	-2.71243	75.3959	
0.985547	-0.000352748	-0.169403	0.0121117	0.997585	0.0683857	0.16897	-0.0694491	0.983171	13.7222	-2.78254	76.3902	
0.989511	-0.0021189	-0.144443	0.0121979	0.997547	0.0689287	0.143943	-0.0699676	0.987109	13.8808	-2.85321	77.3889	
0.99284	-0.00389761	-0.119392	0.0122703	0.997508	0.0694736	0.118823	-0.0704411	0.990414	14.0139	-2.92437	78.3912	
0.995531	-0.00568775	-0.0942644	0.0123289	0.997469	0.0700202	0.0936276	-0.0708694	0.993082	14.1216	-2.99599	79.3965	
0.997583	-0.00748817	-0.0690777	0.0123735	0.99743	0.070568	0.0683717	-0.0712522	0.995112	14.2037	-3.06803	80.4042	
0.998995	-0.00929771	-0.0438476	0.0124042	0.997391	0.0711168	0.043072	-0.0715892	0.996504	14.2602	-3.14043	81.4136	
0.999765	-0.0111152	-0.0185904	0.012421	0.997351	0.0716662	0.0177446	-0.0718803	0.997255	14.291	-3.21314	82.4242	
0.999894	-0.0129395	0.00667774	0.0124238	0.997312	0.0722158	-0.00759423	-0.0721252	0.997367	14.2962	-3.28613	83.4351	
0.999381	-0.0147694	0.0319406	0.0124126	0.997272	0.0727654	-0.0329282	-0.0723238	0.996837	14.2756	-3.35934	84.4459	
0.998226	-0.0166037	0.0571819	0.0123875	0.997232	0.0733144	-0.0582409	-0.072476	0.995668	14.2294	-3.43274	85.4558	
0.99643	-0.0184413	0.0823855	0.0123484	0.997192	0.0738626	-0.0835163	-0.0725816	0.99386	14.1576	-3.50626	86.4642	
0.993994	-0.020281	0.107535	0.0122954	0.997152	0.0744097	-0.108738	-0.0726406	0.991413	14.0601	-3.57986	87.4704	
0.990921	-0.0221216	0.132615	0.0122286	0.997112	0.0749552	-0.13389	-0.072653	0.988329	13.9372	-3.6535	88.4738	
0.987211	-0.0239619	0.157608	0.0121479	0.997072	0.0754989	-0.158956	-0.0726187	0.984611	13.7887	-3.72713	89.4738	
0.982867	-0.0258008	0.1825	0.0120534	0.997032	0.0760403	-0.18392	-0.0725378	0.980261	13.615	-3.80071	90.4697	
0.977893	-0.027637	0.207273	0.0119452	0.996992	0.0765792	-0.208766	-0.0724103	0.975281	13.4159	-3.87417	91.4608	
0.97229	-0.0294694	0.231912	0.0118233	0.996952	0.0771151	-0.233477	-0.0722363	0.969675	13.1918	-3.94749	92.4466	
0.966064	-0.0312968	0.256401	0.0116879	0.996912	0.0776478	-0.258039	-0.0720159	0.963447	12.9427	-4.0206	93.4264	
0.959217	-0.0331181	0.280724	0.011539	0.996873	0.0781769	-0.282435	-0.0717493	0.956599	12.6687	-4.09347	94.3996	
0.951754	-0.034932	0.304866	0.0113766	0.996833	0.078702	-0.30665	-0.0714366	0.949138	12.3701	-4.16604	95.3655	
0.943681	-0.0367374	0.328812	0.011201	0.996794	0.0792229	-0.330668	-0.0710781	0.941067	12.0471	-4.23827	96.3235	
0.935001	-0.0385331	0.352545	0.0110122	0.996755	0.0797391	-0.354473	-0.0706739	0.932391	11.6999	-4.31012	97.2731	
0.925722	-0.040318	0.376051	0.0108104	0.996716	0.0802504	-0.378051	-0.0702243	0.923117	11.3286	-4.38153	98.2135	
