1	0	0	0	1	0	0	0	1	0	0	0	
1	-4.40356e-07	0.000566006	-4.40356e-07	0.999999	0.00155601	-0.000566006	-0.00155601	0.999999	-0.000290864	-0.000799616	1.02778	
0.999999	-1.76621e-06	0.00113344	-1.76688e-06	0.999995	0.00311713	-0.00113344	-0.00311713	0.999994	-0.00116419	-0.00320109	2.05555	
0.999999	-3.98478e-06	0.00170227	-3.98749e-06	0.999989	0.00468329	-0.00170227	-0.00468329	0.999988	-0.00262143	-0.00720964	3.08332	
0.999997	-7.10313e-06	0.00227246	-7.10992e-06	0.99998	0.00625441	-0.00227246	-0.00625441	0.999978	-0.004664	-0.0128304	4.11108	
0.999996	-1.11282e-05	0.00284399	-1.11418e-05	0.999969	0.00783039	-0.00284399	-0.00783039	0.999965	-0.00729329	-0.0200684	5.13883	
0.999994	-1.60666e-05	0.00341681	-1.60904e-05	0.999956	0.00941118	-0.00341681	-0.00941118	0.99995	-0.0105106	-0.0289287	6.16656	
0.999992	-2.19249e-05	0.0039909	-2.19632e-05	0.99994	0.0109967	-0.0039909	-0.0109967	0.999932	-0.0143174	-0.0394161	7.19428	
0.99999	-2.87096e-05	0.00456623	-2.87672e-05	0.999921	0.0125868	-0.00456623	-0.0125868	0.99991	-0.0187148	-0.0515353	8.22198	
0.999987	-3.64268e-05	0.00514277	-3.65094e-05	0.999899	0.0141815	-0.00514277	-0.0141815	0.999886	-0.0237041	-0.0652913	9.24965	
0.999984	-4.50825e-05	0.00572047	-4.51965e-05	0.999875	0.0157806	-0.00572047	-0.0157806	0.999859	-0.0292866	-0.0806885	10.2773	
0.99998	-5.46827e-05	0.00629932	-5.4835e-05	0.999849	0.0173842	-0.00629932	-0.0173842	0.999829	-0.0354635	-0.0977315	11.3049	
0.999976	-6.52329e-05	0.00687928	-6.54315e-05	0.99982	0.018992	-0.00687927	-0.018992	0.999796	-0.0422358	-0.116425	12.3325	
0.999972	-7.67388e-05	0.00746031	-7.69923e-05	0.999788	0.0206041	-0.00746031	-0.0206041	0.99976	-0.0496048	-0.136773	13.3601	
0.999968	-8.92056e-05	0.00804238	-8.95233e-05	0.999753	0.0222203	-0.00804238	-0.0222203	0.999721	-0.0575714	-0.15878	14.3876	
0.999963	-0.000102638	0.00862548	-0.00010303	0.999716	0.0238405	-0.00862547	-0.0238405	0.999679	-0.0661369	-0.18245	15.415	
0.999958	-0.000117042	0.00920955	-0.00011752	0.999676	0.0254648	-0.00920954	-0.0254648	0.999633	-0.0753021	-0.207787	16.4425	
0.999952	-0.000132422	0.00979457	-0.000132996	0.999633	0.0270929	-0.00979456	-0.0270929	0.999585	-0.0850681	-0.234796	17.4698	
0.999946	-0.000148782	0.0103805	-0.000149466	0.999587	0.0287248	-0.0103805	-0.0287248	0.999533	-0.0954358	-0.26348	18.4972	
0.99994	-0.000166127	0.0109673	-0.000166933	0.999539	0.0303605	-0.0109673	-0.0303605	0.999479	-0.106406	-0.293843	19.5244	
0.999933	-0.000184461	0.011555	-0.000185404	0.999488	0.0319998	-0.011555	-0.0319998	0.999421	-0.11798	-0.32589	20.5516	
0.999926	-0.000203788	0.0121435	-0.000204882	0.999434	0.0336427	-0.0121435	-0.0336427	0.99936	-0.130159	-0.359623	21.5788	
0.999919	-0.000224111	0.0127328	-0.000225373	0.999377	0.035289	-0.0127328	-0.035289	0.999296	-0.142942	-0.395046	22.6059	
0.999911	-0.000245436	0.0133228	-0.000246882	0.999318	0.0369387	-0.0133228	-0.0369387	0.999229	-0.156332	-0.432163	23.6329	
0.999903	-0.000267764	0.0139136	-0.000269411	0.999255	0.0385918	-0.0139136	-0.0385918	0.999158	-0.170328	-0.470977	24.6598	
0.999895	-0.0002911	0.0145051	-0.000292966	0.99919	0.040248	-0.014505	-0.040248	0.999084	-0.184932	-0.511492	25.6867	
0.999886	-0.000315447	0.0150972	-0.00031755	0.999121	0.0419074	-0.0150971	-0.0419074	0.999007	-0.200145	-0.553711	26.7135	
0.999877	-0.000340806	0.0156899	-0.000343168	0.99905	0.0435698	-0.0156899	-0.0435699	0.998927	-0.215966	-0.597637	27.7402	
0.999867	-0.000367182	0.0162833	-0.000369821	0.998976	0.0452353	-0.0162832	-0.0452353	0.998844	-0.232396	-0.643273	28.7669	
0.999857	-0.000394576	0.0168772	-0.000397515	0.998899	0.0469036	-0.0168771	-0.0469036	0.998757	-0.249437	-0.690622	29.7934	
0.999847	-0.000422992	0.0174717	-0.000426252	0.998819	0.0485746	-0.0174716	-0.0485747	0.998667	-0.267088	-0.739687	30.8199	
0.999837	-0.00045243	0.0180666	-0.000456035	0.998737	0.0502485	-0.0180665	-0.0502485	0.998573	-0.285351	-0.790471	31.8462	
0.999826	-0.000482893	0.018662	-0.000486867	0.998651	0.0519249	-0.0186619	-0.0519249	0.998477	-0.304225	-0.842977	32.8725	
0.999814	-0.000514383	0.0192579	-0.00051875	0.998562	0.0536039	-0.0192578	-0.0536039	0.998377	-0.323712	-0.897207	33.8987	
0.999803	-0.000546902	0.0198542	-0.000551688	0.99847	0.0552853	-0.019854	-0.0552853	0.998273	-0.343811	-0.953164	34.9247	
0.999791	-0.00058045	0.0204508	-0.000585681	0.998376	0.0569691	-0.0204507	-0.0569691	0.998166	-0.364523	-1.01085	35.9507	
0.999778	-0.000615029	0.0210478	-0.000620732	0.998278	0.0586552	-0.0210477	-0.0586552	0.998056	-0.385849	-1.07027	36.9765	
0.999766	-0.000650639	0.0216451	-0.000656843	0.998177	0.0603435	-0.0216449	-0.0603435	0.997943	-0.407788	-1.13142	38.0022	
0.999752	-0.000687282	0.0222427	-0.000694015	0.998074	0.0620339	-0.0222425	-0.0620339	0.997826	-0.430341	-1.19431	39.0278	
0.999739	-0.000724959	0.0228406	-0.00073225	0.997967	0.0637263	-0.0228403	-0.0637264	0.997706	-0.453509	-1.25894	40.0533	
0.999725	-0.000763668	0.0234386	-0.000771549	0.997857	0.0654206	-0.0234384	-0.0654207	0.997582	-0.477291	-1.3253	41.0787	
0.999711	-0.000803412	0.0240369	-0.000811913	0.997745	0.0671169	-0.0240366	-0.067117	0.997456	-0.501688	-1.39341	42.1039	
0.999696	-0.000844189	0.0246353	-0.000853343	0.997629	0.0688149	-0.0246349	-0.068815	0.997325	-0.5267	-1.46327	43.129	
0.999681	-0.000886	0.0252338	-0.000895839	0.99751	0.0705145	-0.0252334	-0.0705147	0.997192	-0.552326	-1.53487	44.1539	
0.999666	-0.000928844	0.0258324	-0.000939403	0.997389	0.0722158	-0.025832	-0.0722159	0.997054	-0.578568	-1.60821	45.1788	
0.99965	-0.00097272	0.0264311	-0.000984033	0.997264	0.0739186	-0.0264307	-0.0739187	0.996914	-0.605426	-1.68331	46.2034	
0.999634	-0.00101763	0.0270298	-0.00102973	0.997136	0.0756228	-0.0270293	-0.0756229	0.99677	-0.632898	-1.76016	47.228	
0.999618	-0.00106357	0.0276285	-0.0010765	0.997005	0.0773283	-0.027628	-0.0773285	0.996623	-0.660986	-1.83876	48.2524	
0.999601	-0.00111053	0.0282272	-0.00112433	0.996871	0.0790351	-0.0282266	-0.0790353	0.996472	-0.689689	-1.91911	49.2766	
0.999584	-0.00115853	0.0288258	-0.00117322	0.996734	0.080743	-0.0288252	-0.0807433	0.996318	-0.719007	-2.00122	50.3007	
0.999566	-0.00120755	0.0294243	-0.00122319	0.996594	0.0824521	-0.0294237	-0.0824523	0.996161	-0.748941	-2.08509	51.3246	
0.999548	-0.0012576	0.0300227	-0.00127421	0.996451	0.0841621	-0.030022	-0.0841623	0.996	-0.779489	-2.17071	52.3483	
0.99953	-0.00130867	0.030621	-0.0013263	0.996305	0.085873	-0.0306202	-0.0858733	0.995835	-0.810653	-2.25809	53.3719	
0.999512	-0.00136076	0.031219	-0.00137945	0.996156	0.0875847	-0.0312182	-0.087585	0.995668	-0.842431	-2.34723	54.3953	
0.999493	-0.00141387	0.0318169	-0.00143366	0.996004	0.0892972	-0.031816	-0.0892975	0.995497	-0.874823	-2.43812	55.4186	
0.999473	-0.00146799	0.0324145	-0.00148893	0.995849	0.0910103	-0.0324135	-0.0910106	0.995322	-0.90783	-2.53078	56.4416	
0.999454	-0.00152313	0.0330118	-0.00154526	0.995691	0.092724	-0.0330108	-0.0927243	0.995144	-0.941451	-2.6252	57.4645	
0.999434	-0.00157928	0.0336088	-0.00160264	0.995529	0.0944381	-0.0336077	-0.0944385	0.994963	-0.975685	-2.72138	58.4872	
0.999413	-0.00163643	0.0342055	-0.00166107	0.995365	0.0961526	-0.0342043	-0.096153	0.994779	-1.01053	-2.81932	59.5097	
0.999393	-0.00169459	0.0348018	-0.00172055	0.995198	0.0978674	-0.0348005	-0.0978679	0.994591	-1.04599	-2.91903	60.532	
0.999372	-0.00175375	0.0353977	-0.00178108	0.995028	0.0995825	-0.0353963	-0.099583	0.994399	-1.08207	-3.0205	61.5541	
0.99935	-0.0018139	0.0359932	-0.00184265	0.994854	0.101298	-0.0359917	-0.101298	0.994205	-1.11875	-3.12373	62.5761	
0.999329	-0.00187505	0.0365882	-0.00190527	0.994678	0.103013	-0.0365866	-0.103013	0.994007	-1.15605	-3.22872	63.5978	
0.999307	-0.00193718	0.0371827	-0.00196891	0.994499	0.104728	-0.0371811	-0.104729	0.993806	-1.19396	-3.33548	64.6193	
0.999284	-0.0020003	0.0377768	-0.0020336	0.994317	0.106443	-0.037775	-0.106444	0.993601	-1.23248	-3.444	65.6406	
0.999127	-0.00242244	0.0417169	-0.00203415	0.994315	0.106457	-0.0417376	-0.106449	0.993442	-1.27334	-3.5534	66.6617	
0.998953	-0.0028446	0.0456563	-0.0020348	0.994314	0.106472	-0.0456995	-0.106453	0.993267	-1.31827	-3.66281	67.6827	
0.998764	-0.00326675	0.0495947	-0.00203554	0.994312	0.106487	-0.0496605	-0.106456	0.993076	-1.36728	-3.77222	68.7034	
0.998559	-0.00368887	0.0535321	-0.00203636	0.99431	0.106503	-0.0536204	-0.106458	0.99287	-1.42035	-3.88163	69.724	
0.998339	-0.00411095	0.0574681	-0.00203726	0.994309	0.106519	-0.0575789	-0.106459	0.992649	-1.47749	-3.99105	70.7443	
0.998103	-0.00453296	0.0614025	-0.00203821	0.994307	0.106535	-0.0615359	-0.106458	0.992411	-1.53871	-4.10047	71.7644	
0.996431	-0.00683827	0.0841368	-0.00118963	0.995477	0.0949968	-0.0844058	-0.0947578	0.991916	-1.61371	-4.20387	72.7842	
0.994235	-0.00887477	0.106852	-7.54201e-05	0.99651	0.0834685	-0.10722	-0.0829953	0.990765	-1.71219	-4.29522	73.8031	
0.991518	-0.0106411	0.129534	0.00130369	0.997407	0.0719573	-0.129964	-0.0711781	0.988961	-1.83408	-4.37446	74.8205	
0.98828	-0.0121362	0.152166	0.00294678	0.998166	0.0604709	-0.152621	-0.0593138	0.986503	-1.97931	-4.44152	75.8358	
0.984525	-0.0133589	0.174735	0.00485278	0.998786	0.0490169	-0.175178	-0.0474104	0.983395	-2.14777	-4.49637	76.8481	
0.980254	-0.0143085	0.197226	0.00702041	0.999268	0.0376029	-0.197619	-0.0354757	0.979637	-2.33935	-4.53896	77.857	
0.97547	-0.0149844	0.219622	0.00944826	0.999611	0.0262362	-0.21993	-0.0235176	0.975232	-2.55394	-4.56928	78.8616	
0.970176	-0.0153861	0.241911	0.0121347	0.999815	0.0149246	-0.242096	-0.011544	0.970184	-2.79138	-4.5873	79.8614	
0.964377	-0.0155133	0.264076	0.015078	0.99988	0.00367536	-0.264101	0.00043731	0.964495	-3.05153	-4.59301	80.8557	
0.958075	-0.015366	0.286104	0.0182762	0.999805	-0.007504	-0.285933	0.0124183	0.958169	-3.3342	-4.5864	81.8438	
0.951276	-0.0149443	0.30798	0.0217272	0.999591	-0.0186061	-0.307575	0.0243911	0.951211	-3.63921	-4.56748	82.825	
0.943982	-0.0142484	0.329689	0.0254286	0.999238	-0.0296237	-0.329015	0.0363478	0.943625	-3.96637	-4.53627	83.7988	
0.9362	-0.0132789	0.351217	0.0293781	0.998746	-0.0405494	-0.350237	0.0482804	0.935416	-4.31545	-4.49278	84.7645	
0.927934	-0.0120362	0.372549	0.0335731	0.998115	-0.0513761	-0.371229	0.0601813	0.926589	-4.68622	-4.43704	85.7214	
0.91919	-0.0105214	0.393673	0.0380108	0.997346	-0.0620965	-0.391975	0.0720423	0.917151	-5.07844	-4.36908	86.6689	
0.909974	-0.00873525	0.414573	0.0426882	0.99644	-0.0727037	-0.412462	0.0838559	0.907107	-5.49186	-4.28897	87.6064	
0.900291	-0.00667908	0.435237	0.0476023	0.995396	-0.0831906	-0.432677	0.095614	0.896464	-5.92619	-4.19673	88.5333	
0.890149	-0.00435421	0.455649	0.0527498	0.994216	-0.0935503	-0.452607	0.107309	0.88523	-6.38115	-4.09245	89.449	
0.879553	-0.00176217	0.475798	0.0581273	0.992901	-0.103776	-0.472237	0.118933	0.873411	-6.85645	-3.97618	90.3528	
0.868511	0.00109532	0.495669	0.0637313	0.99145	-0.113861	-0.491556	0.130479	0.861016	-7.35176	-3.848	91.2441	
0.85703	0.00421638	0.51525	0.069558	0.989867	-0.123798	-0.51055	0.141938	0.848052	-7.86676	-3.708	92.1224	
0.845117	0.00759895	0.534527	0.0756037	0.98815	-0.133582	-0.529208	0.153304	0.834528	-8.4011	-3.55627	92.9871	
0.832781	0.0112408	0.553488	0.0818644	0.986302	-0.143204	-0.547516	0.164569	0.820453	-8.95445	-3.39291	93.8377	
0.82003	0.0151395	0.57212	0.0883358	0.984323	-0.152661	-0.565462	0.175725	0.805837	-9.52643	-3.21803	94.6734	
0.806872	0.0192925	0.590411	0.0950137	0.982215	-0.161944	-0.583035	0.186765	0.790689	-10.1167	-3.03174	95.4939	
0.793315	0.0236971	0.608349	0.101894	0.97998	-0.171047	-0.600224	0.197682	0.775019	-10.7248	-2.83416	96.2986	
0.77937	0.0283503	0.625923	0.108971	0.977618	-0.179966	-0.617016	0.208468	0.758837	-11.3503	-2.62544	97.0868	
0.765044	0.0332491	0.643119	0.116242	0.975132	-0.188694	-0.6334	0.219116	0.742154	-11.9929	-2.40569	97.8582	
0.750347	0.0383902	0.659928	0.123701	0.972523	-0.197224	-0.649367	0.22962	0.724981	-12.6522	-2.17508	98.6122	
