1	0	0	0	1	0	0	0	1	0	0	0	
1	-7.3038e-07	0.000736161	-7.3038e-07	0.999998	0.00198429	-0.000736161	-0.00198429	0.999998	-0.000295022	-0.00079522	0.801515	
0.999999	-2.93019e-06	0.00147438	-2.93118e-06	0.999992	0.00397546	-0.00147438	-0.00397546	0.999991	-0.00118091	-0.00318364	1.60303	
0.999998	-6.61259e-06	0.00221463	-6.61653e-06	0.999982	0.00597345	-0.00221463	-0.00597345	0.99998	-0.00265931	-0.00717074	2.40453	
0.999996	-1.17906e-05	0.00295689	-1.18005e-05	0.999968	0.00797819	-0.00295689	-0.00797819	0.999964	-0.00473184	-0.012762	3.20602	
0.999993	-1.8477e-05	0.00370112	-1.84968e-05	0.99995	0.00998962	-0.00370112	-0.00998962	0.999943	-0.00740008	-0.0199627	4.0075	
0.99999	-2.66846e-05	0.0044473	-2.67193e-05	0.999928	0.0120077	-0.0044473	-0.0120077	0.999918	-0.0106656	-0.0287783	4.80896	
0.999987	-3.64258e-05	0.0051954	-3.64817e-05	0.999902	0.0140323	-0.0051954	-0.0140323	0.999888	-0.01453	-0.039214	5.6104	
0.999982	-4.77132e-05	0.00594541	-4.77972e-05	0.999871	0.0160634	-0.00594541	-0.0160634	0.999853	-0.0189948	-0.0512751	6.41181	
0.999978	-6.05589e-05	0.00669728	-6.06793e-05	0.999836	0.0181009	-0.00669727	-0.0181009	0.999814	-0.0240614	-0.0649667	7.21319	
0.999972	-7.4975e-05	0.00745099	-7.51411e-05	0.999797	0.0201448	-0.00745099	-0.0201448	0.999769	-0.0297315	-0.080294	8.01454	
0.999966	-9.09736e-05	0.00820651	-9.11957e-05	0.999754	0.022195	-0.00820651	-0.022195	0.99972	-0.0360063	-0.097262	8.81585	
0.99996	-0.000108566	0.00896383	-0.000108856	0.999706	0.0242515	-0.00896382	-0.0242515	0.999666	-0.0428875	-0.115876	9.61712	
0.999953	-0.000127765	0.0097229	-0.000128135	0.999654	0.0263141	-0.0097229	-0.0263141	0.999606	-0.0503763	-0.13614	10.4183	
0.999945	-0.00014858	0.0104837	-0.000149044	0.999597	0.0283828	-0.0104837	-0.0283828	0.999542	-0.0584743	-0.158061	11.2195	
0.999937	-0.000171025	0.0112462	-0.000171597	0.999536	0.0304575	-0.0112462	-0.0304575	0.999473	-0.0671827	-0.181641	12.0206	
0.999928	-0.000195109	0.0120104	-0.000195806	0.99947	0.0325382	-0.0120104	-0.0325382	0.999398	-0.076503	-0.206887	12.8217	
0.999918	-0.000220843	0.0127763	-0.000221683	0.9994	0.0346248	-0.0127762	-0.0346248	0.999319	-0.0864364	-0.233803	13.6227	
0.999908	-0.00024824	0.0135437	-0.000249239	0.999326	0.0367173	-0.0135437	-0.0367173	0.999234	-0.0969843	-0.262394	14.4236	
0.999898	-0.000277308	0.0143128	-0.000278487	0.999246	0.0388155	-0.0143128	-0.0388155	0.999144	-0.108148	-0.292665	15.2245	
0.999886	-0.000308059	0.0150834	-0.000309439	0.999162	0.0409194	-0.0150834	-0.0409194	0.999049	-0.119929	-0.324619	16.0253	
0.999874	-0.000340503	0.0158556	-0.000342105	0.999074	0.043029	-0.0158556	-0.043029	0.998948	-0.132328	-0.358262	16.826	
0.999862	-0.00037465	0.0166293	-0.000376498	0.99898	0.0451441	-0.0166292	-0.0451441	0.998842	-0.145346	-0.393598	17.6266	
0.999848	-0.00041051	0.0174045	-0.000412628	0.998882	0.0472647	-0.0174044	-0.0472647	0.998731	-0.158986	-0.430631	18.4272	
0.999835	-0.000448093	0.0181811	-0.000450507	0.998779	0.0493908	-0.018181	-0.0493908	0.998614	-0.173247	-0.469367	19.2276	
0.99982	-0.000487409	0.0189592	-0.000490145	0.998672	0.0515222	-0.0189591	-0.0515222	0.998492	-0.188131	-0.509809	20.028	
0.999805	-0.000528467	0.0197387	-0.000531553	0.998559	0.0536589	-0.0197386	-0.053659	0.998364	-0.203639	-0.551961	20.8282	
0.999789	-0.000571276	0.0205195	-0.000574742	0.998442	0.0558009	-0.0205194	-0.0558009	0.998231	-0.219773	-0.595828	21.6284	
0.999773	-0.000615846	0.0213017	-0.000619723	0.998319	0.057948	-0.0213016	-0.0579481	0.998092	-0.236533	-0.641413	22.4284	
0.999756	-0.000662185	0.0220853	-0.000666504	0.998192	0.0601002	-0.0220851	-0.0601003	0.997948	-0.253921	-0.688722	23.2284	
0.999738	-0.000710303	0.0228701	-0.000715097	0.99806	0.0622575	-0.0228699	-0.0622575	0.997798	-0.271937	-0.737758	24.0282	
0.99972	-0.000760207	0.0236562	-0.000765511	0.997923	0.0644197	-0.023656	-0.0644197	0.997642	-0.290582	-0.788525	24.8279	
0.999701	-0.000811907	0.0244435	-0.000817757	0.99778	0.0665868	-0.0244433	-0.0665869	0.997481	-0.309859	-0.841027	25.6274	
0.999681	-0.00086541	0.0252321	-0.000871843	0.997633	0.0687587	-0.0252319	-0.0687588	0.997314	-0.329766	-0.895268	26.4269	
0.999661	-0.000920725	0.0260219	-0.000927779	0.99748	0.0709354	-0.0260216	-0.0709355	0.997141	-0.350307	-0.951251	27.2261	
0.99964	-0.00097786	0.0268128	-0.000985575	0.997323	0.0731167	-0.0268125	-0.0731168	0.996963	-0.37148	-1.00898	28.0253	
0.999618	-0.00103682	0.0276048	-0.00104524	0.99716	0.0753027	-0.0276045	-0.0753028	0.996779	-0.393288	-1.06846	28.8243	
0.999596	-0.00109762	0.028398	-0.00110678	0.996992	0.0774932	-0.0283976	-0.0774934	0.996588	-0.415732	-1.1297	29.6232	
0.999573	-0.00116026	0.0291922	-0.00117021	0.996819	0.0796882	-0.0291918	-0.0796884	0.996392	-0.438811	-1.19269	30.4219	
0.99955	-0.00122475	0.0299875	-0.00123553	0.996641	0.0818877	-0.029987	-0.0818878	0.99619	-0.462527	-1.25744	31.2204	
0.999525	-0.00129109	0.0307838	-0.00130275	0.996457	0.0840914	-0.0307833	-0.0840916	0.995982	-0.486882	-1.32396	32.0188	
0.9995	-0.0013593	0.0315811	-0.00137189	0.996268	0.0862994	-0.0315805	-0.0862996	0.995769	-0.511874	-1.39224	32.817	
0.999475	-0.00142938	0.0323794	-0.00144294	0.996074	0.0885117	-0.0323788	-0.0885119	0.995549	-0.537506	-1.4623	33.615	
0.999448	-0.00150133	0.0331786	-0.00151592	0.995875	0.090728	-0.0331779	-0.0907283	0.995323	-0.563779	-1.53413	34.4129	
0.999421	-0.00157517	0.0339787	-0.00159084	0.99567	0.0929484	-0.033978	-0.0929487	0.995091	-0.590692	-1.60774	35.2106	
0.999394	-0.0016509	0.0347798	-0.0016677	0.995459	0.0951729	-0.034779	-0.0951732	0.994853	-0.618247	-1.68313	36.0081	
0.999365	-0.00172852	0.0355817	-0.00174651	0.995244	0.0974012	-0.0355808	-0.0974015	0.994609	-0.646444	-1.76031	36.8053	
0.999336	-0.00180804	0.0363844	-0.00182727	0.995023	0.0996334	-0.0363834	-0.0996337	0.994359	-0.675284	-1.83927	37.6024	
0.999307	-0.00188947	0.0371879	-0.00191	0.994796	0.101869	-0.0371869	-0.10187	0.994102	-0.704768	-1.92003	38.3993	
0.999276	-0.00197281	0.0379923	-0.0019947	0.994564	0.104109	-0.0379911	-0.104109	0.99384	-0.734897	-2.00258	39.196	
0.999245	-0.00205807	0.0387974	-0.00208137	0.994326	0.106352	-0.0387961	-0.106353	0.993571	-0.76567	-2.08692	39.9925	
0.999213	-0.00214524	0.0396032	-0.00217003	0.994083	0.108599	-0.0396018	-0.1086	0.993296	-0.797088	-2.17306	40.7887	
0.999181	-0.00223435	0.0404097	-0.00226068	0.993835	0.11085	-0.0404082	-0.11085	0.993015	-0.829153	-2.26101	41.5848	
0.999148	-0.00232539	0.0412169	-0.00235333	0.99358	0.113104	-0.0412153	-0.113104	0.992728	-0.861864	-2.35076	42.3806	
0.999114	-0.00241836	0.0420247	-0.00244797	0.993321	0.115361	-0.042023	-0.115361	0.992434	-0.895222	-2.44232	43.1761	
0.999079	-0.00251327	0.0428332	-0.00254462	0.993055	0.117621	-0.0428313	-0.117622	0.992134	-0.929229	-2.53569	43.9715	
0.999074	-0.00252677	0.0429446	-0.00276518	0.992437	0.122723	-0.0429299	-0.122728	0.991511	-0.963598	-2.63201	44.7664	
0.999069	-0.00254134	0.0430599	-0.00298645	0.991792	0.127826	-0.0430313	-0.127835	0.990861	-0.998048	-2.73243	45.5609	
0.999064	-0.00255701	0.0431789	-0.00320844	0.99112	0.132929	-0.0431354	-0.132943	0.990185	-1.03258	-2.83694	46.3548	
0.999059	-0.0025738	0.0433015	-0.00343116	0.990422	0.138034	-0.0432421	-0.138052	0.989481	-1.0672	-2.94554	47.1482	
0.999053	-0.00259173	0.0434277	-0.00365461	0.989696	0.143138	-0.0433512	-0.143162	0.988749	-1.1019	-3.05824	47.941	
0.999048	-0.00261082	0.0435572	-0.00387881	0.988943	0.148243	-0.0434626	-0.148271	0.987991	-1.13669	-3.17503	48.7332	
0.999042	-0.00263109	0.0436899	-0.00410375	0.988164	0.153348	-0.0435763	-0.15338	0.987206	-1.17157	-3.29592	49.5247	
0.999036	-0.00265256	0.0438258	-0.00432945	0.987357	0.158452	-0.043692	-0.158489	0.986393	-1.20655	-3.42091	50.3157	
0.99903	-0.00267523	0.0439646	-0.00455591	0.986524	0.163556	-0.0438096	-0.163598	0.985554	-1.24161	-3.54999	51.1059	
0.999023	-0.00269911	0.0441062	-0.00478314	0.985663	0.168659	-0.0439291	-0.168705	0.984687	-1.27677	-3.68316	51.8955	
0.999017	-0.00272423	0.0442505	-0.00501114	0.984775	0.17376	-0.0440502	-0.173811	0.983793	-1.31203	-3.82043	52.6844	
0.99901	-0.00275057	0.0443974	-0.0052399	0.983861	0.178859	-0.0441728	-0.178915	0.982872	-1.34739	-3.96178	53.4726	
0.999003	-0.00277816	0.0445468	-0.00546945	0.982919	0.183957	-0.0442969	-0.184018	0.981924	-1.38284	-4.10723	54.26	
0.998997	-0.00280699	0.0446984	-0.00569976	0.98195	0.189053	-0.0444223	-0.189118	0.980949	-1.4184	-4.25677	55.0466	
0.99899	-0.00283706	0.0448522	-0.00593086	0.980955	0.194146	-0.0445488	-0.194216	0.979947	-1.45406	-4.41039	55.8325	
0.998983	-0.00286838	0.0450081	-0.00616273	0.979932	0.199237	-0.0446764	-0.199312	0.978917	-1.48981	-4.5681	56.6175	
0.998975	-0.00290094	0.0451659	-0.00639539	0.978882	0.204325	-0.0448049	-0.204404	0.977861	-1.52567	-4.7299	57.4017	
0.998968	-0.00293474	0.0453256	-0.00662882	0.977806	0.209409	-0.0449341	-0.209493	0.976777	-1.56164	-4.89577	58.185	
0.998961	-0.00296976	0.0454868	-0.00686302	0.976702	0.21449	-0.0450641	-0.214579	0.975666	-1.5977	-5.06572	58.9675	
0.998953	-0.00300601	0.0456496	-0.007098	0.975572	0.219567	-0.0451945	-0.219661	0.974529	-1.63388	-5.23974	59.7491	
0.998945	-0.00304348	0.0458138	-0.00733374	0.974414	0.22464	-0.0453253	-0.224739	0.973364	-1.67015	-5.41784	60.5297	
0.998938	-0.00308214	0.0459793	-0.00757026	0.97323	0.229709	-0.0454565	-0.229813	0.972173	-1.70653	-5.60001	61.3094	
0.99893	-0.003122	0.046146	-0.00780753	0.972019	0.234773	-0.0455877	-0.234882	0.970954	-1.74302	-5.78624	62.0881	
0.998922	-0.00316302	0.0463137	-0.00804556	0.970781	0.239832	-0.045719	-0.239946	0.969709	-1.77961	-5.97653	62.8658	
0.998914	-0.0032052	0.0464822	-0.00828434	0.969517	0.244886	-0.0458502	-0.245005	0.968437	-1.81631	-6.17088	63.6426	
0.998906	-0.00324852	0.0466516	-0.00852387	0.968225	0.249934	-0.0459811	-0.250059	0.967138	-1.85311	-6.36928	64.4183	
0.998898	-0.00329294	0.0468216	-0.00876413	0.966907	0.254977	-0.0461117	-0.255107	0.965813	-1.89002	-6.57173	65.1929	
0.99889	-0.00333846	0.0469921	-0.00900512	0.965563	0.260014	-0.0462419	-0.260149	0.964461	-1.92703	-6.77822	65.9665	
0.998881	-0.00338504	0.047163	-0.00924683	0.964192	0.265045	-0.0463714	-0.265185	0.963082	-1.96415	-6.98875	66.739	
0.998873	-0.00343266	0.0473342	-0.00948925	0.962794	0.270069	-0.0465001	-0.270214	0.961677	-2.00137	-7.20332	67.5103	
0.998865	-0.00348128	0.0475055	-0.00973237	0.96137	0.275086	-0.046628	-0.275237	0.960245	-2.03869	-7.42191	68.2806	
0.998857	-0.00353089	0.0476769	-0.00997618	0.95992	0.280097	-0.046755	-0.280252	0.958787	-2.07611	-7.64453	69.0496	
0.998848	-0.00358144	0.0478482	-0.0102207	0.958443	0.2851	-0.0468808	-0.28526	0.957303	-2.11364	-7.87116	69.8175	
0.99884	-0.00363289	0.0480192	-0.0104658	0.956941	0.290095	-0.0470054	-0.290261	0.955792	-2.15126	-8.10181	70.5842	
0.999038	-0.00230689	0.0438013	-0.0113392	0.951085	0.30872	-0.042371	-0.308919	0.950144	-2.18708	-8.34194	71.348	
0.999215	-0.000898587	0.0396093	-0.0121218	0.944867	0.32723	-0.0377196	-0.327453	0.944114	-2.21918	-8.59698	72.1072	
0.999371	0.00059146	0.0354448	-0.0128134	0.938288	0.345619	-0.033053	-0.345856	0.937705	-2.24754	-8.86682	72.8614	
0.999507	0.00216265	0.0313095	-0.0134136	0.93135	0.363879	-0.0283731	-0.364119	0.93092	-2.27216	-9.15136	73.6103	
0.999623	0.00381435	0.027205	-0.0139223	0.924057	0.382002	-0.0236819	-0.382237	0.923761	-2.29302	-9.45048	74.3536	
0.999717	0.0055459	0.0231331	-0.0143392	0.916411	0.399982	-0.0189811	-0.400201	0.916231	-2.31012	-9.76406	75.091	
0.999791	0.00735661	0.0190953	-0.0146642	0.908415	0.417812	-0.0142728	-0.418004	0.908333	-2.32345	-10.092	75.8222	
0.999843	0.00924574	0.0150933	-0.014897	0.900074	0.435483	-0.00955868	-0.43564	0.90007	-2.333	-10.4341	76.547	
0.999875	0.0112125	0.0111286	-0.0150377	0.891389	0.452989	-0.00484074	-0.4531	0.891446	-2.33877	-10.7903	77.265	
0.999886	0.0132562	0.00720289	-0.0150862	0.882365	0.470324	-0.000120861	-0.470379	0.882465	-2.34076	-11.1604	77.9759	
