1	0	0	0	1	0	0	0	1	0	0	0	
0.999996	2.71607e-07	-0.00268919	2.71607e-07	1	0.000201999	0.00268919	-0.000201999	0.999996	0.00145325	-0.000109161	1.08081	
0.999985	1.09229e-06	-0.0053916	1.0933e-06	1	0.000405367	0.0053916	-0.000405367	0.999985	0.00582014	-0.000437385	2.16161	
0.999967	2.47105e-06	-0.00810707	2.4751e-06	1	0.000610093	0.00810707	-0.000610093	0.999967	0.0131149	-0.000986144	3.24239	
0.999941	4.41684e-06	-0.0108355	4.427e-06	1	0.00081617	0.0108355	-0.00081617	0.999941	0.0233515	-0.0017569	4.32315	
0.999908	6.93852e-06	-0.0135766	6.95894e-06	0.999999	0.00102359	0.0135766	-0.00102359	0.999907	0.0365439	-0.00275112	5.40387	
0.999867	1.00449e-05	-0.0163303	1.00808e-05	0.999999	0.00123234	0.0163303	-0.00123234	0.999866	0.0527056	-0.00397023	6.48456	
0.999818	1.37449e-05	-0.0190964	1.38026e-05	0.999999	0.00144242	0.0190964	-0.00144242	0.999817	0.0718504	-0.00541568	7.5652	
0.999761	1.8047e-05	-0.0218747	1.81339e-05	0.999999	0.00165381	0.0218747	-0.00165381	0.999759	0.0939913	-0.00708889	8.64578	
0.999696	2.29599e-05	-0.0246651	2.30847e-05	0.999998	0.0018665	0.0246651	-0.0018665	0.999694	0.119142	-0.00899128	9.72629	
0.999623	2.84922e-05	-0.0274675	2.86646e-05	0.999998	0.00208049	0.0274675	-0.0020805	0.999621	0.147314	-0.0111243	10.8067	
0.999541	3.46524e-05	-0.0302816	3.48833e-05	0.999997	0.00229577	0.0302816	-0.00229577	0.999539	0.178522	-0.0134892	11.8871	
0.999452	4.14489e-05	-0.0331072	4.17503e-05	0.999997	0.00251233	0.0331072	-0.00251233	0.999449	0.212778	-0.0160875	12.9673	
0.999354	4.889e-05	-0.0359443	4.92754e-05	0.999996	0.00273015	0.0359443	-0.00273016	0.99935	0.250094	-0.0189206	14.0475	
0.999247	5.69841e-05	-0.0387926	5.74678e-05	0.999996	0.00294923	0.0387926	-0.00294924	0.999243	0.290482	-0.0219898	15.1276	
0.999132	6.57393e-05	-0.041652	6.63372e-05	0.999995	0.00316956	0.041652	-0.00316957	0.999127	0.333954	-0.0252964	16.2075	
0.999008	7.51637e-05	-0.0445223	7.58928e-05	0.999994	0.00339113	0.0445223	-0.00339114	0.999003	0.380523	-0.0288418	17.2873	
0.998876	8.52654e-05	-0.0474034	8.61439e-05	0.999993	0.00361392	0.0474034	-0.00361394	0.998869	0.4302	-0.0326274	18.3669	
0.998734	9.60523e-05	-0.050295	9.70999e-05	0.999993	0.00383793	0.050295	-0.00383796	0.998727	0.482997	-0.0366545	19.4464	
0.998584	0.000107532	-0.053197	0.00010877	0.999992	0.00406315	0.0531969	-0.00406318	0.998576	0.538924	-0.0409243	20.5258	
0.998425	0.000119713	-0.0561092	0.000121163	0.999991	0.00428956	0.0561092	-0.00428961	0.998415	0.597994	-0.0454382	21.605	
0.998256	0.000132603	-0.0590314	0.000134288	0.99999	0.00451717	0.0590314	-0.00451722	0.998246	0.660216	-0.0501974	22.684	
0.998078	0.000146208	-0.0619636	0.000148154	0.999989	0.00474594	0.0619636	-0.004746	0.998067	0.725603	-0.0552033	23.7628	
0.997891	0.000160538	-0.0649054	0.00016277	0.999988	0.00497589	0.0649054	-0.00497596	0.997879	0.794163	-0.0604571	24.8414	
0.997695	0.000175598	-0.0678568	0.000178144	0.999986	0.00520698	0.0678568	-0.00520707	0.997681	0.865909	-0.06596	25.9198	
0.997489	0.000191397	-0.0708175	0.000194286	0.999985	0.00543922	0.0708175	-0.00543932	0.997474	0.940849	-0.0717134	26.998	
0.997274	0.000207941	-0.0737875	0.000211204	0.999984	0.00567259	0.0737875	-0.00567271	0.997258	1.01899	-0.0777184	28.076	
0.997049	0.000225239	-0.0767664	0.000228906	0.999983	0.00590708	0.0767664	-0.00590722	0.997032	1.10035	-0.0839762	29.1537	
0.996815	0.000243296	-0.0797542	0.000247401	0.999981	0.00614268	0.0797542	-0.00614285	0.996796	1.18494	-0.0904881	30.2312	
0.99657	0.00026212	-0.0827506	0.000266698	0.99998	0.00637938	0.0827506	-0.00637957	0.99655	1.27276	-0.0972553	31.3084	
0.996316	0.000281717	-0.0857556	0.000286804	0.999978	0.00661717	0.0857555	-0.00661739	0.996294	1.36382	-0.104279	32.3853	
0.996052	0.000302095	-0.0887688	0.000307728	0.999976	0.00685603	0.0887688	-0.00685628	0.996029	1.45813	-0.11156	33.462	
0.995778	0.00032326	-0.0917902	0.000329478	0.999975	0.00709596	0.0917901	-0.00709624	0.995753	1.55571	-0.1191	34.5384	
0.995494	0.000345219	-0.0948195	0.000352061	0.999973	0.00733693	0.0948195	-0.00733726	0.995467	1.65655	-0.1269	35.6144	
0.9952	0.000367977	-0.0978566	0.000375487	0.999971	0.00757895	0.0978566	-0.00757932	0.995172	1.76067	-0.134961	36.6902	
0.994896	0.000391541	-0.100901	0.000399761	0.999969	0.007822	0.100901	-0.00782241	0.994866	1.86808	-0.143284	37.7656	
0.994582	0.000415918	-0.103954	0.000424893	0.999967	0.00806606	0.103954	-0.00806653	0.994549	1.97879	-0.151871	38.8407	
0.994258	0.000441114	-0.107013	0.000450889	0.999965	0.00831113	0.107013	-0.00831165	0.994223	2.0928	-0.160722	39.9154	
0.993923	0.000467134	-0.110079	0.000477758	0.999963	0.00855719	0.110079	-0.00855777	0.993886	2.21011	-0.169838	40.9898	
0.993577	0.000493984	-0.113153	0.000505506	0.999961	0.00880422	0.113153	-0.00880488	0.993539	2.33075	-0.179221	42.0638	
0.993222	0.00052167	-0.116233	0.00053414	0.999959	0.00905223	0.116233	-0.00905296	0.993181	2.45471	-0.188871	43.1375	
0.992856	0.000550198	-0.11932	0.000563669	0.999957	0.00930119	0.11932	-0.009302	0.992812	2.582	-0.19879	44.2107	
0.992479	0.000579572	-0.122413	0.000594098	0.999954	0.00955109	0.122413	-0.00955199	0.992433	2.71264	-0.208979	45.2835	
0.992092	0.0006098	-0.125512	0.000625435	0.999952	0.00980193	0.125512	-0.00980291	0.992044	2.84662	-0.219439	46.356	
0.991694	0.000640885	-0.128617	0.000657687	0.999949	0.0100537	0.128617	-0.0100548	0.991643	2.98395	-0.23017	47.428	
0.991286	0.000672833	-0.131728	0.000690859	0.999947	0.0103063	0.131728	-0.0103075	0.991232	3.12464	-0.241174	48.4995	
0.990866	0.000705649	-0.134845	0.00072496	0.999944	0.0105599	0.134845	-0.0105612	0.99081	3.2687	-0.252451	49.5706	
0.990436	0.000739338	-0.137967	0.000759995	0.999941	0.0108143	0.137967	-0.0108157	0.990378	3.41613	-0.264003	50.6413	
0.989996	0.000773905	-0.141095	0.00079597	0.999938	0.0110696	0.141095	-0.0110712	0.989934	3.56693	-0.275831	51.7114	
0.989544	0.000809353	-0.144228	0.000832892	0.999936	0.0113257	0.144227	-0.0113274	0.98948	3.72112	-0.287935	52.7811	
0.989082	0.000845689	-0.147365	0.000870766	0.999933	0.0115827	0.147365	-0.0115846	0.989014	3.8787	-0.300317	53.8503	
0.988608	0.000882915	-0.150508	0.000909599	0.999929	0.0118405	0.150507	-0.0118426	0.988538	4.03967	-0.312977	54.919	
0.988124	0.000921037	-0.153655	0.000949397	0.999926	0.0120992	0.153654	-0.0121013	0.988051	4.20404	-0.325917	55.9871	
0.987629	0.000960058	-0.156806	0.000990164	0.999923	0.0123586	0.156806	-0.012361	0.987552	4.37182	-0.339136	57.0548	
0.987123	0.000999983	-0.159962	0.00103191	0.99992	0.0126188	0.159961	-0.0126214	0.987043	4.543	-0.352637	58.1218	
0.986605	0.00104082	-0.163121	0.00107463	0.999916	0.0128798	0.163121	-0.0128825	0.986522	4.7176	-0.366419	59.1884	
0.986077	0.00108256	-0.166285	0.00111834	0.999913	0.0131415	0.166285	-0.0131445	0.98599	4.89561	-0.380484	60.2543	
0.985538	0.00112522	-0.169452	0.00116304	0.999909	0.013404	0.169452	-0.0134072	0.985447	5.07704	-0.394833	61.3197	
0.984987	0.00116879	-0.172623	0.00120874	0.999906	0.0136672	0.172623	-0.0136707	0.984893	5.2619	-0.409466	62.3845	
0.984426	0.00121329	-0.175797	0.00125544	0.999902	0.0139311	0.175797	-0.0139349	0.984328	5.45019	-0.424384	63.4486	
0.983853	0.00125871	-0.178975	0.00130314	0.999898	0.0141958	0.178974	-0.0141998	0.983751	5.64191	-0.439588	64.5122	
0.983269	0.00130506	-0.182155	0.00135186	0.999895	0.0144611	0.182154	-0.0144654	0.983164	5.83706	-0.455079	65.5751	
0.982674	0.00135234	-0.185338	0.00140159	0.999891	0.0147271	0.185338	-0.0147317	0.982564	6.03566	-0.470857	66.6374	
0.982068	0.00140055	-0.188524	0.00145234	0.999887	0.0149938	0.188523	-0.0149987	0.981954	6.23769	-0.486924	67.6991	
0.98145	0.0014497	-0.191712	0.00150411	0.999882	0.0152611	0.191712	-0.0152664	0.981333	6.44317	-0.503279	68.76	
0.980821	0.00149978	-0.194902	0.00155691	0.999878	0.015529	0.194902	-0.0155347	0.9807	6.6521	-0.519924	69.8203	
0.980182	0.00155081	-0.198095	0.00161074	0.999874	0.0157976	0.198095	-0.0158036	0.980055	6.86448	-0.53686	70.8799	
0.984948	0.00103697	-0.172849	0.00315936	0.999707	0.0240005	0.172823	-0.0241853	0.984656	7.06494	-0.558471	71.9417	
0.989063	0.000307946	-0.147494	0.00449643	0.99947	0.0322388	0.147426	-0.0325494	0.988537	7.23801	-0.589133	73.0081	
0.992524	-0.00063572	-0.122049	0.00562099	0.999163	0.0405065	0.121921	-0.0408897	0.991697	7.38358	-0.628822	74.0783	
0.995328	-0.00179334	-0.0965318	0.0065322	0.998787	0.0487975	0.0963273	-0.0492001	0.994133	7.50153	-0.67751	75.1515	
0.997474	-0.00316408	-0.0709613	0.0072294	0.998342	0.0571059	0.070663	-0.0574746	0.995843	7.59177	-0.735161	76.227	
0.99896	-0.00474692	-0.0453562	0.00771208	0.997828	0.0654255	0.0449471	-0.0657072	0.996826	7.65425	-0.801733	77.3039	
0.999784	-0.00654072	-0.0197352	0.0079799	0.997245	0.0737503	0.0191985	-0.0738918	0.997081	7.68892	-0.877177	78.3815	
0.999946	-0.00854416	0.00588301	0.00803265	0.996594	0.0820741	-0.00656423	-0.0820224	0.996609	7.69575	-0.961439	79.4589	
0.999447	-0.0107558	0.0314797	0.00787029	0.995875	0.090391	-0.0323221	-0.0900932	0.995409	7.67473	-1.05446	80.5355	
0.998285	-0.013174	0.0570363	0.00749295	0.99509	0.0986948	-0.0580564	-0.0980982	0.993482	7.62589	-1.15616	81.6104	
0.996463	-0.015797	0.082534	0.0069009	0.994237	0.10698	-0.0837483	-0.106032	0.99083	7.54925	-1.26648	82.6827	
0.993981	-0.0186229	0.107954	0.00609458	0.993319	0.115239	-0.109379	-0.113888	0.987454	7.44488	-1.38533	83.7519	
0.990842	-0.0216496	0.133279	0.00507456	0.992336	0.123467	-0.13493	-0.12166	0.983358	7.31285	-1.51263	84.817	
0.987047	-0.0248749	0.158488	0.0038416	0.991288	0.131659	-0.160382	-0.129344	0.978544	7.15325	-1.64828	85.8773	
0.9826	-0.0282965	0.183565	0.0023966	0.990176	0.139807	-0.185718	-0.136934	0.973015	6.9662	-1.79219	86.932	
0.977504	-0.0319118	0.208491	0.000740601	0.989001	0.147905	-0.210918	-0.144424	0.966776	6.75185	-1.94425	87.9803	
0.971761	-0.0357183	0.233247	-0.00112517	0.987764	0.155949	-0.235963	-0.151808	0.959831	6.51034	-2.10434	89.0215	
0.965378	-0.0397131	0.257816	-0.00319937	0.986466	0.163932	-0.260837	-0.159081	0.952186	6.24185	-2.27236	90.0548	
0.958357	-0.0438934	0.282179	-0.00548046	0.985108	0.171848	-0.28552	-0.166238	0.943845	5.94658	-2.44817	91.0795	
0.950705	-0.048256	0.306319	-0.0079668	0.983691	0.179692	-0.309995	-0.173274	0.934815	5.62474	-2.63166	92.0948	
0.942427	-0.0527978	0.330218	-0.0106566	0.982215	0.187457	-0.334243	-0.180184	0.925103	5.27657	-2.82268	93.1	
0.933528	-0.0575155	0.353859	-0.0135478	0.980682	0.195139	-0.358247	-0.186961	0.914715	4.90232	-3.0211	94.0943	
0.924017	-0.0624056	0.377225	-0.0166383	0.979093	0.20273	-0.38199	-0.193603	0.90366	4.50227	-3.22677	95.077	
0.913898	-0.0674646	0.400298	-0.019926	0.977449	0.210227	-0.405454	-0.200103	0.891945	4.07671	-3.43954	96.0474	
0.903181	-0.0726887	0.423061	-0.0234084	0.975752	0.217624	-0.428622	-0.206457	0.879579	3.62594	-3.65926	97.0048	
0.891872	-0.0780742	0.445499	-0.0270829	0.974002	0.224914	-0.451477	-0.21266	0.866571	3.1503	-3.88577	97.9485	
0.87998	-0.0836171	0.467594	-0.0309468	0.972201	0.232093	-0.474002	-0.218708	0.85293	2.65014	-4.11889	98.8778	
0.867513	-0.0893134	0.48933	-0.0349974	0.97035	0.239156	-0.496181	-0.224596	0.838666	2.12582	-4.35847	99.792	
0.854481	-0.0951589	0.510692	-0.0392318	0.968451	0.246097	-0.517999	-0.23032	0.82379	1.57772	-4.60433	100.69	
0.840894	-0.101149	0.531664	-0.0436467	0.966505	0.252911	-0.539438	-0.235876	0.808313	1.00624	-4.85628	101.572	
0.82676	-0.10728	0.552231	-0.0482389	0.964512	0.259593	-0.560483	-0.24126	0.792245	0.411801	-5.11414	102.437	
0.812091	-0.113548	0.572377	-0.0530053	0.962476	0.266139	-0.581119	-0.246468	0.775599	-0.205163	-5.37772	103.285	
0.796897	-0.119946	0.592088	-0.0579421	0.960397	0.272544	-0.60133	-0.251496	0.758387	-0.844202	-5.64684	104.114	
