1	0	0	0	1	0	0	0	1	0	0	0	
0.999991	-6.01734e-06	-0.00430738	-6.01734e-06	0.999996	-0.00279395	0.00430738	0.00279395	0.999987	0.00213738	0.00138639	0.99242	
0.999963	-2.409e-05	-0.00861832	-2.40907e-05	0.999984	-0.00559035	0.00861832	0.00559035	0.999947	0.00855128	0.00554679	1.98481	
0.999916	-5.42486e-05	-0.0129326	-5.42512e-05	0.999965	-0.0083891	0.0129326	0.0083891	0.999881	0.0192452	0.0124836	2.97715	
0.999851	-9.65227e-05	-0.0172502	-9.65291e-05	0.999937	-0.0111901	0.0172502	0.0111901	0.999789	0.0342223	0.022199	3.96942	
0.999767	-0.000150941	-0.0215708	-0.000150954	0.999902	-0.0139932	0.0215708	0.0139932	0.999669	0.0534858	0.0346953	4.96157	
0.999665	-0.000217532	-0.0258943	-0.000217554	0.999859	-0.0167984	0.0258943	0.0167984	0.999524	0.0770386	0.0499745	5.9536	
0.999543	-0.000296322	-0.0302206	-0.000296358	0.999808	-0.0196054	0.0302206	0.0196054	0.999351	0.104884	0.0680386	6.94547	
0.999403	-0.000387338	-0.0345493	-0.000387391	0.999749	-0.0224143	0.0345493	0.0224143	0.999152	0.137023	0.0888894	7.93715	
0.999244	-0.000490604	-0.0388805	-0.000490681	0.999682	-0.0252249	0.0388805	0.0252249	0.998925	0.17346	0.112529	8.92862	
0.999066	-0.000606146	-0.043214	-0.000606253	0.999607	-0.0280371	0.043214	0.0280371	0.998672	0.214197	0.138958	9.91986	
0.998869	-0.000733988	-0.0475495	-0.00073413	0.999524	-0.0308508	0.0475495	0.0308508	0.998392	0.259235	0.168179	10.9108	
0.998653	-0.000874152	-0.0518869	-0.000874336	0.999433	-0.0336658	0.0518869	0.0336658	0.998085	0.308576	0.200193	11.9015	
0.998418	-0.00102666	-0.056226	-0.00102689	0.999334	-0.0364822	0.056226	0.0364822	0.997751	0.362223	0.235001	12.8919	
0.998163	-0.00119153	-0.0605667	-0.00119183	0.999227	-0.0392997	0.0605667	0.0392997	0.99739	0.420177	0.272605	13.8819	
0.99789	-0.00136879	-0.0649088	-0.00136915	0.999112	-0.0421182	0.0649088	0.0421182	0.997002	0.48244	0.313006	14.8715	
0.997598	-0.00155846	-0.0692521	-0.0015589	0.998989	-0.0449378	0.0692521	0.0449378	0.996587	0.549012	0.356204	15.8608	
0.997287	-0.00176055	-0.0735966	-0.00176108	0.998857	-0.0477581	0.0735965	0.0477581	0.996144	0.619896	0.402201	16.8496	
0.996956	-0.00197508	-0.0779419	-0.00197571	0.998718	-0.0505792	0.0779419	0.0505793	0.995674	0.695091	0.450997	17.838	
0.996606	-0.00220207	-0.082288	-0.00220281	0.998571	-0.053401	0.082288	0.053401	0.995177	0.774599	0.502594	18.8258	
0.996237	-0.00244154	-0.0866346	-0.0024424	0.998415	-0.0562232	0.0866346	0.0562233	0.994652	0.858421	0.556991	19.8132	
0.995849	-0.0026935	-0.0909817	-0.0026945	0.998252	-0.0590459	0.0909817	0.059046	0.994101	0.946556	0.614189	20.8001	
0.995441	-0.00295796	-0.095329	-0.00295911	0.99808	-0.0618689	0.095329	0.061869	0.993521	1.03901	0.674189	21.7864	
0.995015	-0.00323495	-0.0996765	-0.00323626	0.9979	-0.0646922	0.0996764	0.0646922	0.992915	1.13577	0.73699	22.7721	
0.994569	-0.00352447	-0.104024	-0.00352596	0.997712	-0.0675155	0.104024	0.0675156	0.992281	1.23685	0.802593	23.7571	
0.994103	-0.00382654	-0.108371	-0.00382822	0.997516	-0.0703388	0.108371	0.0703389	0.991619	1.34224	0.870998	24.7416	
0.993618	-0.00414116	-0.112718	-0.00414306	0.997311	-0.073162	0.112718	0.0731621	0.99093	1.45195	0.942205	25.7253	
0.993114	-0.00446835	-0.117064	-0.00447048	0.997099	-0.075985	0.117064	0.0759851	0.990213	1.56597	1.01621	26.7084	
0.992591	-0.00480812	-0.121409	-0.0048105	0.996878	-0.0788076	0.121409	0.0788078	0.989469	1.6843	1.09302	27.6907	
0.992048	-0.00516048	-0.125754	-0.00516312	0.996649	-0.0816298	0.125754	0.08163	0.988697	1.80695	1.17264	28.6723	
0.991486	-0.00552544	-0.130097	-0.00552836	0.996412	-0.0844515	0.130097	0.0844517	0.987898	1.9339	1.25505	29.6532	
0.990904	-0.00590299	-0.134439	-0.00590622	0.996167	-0.0872726	0.134439	0.0872728	0.987071	2.06517	1.34026	30.6332	
0.990303	-0.00629317	-0.13878	-0.00629672	0.995913	-0.0900929	0.13878	0.0900931	0.986217	2.20075	1.42827	31.6123	
0.989683	-0.00669596	-0.14312	-0.00669985	0.995652	-0.0929123	0.143119	0.0929126	0.985335	2.34063	1.51908	32.5906	
0.989043	-0.00711137	-0.147457	-0.00711563	0.995382	-0.0957308	0.147457	0.0957311	0.984425	2.48482	1.61269	33.5681	
0.988384	-0.00753941	-0.151793	-0.00754406	0.995104	-0.0985482	0.151793	0.0985486	0.983487	2.63331	1.70909	34.5446	
0.987705	-0.00798008	-0.156127	-0.00798515	0.994817	-0.101364	0.156126	0.101365	0.982522	2.7861	1.80829	35.5201	
0.987007	-0.00843339	-0.160458	-0.00843889	0.994523	-0.104179	0.160458	0.10418	0.981529	2.94319	1.91029	36.4947	
0.986289	-0.00889934	-0.164787	-0.0089053	0.99422	-0.106993	0.164787	0.106994	0.980509	3.10459	2.01507	37.4683	
0.985552	-0.00937793	-0.169114	-0.00938438	0.993909	-0.109805	0.169114	0.109806	0.979461	3.27027	2.12265	38.4409	
0.984795	-0.00986916	-0.173438	-0.00987612	0.99359	-0.112616	0.173438	0.112616	0.978385	3.44025	2.23302	39.4124	
0.984019	-0.010373	-0.177759	-0.0103805	0.993262	-0.115425	0.177759	0.115425	0.977281	3.61452	2.34618	40.3828	
0.983224	-0.0108895	-0.182077	-0.0108976	0.992926	-0.118232	0.182077	0.118232	0.97615	3.79307	2.46212	41.3521	
0.982409	-0.0114187	-0.186392	-0.0114273	0.992582	-0.121037	0.186392	0.121038	0.974991	3.97591	2.58085	42.3203	
0.981575	-0.0119605	-0.190704	-0.0119698	0.99223	-0.12384	0.190703	0.123841	0.973805	4.16303	2.70236	43.2873	
0.980721	-0.0125149	-0.195012	-0.0125248	0.99187	-0.126641	0.195012	0.126642	0.972591	4.35443	2.82666	44.2531	
0.979848	-0.013082	-0.199317	-0.0130926	0.991501	-0.12944	0.199316	0.129441	0.971349	4.5501	2.95373	45.2178	
0.978955	-0.0136617	-0.203618	-0.013673	0.991124	-0.132236	0.203617	0.132237	0.970079	4.75004	3.08358	46.1811	
0.978043	-0.014254	-0.207914	-0.014266	0.990739	-0.13503	0.207914	0.135032	0.968782	4.95425	3.2162	47.1432	
0.977112	-0.0148589	-0.212207	-0.0148717	0.990345	-0.137822	0.212206	0.137823	0.967457	5.16272	3.35159	48.104	
0.976161	-0.0154765	-0.216496	-0.0154901	0.989944	-0.140611	0.216495	0.140612	0.966105	5.37544	3.48976	49.0635	
0.975191	-0.0161066	-0.22078	-0.0161211	0.989534	-0.143397	0.220779	0.143399	0.964725	5.59242	3.63069	50.0216	
0.974201	-0.0167494	-0.225059	-0.0167647	0.989116	-0.14618	0.225058	0.146182	0.963317	5.81365	3.77438	50.9783	
0.973192	-0.0174047	-0.229334	-0.0174209	0.98869	-0.148961	0.229333	0.148963	0.961882	6.03913	3.92083	51.9336	
0.972164	-0.0180727	-0.233604	-0.0180898	0.988255	-0.151738	0.233603	0.15174	0.960419	6.26884	4.07005	52.8875	
0.971116	-0.0187532	-0.237869	-0.0187713	0.987812	-0.154513	0.237867	0.154515	0.958929	6.50279	4.22202	53.8399	
0.970049	-0.0194462	-0.242128	-0.0194654	0.987362	-0.157284	0.242127	0.157286	0.957411	6.74097	4.37673	54.7908	
0.968963	-0.0201518	-0.246383	-0.020172	0.986903	-0.160051	0.246381	0.160054	0.955866	6.98338	4.5342	55.7402	
0.967858	-0.02087	-0.250631	-0.0208913	0.986435	-0.162816	0.25063	0.162818	0.954293	7.23	4.69442	56.688	
0.966733	-0.0216007	-0.254874	-0.0216231	0.98596	-0.165576	0.254873	0.165579	0.952693	7.48084	4.85737	57.6343	
0.965589	-0.0223439	-0.259112	-0.0223675	0.985476	-0.168333	0.25911	0.168337	0.951065	7.73588	5.02307	58.579	
0.964426	-0.0230996	-0.263343	-0.0231244	0.984985	-0.171087	0.263341	0.17109	0.94941	7.99513	5.19149	59.522	
0.963243	-0.0238678	-0.267568	-0.0238938	0.984485	-0.173836	0.267566	0.17384	0.947728	8.25857	5.36265	60.4634	
0.962042	-0.0246485	-0.271787	-0.0246758	0.983977	-0.176582	0.271785	0.176586	0.946018	8.52621	5.53654	61.4031	
0.959938	-0.0260141	-0.279001	-0.0259668	0.983138	-0.18101	0.279006	0.181003	0.943077	8.79952	5.71398	62.3405	
0.95778	-0.0274136	-0.286194	-0.027292	0.982279	-0.185425	0.286205	0.185407	0.940059	9.07998	5.8958	63.2749	
0.955566	-0.0288468	-0.293364	-0.0286513	0.981399	-0.189827	0.293383	0.189798	0.936965	9.36758	6.08198	64.2063	
0.953296	-0.0303138	-0.300511	-0.0300445	0.980499	-0.194216	0.300538	0.194174	0.933795	9.6623	6.27251	65.1346	
0.950972	-0.0318143	-0.307635	-0.0314716	0.979577	-0.19859	0.30767	0.198535	0.93055	9.9641	6.46738	66.0598	
0.948594	-0.0333484	-0.314734	-0.0329324	0.978635	-0.20295	0.314778	0.202882	0.927229	10.273	6.66657	66.9816	
0.946161	-0.0349157	-0.321809	-0.0344268	0.977673	-0.207295	0.321862	0.207213	0.923833	10.5889	6.87007	67.9001	
0.943673	-0.0365163	-0.328858	-0.0359547	0.976689	-0.211625	0.32892	0.211529	0.920362	10.9118	7.07785	68.8153	
0.941131	-0.0381501	-0.335882	-0.037516	0.975686	-0.215939	0.335953	0.215828	0.916817	11.2417	7.28991	69.7269	
0.933652	-0.0429364	-0.3556	-0.0417221	0.972994	-0.227027	0.355744	0.226801	0.906646	11.585	7.50956	70.6318	
0.925746	-0.0479585	-0.375091	-0.0461676	0.97017	-0.237988	0.375316	0.237634	0.895917	11.9478	7.74003	71.5263	
0.91742	-0.0532134	-0.394345	-0.0508498	0.967215	-0.248816	0.394657	0.248321	0.884637	12.3298	7.98118	72.4098	
0.908679	-0.0586977	-0.413349	-0.0557656	0.964131	-0.259503	0.413755	0.258855	0.872812	12.731	8.23286	73.282	
0.899527	-0.0644081	-0.432092	-0.0609122	0.96092	-0.270043	0.432598	0.26923	0.86045	13.151	8.49492	74.1421	
0.88997	-0.0703411	-0.450561	-0.0662864	0.957583	-0.280429	0.451176	0.279439	0.847558	13.5896	8.76719	74.9896	
0.880015	-0.076493	-0.468746	-0.0718848	0.954124	-0.290655	0.469475	0.289476	0.834144	14.0464	9.0495	75.8242	
0.869667	-0.0828601	-0.486635	-0.077704	0.950543	-0.300715	0.487485	0.299335	0.820217	14.5213	9.3417	76.6451	
0.858932	-0.0894383	-0.504218	-0.0837404	0.946844	-0.310603	0.505196	0.30901	0.805785	15.0139	9.64358	77.452	
0.847818	-0.0962238	-0.521483	-0.0899903	0.943028	-0.320312	0.522595	0.318495	0.790858	15.5239	9.95497	78.2443	
0.836332	-0.103212	-0.53842	-0.0964498	0.939098	-0.329836	0.539673	0.327783	0.775443	16.0511	10.2757	79.0216	
0.824479	-0.110399	-0.555019	-0.103115	0.935057	-0.33917	0.556418	0.33687	0.759551	16.595	10.6055	79.7833	
0.812268	-0.117781	-0.571269	-0.109982	0.930906	-0.348308	0.572821	0.345749	0.743191	17.1554	10.9442	80.529	
0.799706	-0.125352	-0.58716	-0.117046	0.926648	-0.357245	0.588872	0.354416	0.726374	17.7318	11.2917	81.2583	
0.786801	-0.133108	-0.602682	-0.124303	0.922286	-0.365974	0.60456	0.362864	0.70911	18.3241	11.6476	81.9706	
0.773561	-0.141045	-0.617827	-0.131749	0.917823	-0.37449	0.619875	0.371089	0.69141	18.9317	12.0118	82.6656	
0.759994	-0.149157	-0.632584	-0.139378	0.913261	-0.382789	0.63481	0.379086	0.673284	19.5543	12.3841	83.3428	
0.746107	-0.157439	-0.646944	-0.147187	0.908604	-0.390864	0.649353	0.386849	0.654743	20.1915	12.7642	84.0018	
0.731911	-0.165887	-0.660899	-0.155171	0.903853	-0.398712	0.663497	0.394374	0.635799	20.843	13.1519	84.6422	
0.717413	-0.174495	-0.67444	-0.163323	0.899013	-0.406327	0.677232	0.401656	0.616465	21.5084	13.5469	85.2637	
0.702623	-0.183257	-0.687559	-0.171641	0.894085	-0.413704	0.690551	0.408691	0.59675	22.1871	13.949	85.8657	
0.687549	-0.192169	-0.700248	-0.180118	0.889073	-0.42084	0.703444	0.415475	0.576668	22.8789	14.358	86.448	
0.672201	-0.201225	-0.712499	-0.188749	0.883981	-0.427729	0.715905	0.422003	0.556232	23.5832	14.7736	87.0102	
0.656588	-0.21042	-0.724303	-0.197528	0.87881	-0.434367	0.727925	0.428271	0.535453	24.2997	15.1955	87.5519	
0.64072	-0.219747	-0.735655	-0.206452	0.873565	-0.440751	0.739497	0.434275	0.514344	25.0279	15.6236	88.0729	
0.624607	-0.229201	-0.746547	-0.215513	0.868249	-0.446876	0.750613	0.440013	0.492919	25.7673	16.0574	88.5727	
0.608259	-0.238776	-0.756973	-0.224706	0.862864	-0.452739	0.761268	0.445479	0.47119	26.5176	16.4968	89.0511	
