1	0	0	0	1	0	0	0	1	0	0	0	
1	1.33648e-06	-0.000893085	1.33648e-06	0.999996	0.00299294	0.000893085	-0.00299294	0.999995	0.00043053	-0.00144281	0.96414	
0.999998	5.35522e-06	-0.00178748	5.35802e-06	0.999982	0.00599342	0.00178748	-0.00599342	0.99998	0.00172275	-0.00577487	1.92827	
0.999996	1.20706e-05	-0.00268315	1.20818e-05	0.999959	0.00900131	0.00268315	-0.00900131	0.999956	0.00387792	-0.0130034	2.89238	
0.999994	2.14966e-05	-0.00358005	2.15248e-05	0.999928	0.0120165	0.00358005	-0.0120165	0.999921	0.00689723	-0.0231355	3.85646	
0.99999	3.36467e-05	-0.00447813	3.37033e-05	0.999887	0.0150388	0.00447813	-0.0150388	0.999877	0.0107818	-0.0361781	4.82051	
0.999986	4.85343e-05	-0.00537735	4.86334e-05	0.999837	0.0180682	0.00537735	-0.0180682	0.999822	0.0155329	-0.052138	5.78451	
0.99998	6.61719e-05	-0.00627767	6.63309e-05	0.999777	0.0211044	0.00627767	-0.0211044	0.999758	0.0211514	-0.071022	6.74845	
0.999974	8.65721e-05	-0.00717905	8.68111e-05	0.999708	0.0241475	0.00717905	-0.0241475	0.999683	0.0276385	-0.0928366	7.71232	
0.999967	0.000109747	-0.00808144	0.000110089	0.99963	0.0271971	0.00808143	-0.0271971	0.999597	0.0349952	-0.117588	8.67611	
0.99996	0.000135708	-0.00898479	0.000136179	0.999542	0.0302532	0.00898479	-0.0302532	0.999502	0.0432223	-0.145284	9.63982	
0.999951	0.000164466	-0.00988908	0.000165096	0.999445	0.0333157	0.00988907	-0.0333158	0.999396	0.0523208	-0.175928	10.6034	
0.999942	0.000196032	-0.0107942	0.000196853	0.999338	0.0363845	0.0107942	-0.0363845	0.99928	0.0622917	-0.209529	11.5669	
0.999932	0.000230416	-0.0117003	0.000231463	0.999221	0.0394593	0.0117002	-0.0394593	0.999153	0.0731356	-0.246091	12.5303	
0.99992	0.000267629	-0.0126071	0.000268941	0.999095	0.0425402	0.012607	-0.0425402	0.999015	0.0848534	-0.28562	13.4936	
0.999909	0.00030768	-0.0135146	0.000309298	0.998959	0.0456268	0.0135146	-0.0456268	0.998867	0.0974459	-0.328123	14.4567	
0.999896	0.000350578	-0.0144229	0.000352546	0.998812	0.0487192	0.0144229	-0.0487192	0.998708	0.110914	-0.373605	15.4197	
0.999882	0.000396332	-0.0153318	0.000398699	0.998657	0.0518171	0.0153318	-0.0518171	0.998539	0.125258	-0.42207	16.3825	
0.999868	0.000444951	-0.0162414	0.000447766	0.998491	0.0549205	0.0162413	-0.0549205	0.998359	0.140478	-0.473525	17.3451	
0.999853	0.000496441	-0.0171516	0.00049976	0.998315	0.0580291	0.0171515	-0.0580292	0.998168	0.156576	-0.527975	18.3076	
0.999837	0.000550812	-0.0180623	0.000554691	0.998129	0.061143	0.0180622	-0.061143	0.997966	0.173551	-0.585425	19.2699	
0.99982	0.00060807	-0.0189735	0.00061257	0.997933	0.0642619	0.0189734	-0.0642619	0.997753	0.191405	-0.645879	20.232	
0.999802	0.000668221	-0.0198852	0.000673406	0.997727	0.0673856	0.019885	-0.0673857	0.997529	0.210138	-0.709342	21.1938	
0.999783	0.000731273	-0.0207973	0.000737209	0.997511	0.0705142	0.020797	-0.0705143	0.997294	0.229749	-0.77582	22.1555	
0.999764	0.00079723	-0.0217097	0.000803989	0.997284	0.0736474	0.0217095	-0.0736475	0.997048	0.25024	-0.845316	23.1169	
0.999744	0.0008661	-0.0226225	0.000873754	0.997047	0.0767851	0.0226222	-0.0767852	0.996791	0.271611	-0.917835	24.0781	
0.999723	0.000937887	-0.0235356	0.000946512	0.9968	0.0799272	0.0235353	-0.0799273	0.996523	0.293863	-0.993382	25.039	
0.999701	0.00101259	-0.024449	0.00102227	0.996543	0.0830735	0.0244486	-0.0830736	0.996243	0.316994	-1.07196	25.9996	
0.999678	0.00109023	-0.0253625	0.00110104	0.996275	0.0862239	0.025362	-0.086224	0.995953	0.341006	-1.15357	26.96	
0.999654	0.00117079	-0.0262762	0.00118283	0.995997	0.0893782	0.0262757	-0.0893784	0.995651	0.3659	-1.23823	27.9201	
0.999629	0.00125429	-0.0271901	0.00126764	0.995708	0.0925365	0.0271895	-0.0925366	0.995338	0.391674	-1.32592	28.8799	
0.999604	0.00134073	-0.028104	0.00135547	0.995409	0.0956984	0.0281033	-0.0956986	0.995014	0.418329	-1.41666	29.8394	
0.999578	0.0014301	-0.029018	0.00144635	0.9951	0.0988638	0.0290172	-0.0988641	0.994678	0.445865	-1.51046	30.7986	
0.999551	0.00152242	-0.029932	0.00154027	0.99478	0.102033	0.0299311	-0.102033	0.994331	0.474282	-1.6073	31.7574	
0.999523	0.00161768	-0.030846	0.00163723	0.994449	0.105205	0.0308449	-0.105205	0.993972	0.50358	-1.70721	32.7159	
0.999494	0.00171588	-0.0317598	0.00173725	0.994108	0.10838	0.0317587	-0.108381	0.993602	0.53376	-1.81017	33.6741	
0.999464	0.00181704	-0.0326736	0.00184032	0.993756	0.111559	0.0326723	-0.111559	0.993221	0.56482	-1.9162	34.6319	
0.999434	0.00192114	-0.0335872	0.00194645	0.993394	0.11474	0.0335858	-0.11474	0.992828	0.596761	-2.02529	35.5893	
0.999403	0.00202819	-0.0345006	0.00205565	0.99302	0.117924	0.034499	-0.117924	0.992423	0.629583	-2.13745	36.5463	
0.99937	0.00213818	-0.0354138	0.00216791	0.992637	0.121111	0.035412	-0.121111	0.992007	0.663285	-2.25268	37.5029	
0.999337	0.00225113	-0.0363267	0.00228325	0.992242	0.1243	0.0363247	-0.1243	0.99158	0.697867	-2.37099	38.4592	
0.999304	0.00236702	-0.0372393	0.00240166	0.991837	0.127491	0.0372371	-0.127492	0.99114	0.733329	-2.49237	39.415	
0.999269	0.00248586	-0.0381515	0.00252315	0.991421	0.130685	0.0381491	-0.130686	0.99069	0.769671	-2.61683	40.3704	
0.999233	0.00260764	-0.0390633	0.00264771	0.990994	0.133881	0.0390607	-0.133882	0.990227	0.806891	-2.74437	41.3253	
0.999197	0.00273237	-0.0399747	0.00277535	0.990556	0.137079	0.0399718	-0.137079	0.989753	0.844991	-2.87499	42.2798	
0.99916	0.00286003	-0.0408857	0.00290607	0.990108	0.140278	0.0408824	-0.140279	0.989268	0.883968	-3.0087	43.2338	
0.999122	0.00299063	-0.0417961	0.00303987	0.989649	0.143479	0.0417925	-0.143481	0.98877	0.923823	-3.14549	44.1874	
0.999083	0.00312417	-0.0427059	0.00317676	0.989179	0.146682	0.0427021	-0.146683	0.988261	0.964556	-3.28537	45.1405	
0.999043	0.00326064	-0.0436152	0.00331672	0.988698	0.149887	0.043611	-0.149888	0.987741	1.00616	-3.42834	46.093	
0.999003	0.00340004	-0.0445238	0.00345976	0.988206	0.153092	0.0445192	-0.153093	0.987208	1.04865	-3.5744	47.0451	
0.998961	0.00354236	-0.0454318	0.00360589	0.987703	0.156299	0.0454268	-0.1563	0.986664	1.09201	-3.72355	47.9966	
0.998919	0.00368759	-0.0463391	0.00375509	0.98719	0.159506	0.0463337	-0.159508	0.986109	1.13625	-3.87579	48.9477	
0.998876	0.00383574	-0.0472456	0.00390736	0.986665	0.162715	0.0472397	-0.162717	0.985541	1.18135	-4.03113	49.8981	
0.998832	0.0039868	-0.0481513	0.00406272	0.98613	0.165924	0.048145	-0.165926	0.984962	1.22734	-4.18956	50.8481	
0.998787	0.00414077	-0.0490562	0.00422114	0.985584	0.169134	0.0490494	-0.169136	0.984371	1.27419	-4.35108	51.7974	
0.998742	0.00429763	-0.0499603	0.00438263	0.985027	0.172345	0.0499529	-0.172347	0.983769	1.32192	-4.5157	52.7462	
0.998696	0.00445738	-0.0508635	0.00454719	0.984459	0.175556	0.0508555	-0.175558	0.983155	1.37051	-4.68341	53.6944	
0.998649	0.00462001	-0.0517657	0.00471481	0.98388	0.178767	0.0517572	-0.178769	0.982529	1.41998	-4.85422	54.642	
0.998601	0.00478552	-0.052667	0.00488549	0.983291	0.181978	0.0526578	-0.18198	0.981891	1.47032	-5.02813	55.589	
0.998552	0.0049539	-0.0535672	0.00505922	0.98269	0.185189	0.0535574	-0.185192	0.981242	1.52152	-5.20513	56.5354	
0.998502	0.00512514	-0.0544664	0.00523601	0.982079	0.1884	0.0544559	-0.188403	0.980581	1.57359	-5.38523	57.4811	
0.998452	0.00529923	-0.0553646	0.00541583	0.981456	0.19161	0.0553533	-0.191613	0.979908	1.62653	-5.56843	58.4262	
0.998401	0.00547616	-0.0562616	0.0055987	0.980823	0.19482	0.0562495	-0.194824	0.979224	1.68033	-5.75472	59.3706	
0.998388	0.0055205	-0.0564805	0.0059793	0.979485	0.201431	0.0564338	-0.201444	0.977873	1.73465	-5.94575	60.3141	
0.998376	0.00556653	-0.0567003	0.00636125	0.978101	0.208033	0.0566166	-0.208056	0.976477	1.78915	-6.14316	61.2562	
0.998363	0.00561426	-0.0569206	0.00674451	0.976673	0.214628	0.0567977	-0.214661	0.975036	1.84382	-6.34694	62.197	
0.99835	0.00566363	-0.0571413	0.00712906	0.975199	0.221214	0.056977	-0.221257	0.97355	1.89867	-6.55708	63.1364	
0.998337	0.00571461	-0.0573621	0.00751489	0.973681	0.227791	0.0571542	-0.227844	0.972019	1.95369	-6.77358	64.0743	
0.998324	0.00576717	-0.057583	0.00790195	0.972118	0.234359	0.0573291	-0.234421	0.970443	2.00888	-6.99642	65.0107	
0.998311	0.00582127	-0.0578037	0.00829023	0.970511	0.240916	0.0575015	-0.240988	0.968823	2.06423	-7.22561	65.9456	
0.998298	0.00587685	-0.0580239	0.0086797	0.968859	0.247463	0.0576713	-0.247545	0.967158	2.11975	-7.46112	66.8788	
0.998285	0.00593387	-0.0582436	0.00907031	0.967162	0.253998	0.0578382	-0.254091	0.965449	2.17544	-7.70294	67.8105	
0.998272	0.00599228	-0.0584625	0.00946205	0.965422	0.260522	0.0580021	-0.260625	0.963696	2.23128	-7.95107	68.7405	
0.998258	0.00605201	-0.0586804	0.00985487	0.963637	0.267033	0.0581627	-0.267147	0.961899	2.28728	-8.20549	69.6688	
0.998245	0.006113	-0.0588972	0.0102487	0.961808	0.273532	0.0583199	-0.273656	0.960058	2.34343	-8.4662	70.5953	
0.998505	0.00479061	-0.0544576	0.0115704	0.955067	0.296165	0.0534295	-0.296352	0.953583	2.39731	-8.741	71.5178	
0.998741	0.00336331	-0.0500494	0.012776	0.94779	0.318638	0.048508	-0.318876	0.946554	2.44645	-9.0376	72.4339	
0.998955	0.00183193	-0.0456751	0.0138649	0.939984	0.340938	0.0435584	-0.341215	0.938976	2.49084	-9.35582	73.3429	
0.999145	0.000197355	-0.0413372	0.0148364	0.931651	0.363052	0.0385834	-0.363355	0.930851	2.53044	-9.69549	74.2443	
0.999313	-0.00153945	-0.0370382	0.0156899	0.922797	0.384968	0.0335861	-0.385285	0.922186	2.56523	-10.0564	75.1377	
0.999457	-0.0033775	-0.0327807	0.016425	0.913426	0.406673	0.0285692	-0.40699	0.912986	2.59519	-10.4384	76.0224	
0.999578	-0.0053157	-0.0285671	0.0170413	0.903546	0.428153	0.0235357	-0.428459	0.903255	2.62031	-10.8411	76.898	
0.999675	-0.00735294	-0.0243999	0.0175383	0.89316	0.449397	0.0184886	-0.449679	0.892999	2.64057	-11.2645	77.7639	
0.999749	-0.00948804	-0.0202814	0.0179158	0.882275	0.470393	0.0134307	-0.470638	0.882224	2.65596	-11.7081	78.6198	
0.9998	-0.0117197	-0.0162142	0.0181736	0.870898	0.491127	0.008365	-0.491324	0.870937	2.66647	-12.1719	79.465	
0.999827	-0.0140468	-0.0122005	0.0183115	0.859035	0.511589	0.00329445	-0.511724	0.859144	2.67209	-12.6555	80.299	
0.99983	-0.0164678	-0.00824263	0.0183294	0.846693	0.531766	-0.00177802	-0.531827	0.846851	2.67282	-13.1586	81.1215	
0.99981	-0.0189813	-0.00434297	0.0182274	0.833879	0.551646	-0.00684945	-0.55162	0.834067	2.66866	-13.6809	81.9318	
0.999767	-0.021586	-0.00050376	0.0180054	0.820601	0.571218	-0.0119169	-0.571094	0.820798	2.65961	-14.2221	82.7296	
0.9997	-0.0242802	0.00327278	0.0176637	0.806866	0.59047	-0.0169774	-0.590235	0.807053	2.64568	-14.782	83.5144	
0.999609	-0.0270624	0.00698445	0.0172024	0.792682	0.609392	-0.0220281	-0.609034	0.792838	2.62688	-15.3602	84.2857	
0.999495	-0.0299311	0.0106291	0.0166217	0.778058	0.627972	-0.027066	-0.627479	0.778163	2.60321	-15.9563	85.0431	
0.999358	-0.0328845	0.0142046	0.0159221	0.763002	0.6462	-0.0320881	-0.645559	0.763036	2.57469	-16.57	85.7861	
0.999198	-0.0359209	0.0177089	0.0151039	0.747522	0.664065	-0.0370916	-0.663265	0.747465	2.54134	-17.201	86.5143	
0.999014	-0.0390386	0.0211399	0.0141676	0.731629	0.681556	-0.0420736	-0.680585	0.731461	2.50318	-17.8488	87.2273	
0.998807	-0.0422357	0.0244957	0.0131138	0.71533	0.698664	-0.0470311	-0.697509	0.715031	2.46022	-18.5132	87.9246	
0.998578	-0.0455104	0.0277743	0.011943	0.698636	0.715378	-0.0519613	-0.714028	0.698186	2.4125	-19.1937	88.6059	
0.998325	-0.0488608	0.0309738	0.010656	0.681556	0.731688	-0.0568613	-0.730133	0.680935	2.36004	-19.8899	89.2708	
0.99805	-0.0522849	0.0340924	0.00925344	0.6641	0.747587	-0.0617282	-0.745813	0.663289	2.30286	-20.6015	89.9188	
0.997752	-0.0557808	0.0371281	0.00773618	0.646278	0.763063	-0.0665593	-0.76106	0.645257	2.24102	-21.3279	90.5497	
