1	0	0	0	1	0	0	0	1	0	0	0	
0.999996	-4.8778e-06	-0.00294321	-4.8778e-06	0.999995	-0.0033146	0.00294321	0.0033146	0.99999	0.00124715	0.00140452	0.847472	
0.999983	-1.95146e-05	-0.00588608	-1.95252e-05	0.999978	-0.00663242	0.00588608	0.00663242	0.999961	0.00498845	0.00561945	1.69493	
0.999961	-4.39177e-05	-0.00882854	-4.39601e-05	0.99995	-0.00995338	0.00882854	0.00995338	0.999911	0.0112236	0.0126475	2.54235	
0.999931	-7.8094e-05	-0.0117705	-7.82e-05	0.999912	-0.0132774	0.0117705	0.0132774	0.999843	0.0199522	0.0224913	3.38972	
0.999892	-0.00012205	-0.0147119	-0.000122262	0.999862	-0.0166044	0.0147119	0.0166044	0.999754	0.0311738	0.0351533	4.23703	
0.999844	-0.000175791	-0.0176526	-0.000176163	0.999801	-0.0199342	0.0176526	0.0199342	0.999645	0.0448879	0.0506361	5.08425	
0.999788	-0.000239323	-0.0205926	-0.000239918	0.999729	-0.0232668	0.0205926	0.0232668	0.999517	0.0610939	0.068942	5.93137	
0.999723	-0.000312651	-0.0235318	-0.000313544	0.999646	-0.0266022	0.0235318	0.0266022	0.999369	0.0797911	0.0900734	6.77837	
0.99965	-0.00039578	-0.0264701	-0.000397055	0.999552	-0.0299401	0.0264701	0.0299401	0.999201	0.100979	0.114033	7.62524	
0.999567	-0.000488713	-0.0294074	-0.000490467	0.999446	-0.0332806	0.0294074	0.0332806	0.999013	0.124656	0.140822	8.47196	
0.999477	-0.000591453	-0.0323437	-0.000593793	0.999329	-0.0366235	0.0323437	0.0366235	0.998806	0.150823	0.170443	9.31852	
0.999377	-0.000704004	-0.0352788	-0.000707048	0.999201	-0.0399687	0.0352788	0.0399687	0.998578	0.179477	0.202898	10.1649	
0.999269	-0.000826369	-0.0382128	-0.000830244	0.999061	-0.0433162	0.0382127	0.0433162	0.99833	0.210618	0.238189	11.011	
0.999153	-0.00095855	-0.0411454	-0.000963395	0.99891	-0.0466658	0.0411453	0.0466659	0.998063	0.244245	0.276318	11.857	
0.999028	-0.00110055	-0.0440766	-0.00110651	0.998748	-0.0500176	0.0440765	0.0500177	0.997775	0.280357	0.317286	12.7027	
0.998894	-0.00125236	-0.0470065	-0.00125961	0.998574	-0.0533713	0.0470063	0.0533714	0.997468	0.318952	0.361096	13.5482	
0.998751	-0.001414	-0.0499347	-0.0014227	0.998389	-0.0567269	0.0499345	0.0567271	0.99714	0.360029	0.407749	14.3934	
0.998601	-0.00158545	-0.0528614	-0.00159579	0.998192	-0.0600843	0.0528611	0.0600846	0.996793	0.403588	0.457247	15.2383	
0.998441	-0.00176673	-0.0557864	-0.00177889	0.997984	-0.0634435	0.055786	0.0634438	0.996425	0.449626	0.50959	16.0829	
0.998273	-0.00195782	-0.0587096	-0.00197201	0.997764	-0.0668043	0.0587091	0.0668047	0.996037	0.498142	0.564781	16.9272	
0.998097	-0.00215873	-0.061631	-0.00217517	0.997533	-0.0701666	0.0616304	0.0701671	0.99563	0.549134	0.622822	17.7711	
0.997912	-0.00236946	-0.0645505	-0.00238837	0.99729	-0.0735303	0.0645498	0.073531	0.995202	0.602601	0.683712	18.6147	
0.997718	-0.00259	-0.067468	-0.00261162	0.997036	-0.0768955	0.0674671	0.0768962	0.994754	0.658542	0.747454	19.4579	
0.997516	-0.00282035	-0.0703834	-0.00284492	0.99677	-0.0802619	0.0703824	0.0802628	0.994286	0.716954	0.814048	20.3007	
0.997305	-0.00306052	-0.0732966	-0.0030883	0.996492	-0.0836295	0.0732954	0.0836305	0.993798	0.777836	0.883496	21.1432	
0.997086	-0.00331048	-0.0762076	-0.00334175	0.996203	-0.0869982	0.0762063	0.0869994	0.993289	0.841185	0.955798	21.9852	
0.996859	-0.00357025	-0.0791164	-0.00360528	0.995902	-0.0903679	0.0791148	0.0903693	0.992761	0.907001	1.03096	22.8267	
0.996623	-0.00383982	-0.0820227	-0.0038789	0.995589	-0.0937385	0.0820209	0.0937401	0.992212	0.97528	1.10897	23.6678	
0.996379	-0.00411918	-0.0849266	-0.00416261	0.995265	-0.0971099	0.0849245	0.0971117	0.991644	1.04602	1.18984	24.5085	
0.996126	-0.00440833	-0.087828	-0.00445642	0.994929	-0.100482	0.0878255	0.100484	0.991055	1.11922	1.27357	25.3486	
0.995865	-0.00470727	-0.0907267	-0.00476034	0.994581	-0.103855	0.0907239	0.103857	0.990446	1.19488	1.36016	26.1883	
0.995595	-0.00501598	-0.0936228	-0.00507437	0.994221	-0.107228	0.0936196	0.107231	0.989817	1.27299	1.4496	27.0274	
0.995317	-0.00533446	-0.0965161	-0.00539851	0.99385	-0.110602	0.0965125	0.110605	0.989167	1.35356	1.54191	27.8659	
0.995031	-0.0056627	-0.0994066	-0.00573277	0.993467	-0.113976	0.0994026	0.11398	0.988498	1.43658	1.63707	28.704	
0.994736	-0.0060007	-0.102294	-0.00607715	0.993072	-0.117351	0.10229	0.117355	0.987808	1.52204	1.7351	29.5414	
0.994433	-0.00634845	-0.105179	-0.00643166	0.992665	-0.120725	0.105174	0.12073	0.987098	1.60995	1.83598	30.3782	
0.994122	-0.00670595	-0.10806	-0.0067963	0.992246	-0.1241	0.108055	0.124105	0.986368	1.7003	1.93973	31.2145	
0.993802	-0.00707317	-0.110939	-0.00717107	0.991816	-0.127475	0.110932	0.12748	0.985618	1.7931	2.04634	32.0501	
0.993474	-0.00745012	-0.113814	-0.00755596	0.991373	-0.13085	0.113807	0.130856	0.984848	1.88833	2.1558	32.885	
0.993138	-0.00783679	-0.116686	-0.007951	0.990919	-0.134224	0.116678	0.134231	0.984057	1.98599	2.26813	33.7193	
0.992794	-0.00823316	-0.119554	-0.00835617	0.990453	-0.137599	0.119546	0.137606	0.983246	2.08609	2.38332	34.553	
0.992441	-0.00863922	-0.122419	-0.00877147	0.989975	-0.140972	0.12241	0.140981	0.982416	2.18862	2.50137	35.3859	
0.99208	-0.00905497	-0.125281	-0.00919691	0.989485	-0.144346	0.125271	0.144355	0.981565	2.29357	2.62227	36.2181	
0.991711	-0.0094804	-0.128139	-0.00963248	0.988982	-0.147719	0.128128	0.147729	0.980693	2.40094	2.74604	37.0496	
0.991334	-0.00991549	-0.130994	-0.0100782	0.988468	-0.151091	0.130981	0.151102	0.979802	2.51074	2.87267	37.8803	
0.990948	-0.0103602	-0.133844	-0.010534	0.987942	-0.154463	0.133831	0.154475	0.978891	2.62295	3.00215	38.7103	
0.990555	-0.0108146	-0.136691	-0.011	0.987404	-0.157834	0.136676	0.157847	0.977959	2.73757	3.13449	39.5395	
0.990153	-0.0112786	-0.139534	-0.0114761	0.986854	-0.161204	0.139518	0.161218	0.977007	2.85461	3.26969	40.3679	
0.989743	-0.0117522	-0.142373	-0.0119623	0.986292	-0.164573	0.142356	0.164588	0.976036	2.97405	3.40775	41.1955	
0.989325	-0.0122355	-0.145208	-0.0124587	0.985718	-0.167941	0.145189	0.167957	0.975044	3.09589	3.54866	42.0222	
0.9889	-0.0127283	-0.14804	-0.0129652	0.985132	-0.171307	0.148019	0.171325	0.974032	3.22013	3.69243	42.8481	
0.988466	-0.0132306	-0.150866	-0.0134818	0.984534	-0.174673	0.150844	0.174692	0.973	3.34677	3.83905	43.6731	
0.988024	-0.0137426	-0.153689	-0.0140085	0.983924	-0.178037	0.153665	0.178058	0.971948	3.47581	3.98852	44.4973	
0.987574	-0.0142641	-0.156507	-0.0145453	0.983302	-0.1814	0.156482	0.181422	0.970876	3.60723	4.14085	45.3205	
0.987116	-0.0147951	-0.159322	-0.0150922	0.982668	-0.184761	0.159294	0.184785	0.969783	3.74103	4.29602	46.1429	
0.98665	-0.0153356	-0.162131	-0.0156492	0.982021	-0.188121	0.162101	0.188146	0.968671	3.87722	4.45405	46.9643	
0.986176	-0.0158856	-0.164936	-0.0162163	0.981363	-0.191479	0.164904	0.191506	0.967539	4.01578	4.61492	47.7847	
0.986136	-0.0159331	-0.165173	-0.0170588	0.980372	-0.196417	0.16506	0.196511	0.966508	4.1556	4.77934	48.6042	
0.986095	-0.0159825	-0.165413	-0.0179038	0.979354	-0.201359	0.165216	0.201521	0.96545	4.29555	4.948	49.4229	
0.986053	-0.016034	-0.165656	-0.0187512	0.978308	-0.206306	0.165371	0.206535	0.964363	4.43564	5.12091	50.2406	
0.986011	-0.0160875	-0.165903	-0.019601	0.977234	-0.211257	0.165525	0.211553	0.963248	4.57585	5.29807	51.0574	
0.985968	-0.0161431	-0.166153	-0.0204531	0.976133	-0.21621	0.165677	0.216574	0.962105	4.71619	5.47949	51.8733	
0.985924	-0.0162007	-0.166406	-0.0213074	0.975003	-0.221166	0.165829	0.221598	0.960934	4.85666	5.66516	52.6881	
0.98588	-0.0162604	-0.166661	-0.0221638	0.973847	-0.226123	0.165979	0.226624	0.959736	4.99726	5.85509	53.502	
0.985835	-0.0163221	-0.16692	-0.0230223	0.972662	-0.231082	0.166128	0.231652	0.958509	5.13799	6.04927	54.3148	
0.98579	-0.0163859	-0.167181	-0.0238829	0.971449	-0.236041	0.166275	0.23668	0.957254	5.27884	6.24772	55.1266	
0.985744	-0.0164518	-0.167444	-0.0247453	0.970209	-0.241001	0.166421	0.241709	0.955971	5.41982	6.45044	55.9373	
0.985698	-0.0165197	-0.16771	-0.0256096	0.968942	-0.24596	0.166564	0.246737	0.954661	5.56092	6.65741	56.7469	
0.985651	-0.0165897	-0.167978	-0.0264756	0.967646	-0.250918	0.166706	0.251765	0.953322	5.70214	6.86864	57.5554	
0.985604	-0.0166617	-0.168248	-0.0273434	0.966323	-0.255875	0.166845	0.256792	0.951956	5.84347	7.08414	58.3627	
0.985556	-0.0167358	-0.168519	-0.0282128	0.964972	-0.26083	0.166982	0.261817	0.950562	5.98493	7.30389	59.1689	
0.985508	-0.0168119	-0.168793	-0.0290837	0.963594	-0.265782	0.167116	0.266839	0.949141	6.1265	7.52791	59.9739	
0.98546	-0.01689	-0.169068	-0.0299561	0.962189	-0.270731	0.167248	0.271859	0.947692	6.26818	7.75617	60.7776	
0.985411	-0.01697	-0.169344	-0.0308298	0.960756	-0.275676	0.167376	0.276875	0.946216	6.40998	7.98869	61.5802	
0.985362	-0.017052	-0.169622	-0.0317049	0.959296	-0.280617	0.167502	0.281888	0.944713	6.55188	8.22546	62.3814	
0.985312	-0.017136	-0.1699	-0.0325812	0.957809	-0.285554	0.167625	0.286895	0.943182	6.69388	8.46648	63.1814	
0.985263	-0.0172218	-0.17018	-0.0334586	0.956294	-0.290485	0.167745	0.291898	0.941625	6.83599	8.71173	63.9801	
0.985213	-0.0173095	-0.17046	-0.0343371	0.954753	-0.29541	0.167861	0.296895	0.94004	6.9782	8.96123	64.7774	
0.985162	-0.0173991	-0.170741	-0.0352165	0.953185	-0.30033	0.167973	0.301886	0.938429	7.12051	9.21496	65.5734	
0.985112	-0.0174905	-0.171022	-0.0360968	0.95159	-0.305242	0.168082	0.306871	0.936792	7.26291	9.47291	66.368	
0.985061	-0.0175836	-0.171304	-0.036978	0.949969	-0.310147	0.168187	0.311848	0.935128	7.4054	9.73508	67.1612	
0.985011	-0.0176784	-0.171586	-0.0378598	0.948322	-0.315044	0.168288	0.316818	0.933438	7.54797	10.0015	67.953	
0.98496	-0.0177749	-0.171868	-0.0387422	0.946648	-0.319933	0.168385	0.321779	0.931721	7.69064	10.2721	68.7433	
0.984909	-0.0178731	-0.17215	-0.0396252	0.944948	-0.324812	0.168478	0.326732	0.929979	7.83338	10.5469	69.5322	
0.987712	-0.0120323	-0.15582	-0.041515	0.941011	-0.33582	0.150669	0.338162	0.928948	7.96862	10.8286	70.3199	
0.990202	-0.00599211	-0.139512	-0.0431935	0.936939	-0.346813	0.132792	0.349441	0.927501	8.08873	11.12	71.1066	
0.992378	0.000244872	-0.123233	-0.0446599	0.932735	-0.357786	0.114856	0.360562	0.925637	8.19368	11.4209	71.8919	
0.994238	0.00667583	-0.106991	-0.0459136	0.9284	-0.368734	0.0968687	0.371522	0.923357	8.2834	11.7311	72.6754	
0.995781	0.0132979	-0.0907922	-0.046954	0.923936	-0.379653	0.0788376	0.382315	0.920663	8.35785	12.0505	73.4568	
0.997007	0.020108	-0.0746444	-0.0477807	0.919346	-0.390538	0.0607711	0.392936	0.917556	8.41701	12.379	74.2357	
0.997916	0.0271032	-0.0585549	-0.0483933	0.914631	-0.401384	0.0426773	0.403381	0.914036	8.46085	12.7165	75.0119	
0.998507	0.0342804	-0.0425308	-0.0487914	0.909793	-0.412185	0.0245644	0.413645	0.910107	8.48934	13.0627	75.7849	
0.998779	0.0416362	-0.0265793	-0.048975	0.904834	-0.422938	0.00644037	0.423723	0.905769	8.50248	13.4175	76.5544	
0.998733	0.0491674	-0.0107076	-0.048944	0.899758	-0.433636	-0.0116865	0.433611	0.901024	8.50026	13.7808	77.32	
0.998369	0.0568706	0.00507716	-0.0486983	0.894565	-0.444276	-0.0298081	0.443304	0.895875	8.48267	14.1524	78.0814	
0.997686	0.0647424	0.0207679	-0.048238	0.889259	-0.454853	-0.0479164	0.452799	0.890324	8.44974	14.5322	78.8383	
0.996685	0.0727792	0.0363577	-0.0475635	0.883842	-0.465362	-0.0660031	0.46209	0.884374	8.40146	14.9198	79.5904	
0.995367	0.0809774	0.0518394	-0.0466749	0.878315	-0.475798	-0.0840602	0.471174	0.878026	8.33787	15.3153	80.3372	
0.993732	0.0893333	0.0672061	-0.0455727	0.872683	-0.486156	-0.10208	0.480046	0.871284	8.259	15.7184	81.0785	
