1	0	0	0	1	0	0	0	1	0	0	0	
0.999996	-5.29677e-07	-0.00282747	-5.29677e-07	1	-0.000374664	0.00282747	0.000374664	0.999996	0.00119311	0.000158097	0.843938	
0.999984	-2.12133e-06	-0.00566104	-2.1174e-06	1	-0.000748748	0.00566104	0.000748748	0.999984	0.004775	0.000632143	1.68787	
0.999964	-4.7778e-06	-0.00850063	-4.76204e-06	0.999999	-0.00112223	0.00850063	0.00112223	0.999963	0.0107508	0.00142164	2.53179	
0.999936	-8.5018e-06	-0.0113461	-8.46233e-06	0.999999	-0.0014951	0.0113461	0.0014951	0.999935	0.0191255	0.00252607	3.37568	
0.999899	-1.32959e-05	-0.0141975	-1.32168e-05	0.999998	-0.00186733	0.0141975	0.00186733	0.999897	0.0299042	0.00394492	4.21955	
0.999855	-1.91625e-05	-0.0170545	-1.90238e-05	0.999997	-0.00223891	0.0170545	0.0022389	0.999852	0.0430916	0.00567762	5.06339	
0.999802	-2.61039e-05	-0.0199172	-2.58815e-05	0.999997	-0.00260981	0.0199172	0.00260981	0.999798	0.0586925	0.00772364	5.90718	
0.99974	-3.41222e-05	-0.0227854	-3.3788e-05	0.999996	-0.00298003	0.0227854	0.00298003	0.999736	0.0767118	0.0100824	6.75092	
0.999671	-4.32195e-05	-0.0256591	-4.2741e-05	0.999994	-0.00334954	0.0256591	0.00334953	0.999665	0.0971539	0.0127533	7.59461	
0.999593	-5.33976e-05	-0.0285381	-5.27384e-05	0.999993	-0.00371833	0.0285381	0.00371832	0.999586	0.120024	0.0157357	8.43823	
0.999506	-6.46582e-05	-0.0314224	-6.37776e-05	0.999992	-0.00408637	0.0314224	0.00408636	0.999498	0.145325	0.019029	9.28179	
0.999411	-7.70028e-05	-0.0343119	-7.5856e-05	0.99999	-0.00445366	0.0343119	0.00445364	0.999401	0.173063	0.0226326	10.1253	
0.999308	-9.04331e-05	-0.0372063	-8.89707e-05	0.999988	-0.00482018	0.0372063	0.00482015	0.999296	0.203242	0.0265459	10.9687	
0.999195	-0.00010495	-0.0401058	-0.000103119	0.999987	-0.0051859	0.0401058	0.00518586	0.999182	0.235865	0.0307681	11.812	
0.999075	-0.000120555	-0.0430101	-0.000118297	0.999985	-0.00555081	0.0430101	0.00555076	0.999059	0.270937	0.0352987	12.6551	
0.998945	-0.000137249	-0.0459192	-0.000134503	0.999982	-0.0059149	0.0459193	0.00591484	0.998928	0.308463	0.0401368	13.4982	
0.998807	-0.000155033	-0.048833	-0.000151732	0.99998	-0.00627815	0.048833	0.00627806	0.998787	0.348446	0.0452819	14.3412	
0.99866	-0.000173908	-0.0517514	-0.00016998	0.999978	-0.00664053	0.0517514	0.00664043	0.998638	0.390889	0.0507331	15.1841	
0.998504	-0.000193874	-0.0546742	-0.000189245	0.999975	-0.00700205	0.0546743	0.00700192	0.99848	0.435798	0.0564897	16.0268	
0.99834	-0.000214932	-0.0576015	-0.000209522	0.999973	-0.00736267	0.0576015	0.00736251	0.998313	0.483175	0.0625511	16.8694	
0.998166	-0.000237082	-0.060533	-0.000230808	0.99997	-0.00772239	0.060533	0.0077222	0.998136	0.533024	0.0689164	17.7118	
0.997984	-0.000260324	-0.0634688	-0.000253097	0.999967	-0.00808118	0.0634688	0.00808095	0.997951	0.585349	0.0755849	18.5541	
0.997792	-0.000284659	-0.0664086	-0.000276386	0.999964	-0.00843904	0.0664086	0.00843877	0.997757	0.640153	0.0825557	19.3962	
0.997592	-0.000310086	-0.0693524	-0.000300669	0.999961	-0.00879594	0.0693525	0.00879562	0.997553	0.69744	0.0898281	20.2382	
0.997383	-0.000336606	-0.0723002	-0.000325944	0.999958	-0.00915188	0.0723002	0.00915149	0.997341	0.757214	0.0974012	21.08	
0.997165	-0.000364217	-0.0752517	-0.000352203	0.999955	-0.00950683	0.0752518	0.00950638	0.997119	0.819476	0.105274	21.9216	
0.996937	-0.00039292	-0.078207	-0.000379443	0.999951	-0.00986078	0.078207	0.00986025	0.996888	0.884231	0.113446	22.763	
0.996701	-0.000422713	-0.0811658	-0.000407659	0.999948	-0.0102137	0.0811659	0.0102131	0.996648	0.951482	0.121917	23.6042	
0.996455	-0.000453597	-0.0841282	-0.000436844	0.999944	-0.0105656	0.0841283	0.0105649	0.996399	1.02123	0.130684	24.4452	
0.9962	-0.00048557	-0.0870941	-0.000466995	0.99994	-0.0109165	0.0870942	0.0109157	0.99614	1.09348	0.139749	25.286	
0.995936	-0.000518632	-0.0900632	-0.000498104	0.999936	-0.0112663	0.0900633	0.0112654	0.995872	1.16824	0.149108	26.1266	
0.995663	-0.00055278	-0.0930356	-0.000530167	0.999932	-0.011615	0.0930357	0.011614	0.995595	1.2455	0.158763	26.9669	
0.99538	-0.000588015	-0.0960111	-0.000563178	0.999928	-0.0119627	0.0960112	0.0119615	0.995308	1.32527	0.168711	27.807	
0.995088	-0.000624334	-0.0989896	-0.000597131	0.999924	-0.0123092	0.0989898	0.0123079	0.995012	1.40756	0.178952	28.6469	
0.994787	-0.000661737	-0.101971	-0.000632019	0.99992	-0.0126546	0.101971	0.0126531	0.994707	1.49236	0.189485	29.4865	
0.994477	-0.000700221	-0.104955	-0.000667836	0.999915	-0.0129989	0.104956	0.0129972	0.994392	1.57967	0.200308	30.3258	
0.994157	-0.000739785	-0.107942	-0.000704577	0.999911	-0.0133421	0.107943	0.0133402	0.994068	1.66951	0.211422	31.1649	
0.993828	-0.000780427	-0.110932	-0.000742234	0.999906	-0.0136841	0.110932	0.013682	0.993734	1.76187	0.222824	32.0037	
0.993489	-0.000822145	-0.113924	-0.000780801	0.999901	-0.0140249	0.113925	0.0140226	0.99339	1.85675	0.234515	32.8422	
0.993141	-0.000864937	-0.116919	-0.000820271	0.999896	-0.0143646	0.116919	0.0143619	0.993038	1.95416	0.246492	33.6804	
0.992784	-0.0009088	-0.119916	-0.000860638	0.999892	-0.014703	0.119917	0.0147001	0.992675	2.0541	0.258756	34.5183	
0.992417	-0.000953733	-0.122915	-0.000901894	0.999886	-0.0150403	0.122916	0.0150371	0.992303	2.15657	0.271304	35.3559	
0.99204	-0.000999733	-0.125917	-0.000944032	0.999881	-0.0153763	0.125917	0.0153727	0.991922	2.26157	0.284136	36.1932	
0.991654	-0.0010468	-0.12892	-0.000987045	0.999876	-0.015711	0.128921	0.0157072	0.99153	2.3691	0.297251	37.0302	
0.991259	-0.00109492	-0.131926	-0.00103093	0.999871	-0.0160446	0.131926	0.0160403	0.99113	2.47917	0.310647	37.8668	
0.990854	-0.00114411	-0.134933	-0.00107567	0.999865	-0.0163768	0.134934	0.0163722	0.990719	2.59178	0.324324	38.7031	
0.99044	-0.00119435	-0.137942	-0.00112126	0.99986	-0.0167078	0.137943	0.0167028	0.990299	2.70692	0.338281	39.539	
0.990015	-0.00124564	-0.140953	-0.0011677	0.999854	-0.0170376	0.140954	0.017032	0.98987	2.82461	0.352516	40.3746	
0.989582	-0.00129798	-0.143966	-0.00121497	0.999848	-0.017366	0.143966	0.01736	0.98943	2.94484	0.367028	41.2098	
0.989139	-0.00135137	-0.14698	-0.00126308	0.999843	-0.0176931	0.14698	0.0176865	0.988981	3.06761	0.381817	42.0446	
0.988686	-0.00140581	-0.149995	-0.001312	0.999837	-0.0180189	0.149996	0.0180118	0.988523	3.19292	0.396881	42.879	
0.988223	-0.00146128	-0.153011	-0.00136174	0.999831	-0.0183433	0.153012	0.0183356	0.988054	3.32078	0.412218	43.7131	
0.987751	-0.00151779	-0.156029	-0.00141228	0.999825	-0.0186664	0.15603	0.0186581	0.987576	3.45119	0.427828	44.5468	
0.98727	-0.00157532	-0.159048	-0.00146362	0.999819	-0.0189882	0.159049	0.0189792	0.987088	3.58414	0.44371	45.38	
0.986778	-0.00163389	-0.162068	-0.00151575	0.999812	-0.0193086	0.162069	0.0192989	0.986591	3.71965	0.459863	46.2128	
0.986277	-0.00169348	-0.165089	-0.00156866	0.999806	-0.0196276	0.16509	0.0196172	0.986083	3.8577	0.476284	47.0452	
0.985767	-0.0017541	-0.16811	-0.00162233	0.9998	-0.0199452	0.168111	0.019934	0.985566	3.9983	0.492973	47.8772	
0.985276	-0.00180779	-0.170963	-0.00115152	0.999851	-0.0172089	0.170969	0.0171524	0.985127	4.14138	0.508623	48.7088	
0.984775	-0.00185357	-0.173824	-0.000672507	0.999895	-0.0144723	0.173832	0.0143689	0.98467	4.28688	0.521924	49.54	
0.984264	-0.00189137	-0.176692	-0.000185268	0.999931	-0.0117356	0.176702	0.0115837	0.984196	4.43479	0.532875	50.3708	
0.983744	-0.00192114	-0.179567	0.000310208	0.999959	-0.00899889	0.179577	0.0087969	0.983705	4.58513	0.541475	51.2012	
0.983214	-0.00194283	-0.182448	0.000813931	0.99998	-0.0062622	0.182457	0.00600858	0.983196	4.7379	0.547722	52.0312	
0.982673	-0.00195639	-0.185336	0.00132591	0.999993	-0.00352569	0.185341	0.00321886	0.982669	4.8931	0.551616	52.8607	
0.982123	-0.00196176	-0.188229	0.00184616	0.999998	-0.000789464	0.18823	0.00042785	0.982125	5.05073	0.553155	53.6898	
0.981563	-0.0019589	-0.191128	0.00237468	0.999995	0.00194637	0.191123	-0.00236435	0.981563	5.21081	0.552338	54.5184	
0.980993	-0.00194777	-0.194032	0.00291148	0.999985	0.0046817	0.19402	-0.00515764	0.980984	5.37333	0.549164	55.3465	
0.980414	-0.00192833	-0.19694	0.00345656	0.999967	0.00741643	0.19692	-0.00795191	0.980387	5.53829	0.543632	56.1742	
0.979824	-0.00190054	-0.199853	0.00400993	0.99994	0.0101505	0.199822	-0.0107471	0.979773	5.70571	0.535742	57.0013	
0.979225	-0.00186437	-0.20277	0.0045716	0.999907	0.0128837	0.202727	-0.013543	0.979142	5.87557	0.525492	57.8279	
0.978615	-0.0018198	-0.20569	0.00514155	0.999865	0.015616	0.205634	-0.0163396	0.978493	6.04789	0.512882	58.654	
0.977996	-0.00176678	-0.208614	0.0057198	0.999815	0.0183472	0.208543	-0.0191368	0.977826	6.22266	0.497912	59.4795	
0.977368	-0.0017053	-0.21154	0.00630634	0.999758	0.0210774	0.211453	-0.0219344	0.977142	6.39988	0.480582	60.3044	
0.976729	-0.00163534	-0.214469	0.00690116	0.999693	0.0238064	0.214364	-0.0247325	0.976441	6.57956	0.460889	61.1288	
0.976081	-0.00155688	-0.2174	0.00750427	0.99962	0.026534	0.217276	-0.0275308	0.975722	6.7617	0.438836	61.9525	
0.975424	-0.0014699	-0.220332	0.00811565	0.999539	0.0292603	0.220188	-0.0303293	0.974986	6.9463	0.414421	62.7757	
0.974757	-0.00137439	-0.223266	0.0087353	0.99945	0.031985	0.223099	-0.0331279	0.974233	7.13335	0.387644	63.5982	
0.97408	-0.00127034	-0.226201	0.00936321	0.999354	0.0347081	0.22601	-0.0359264	0.973462	7.32286	0.358505	64.4201	
0.973394	-0.00115774	-0.229136	0.00999938	0.999249	0.0374295	0.228921	-0.0387249	0.972674	7.51483	0.327004	65.2413	
0.972698	-0.0010366	-0.232072	0.0106438	0.999137	0.0401492	0.23183	-0.0415231	0.97187	7.70926	0.293142	66.0618	
0.971993	-0.000906907	-0.235007	0.0112964	0.999017	0.0428669	0.234737	-0.0443211	0.971048	7.90613	0.256918	66.8817	
0.971279	-0.000768669	-0.237942	0.0119573	0.998889	0.0455827	0.237642	-0.0471186	0.970209	8.10546	0.218333	67.7008	
0.970556	-0.000621889	-0.240876	0.0126263	0.998753	0.0482963	0.240545	-0.0499157	0.969354	8.30724	0.177388	68.5193	
0.969823	-0.000466578	-0.243808	0.0133035	0.99861	0.0510079	0.243445	-0.0527121	0.968481	8.51147	0.134082	69.337	
0.969082	-0.000302747	-0.246739	0.0139889	0.998458	0.0537171	0.246343	-0.0555079	0.967592	8.71815	0.0884163	70.1539	
0.968331	-0.00013041	-0.249668	0.0146824	0.998299	0.056424	0.249236	-0.0583029	0.966686	8.92727	0.0403915	70.9701	
0.968466	-0.000167717	-0.249144	0.01993	0.996847	0.0768002	0.248346	-0.0793439	0.965416	9.13724	-0.0176934	71.7855	
0.968601	-0.000216421	-0.248622	0.0251577	0.994952	0.0971452	0.247346	-0.10035	0.963717	9.34642	-0.0935215	72.5995	
0.968734	-0.000276499	-0.2481	0.030363	0.992615	0.11745	0.246235	-0.121311	0.961588	9.5547	-0.187059	73.412	
0.968868	-0.000347925	-0.247579	0.0355438	0.989835	0.137705	0.245015	-0.142218	0.959032	9.762	-0.298264	74.2224	
0.969	-0.000430667	-0.24706	0.0406977	0.986616	0.157902	0.243685	-0.163061	0.956048	9.96822	-0.427087	75.0306	
0.969132	-0.000524688	-0.246543	0.0458225	0.982957	0.178031	0.242248	-0.183833	0.952639	10.1733	-0.573472	75.836	
0.969263	-0.000629947	-0.246027	0.0509157	0.978862	0.198084	0.240702	-0.204522	0.948806	10.3771	-0.737351	76.6384	
0.969393	-0.000746396	-0.245514	0.0559753	0.974331	0.218051	0.239049	-0.22512	0.944551	10.5795	-0.918654	77.4374	
0.969522	-0.000873984	-0.245004	0.0609988	0.969366	0.237925	0.23729	-0.245618	0.939875	10.7805	-1.1173	78.2326	
0.96965	-0.00101265	-0.244495	0.0659841	0.963971	0.257695	0.235425	-0.266007	0.934781	10.98	-1.3332	79.0236	
0.969777	-0.00116234	-0.24399	0.070929	0.958146	0.277354	0.233456	-0.286277	0.92927	11.1779	-1.56625	79.8102	
0.969903	-0.00132299	-0.243488	0.0758313	0.951895	0.296892	0.231382	-0.30642	0.923346	11.374	-1.81636	80.592	
0.970028	-0.00149451	-0.242989	0.0806887	0.945221	0.316301	0.229206	-0.326427	0.917012	11.5684	-2.08342	81.3686	
0.970151	-0.00167684	-0.242494	0.0854992	0.938127	0.335571	0.226927	-0.346288	0.910268	11.7609	-2.36729	82.1397	
