1	0	0	0	1	0	0	0	1	0	0	0	
0.999998	-2.62869e-06	0.00219292	-2.62869e-06	0.999997	0.00239743	-0.00219292	-0.00239743	0.999995	-0.000847821	-0.000926884	0.773231	
0.99999	-1.05307e-05	0.00438895	-1.05326e-05	0.999988	0.00479913	-0.00438895	-0.00479913	0.999979	-0.00339248	-0.00370919	1.54645	
0.999978	-2.37301e-05	0.00658801	-2.37379e-05	0.999974	0.00720504	-0.00658801	-0.00720504	0.999952	-0.00763635	-0.0083502	2.31966	
0.999961	-4.22506e-05	0.00879004	-4.22701e-05	0.999954	0.0096151	-0.00879004	-0.0096151	0.999915	-0.0135818	-0.0148531	3.09284	
0.99994	-6.61155e-05	0.010995	-6.61547e-05	0.999928	0.0120292	-0.010995	-0.0120292	0.999867	-0.021231	-0.0232212	3.86599	
0.999913	-9.53479e-05	0.0132028	-9.54166e-05	0.999896	0.0144474	-0.0132028	-0.0144474	0.999808	-0.0305862	-0.0334575	4.6391	
0.999881	-0.00012997	0.0154134	-0.00013008	0.999858	0.0168695	-0.0154134	-0.0168695	0.999739	-0.0416497	-0.0455652	5.41216	
0.999845	-0.000170005	0.0176267	-0.00017017	0.999814	0.0192955	-0.0176267	-0.0192955	0.999658	-0.0544236	-0.0595472	6.18516	
0.999803	-0.000215474	0.0198427	-0.00021571	0.999764	0.0217254	-0.0198427	-0.0217254	0.999567	-0.0689099	-0.0754066	6.95809	
0.999757	-0.000266398	0.0220613	-0.000266724	0.999708	0.024159	-0.0220613	-0.024159	0.999465	-0.0851107	-0.0931462	7.73095	
0.999705	-0.000322799	0.0242825	-0.000323234	0.999646	0.0265963	-0.0242825	-0.0265963	0.999351	-0.103028	-0.112769	8.50372	
0.999649	-0.000384698	0.0265061	-0.000385264	0.999578	0.0290372	-0.0265061	-0.0290372	0.999227	-0.122664	-0.134278	9.27641	
0.999587	-0.000452114	0.0287322	-0.000452836	0.999504	0.0314817	-0.0287322	-0.0314817	0.999091	-0.14402	-0.157676	10.049	
0.99952	-0.000525068	0.0309606	-0.000525972	0.999424	0.0339297	-0.0309606	-0.0339297	0.998945	-0.167098	-0.182965	10.8215	
0.999449	-0.00060358	0.0331914	-0.000604693	0.999338	0.0363812	-0.0331913	-0.0363812	0.998787	-0.1919	-0.210148	11.5938	
0.999372	-0.000687668	0.0354243	-0.000689022	0.999245	0.038836	-0.0354243	-0.038836	0.998617	-0.218428	-0.239228	12.366	
0.99929	-0.000777352	0.0376595	-0.000778979	0.999147	0.0412941	-0.0376595	-0.0412941	0.998437	-0.246683	-0.270208	13.1381	
0.999203	-0.00087265	0.0398968	-0.000874585	0.999042	0.0437555	-0.0398967	-0.0437555	0.998245	-0.276668	-0.303089	13.9101	
0.999111	-0.00097358	0.0421361	-0.000975859	0.998931	0.04622	-0.0421361	-0.04622	0.998042	-0.308383	-0.337875	14.6819	
0.999014	-0.00108016	0.0443775	-0.00108282	0.998813	0.0486877	-0.0443774	-0.0486877	0.997828	-0.341831	-0.374568	15.4535	
0.998912	-0.00119241	0.0466207	-0.00119549	0.99869	0.0511584	-0.0466207	-0.0511584	0.997602	-0.377012	-0.413171	16.225	
0.998804	-0.00131034	0.0488659	-0.00131389	0.99856	0.053632	-0.0488658	-0.0536321	0.997364	-0.413929	-0.453684	16.9963	
0.998692	-0.00143397	0.0511129	-0.00143804	0.998424	0.0561087	-0.0511127	-0.0561088	0.997115	-0.452582	-0.496112	17.7674	
0.998574	-0.00156332	0.0533616	-0.00156795	0.998281	0.0585881	-0.0533614	-0.0585882	0.996855	-0.492974	-0.540456	18.5383	
0.998451	-0.00169841	0.055612	-0.00170365	0.998132	0.0610704	-0.0556118	-0.0610705	0.996583	-0.535104	-0.586718	19.309	
0.998323	-0.00183924	0.057864	-0.00184514	0.997977	0.0635553	-0.0578638	-0.0635555	0.996299	-0.578976	-0.6349	20.0795	
0.998189	-0.00198584	0.0601177	-0.00199246	0.997815	0.0660429	-0.0601174	-0.0660431	0.996004	-0.624589	-0.685005	20.8497	
0.998051	-0.00213821	0.0623728	-0.0021456	0.997647	0.0685332	-0.0623725	-0.0685334	0.995697	-0.671946	-0.737035	21.6197	
0.997907	-0.00229638	0.0646294	-0.0023046	0.997472	0.0710259	-0.0646291	-0.0710262	0.995379	-0.721047	-0.790991	22.3895	
0.997758	-0.00246036	0.0668873	-0.00246947	0.997291	0.0735211	-0.066887	-0.0735214	0.995048	-0.771893	-0.846875	23.1591	
0.997603	-0.00263016	0.0691466	-0.00264022	0.997103	0.0760187	-0.0691463	-0.076019	0.994706	-0.824486	-0.90469	23.9283	
0.997443	-0.00280579	0.0714072	-0.00281688	0.996909	0.0785186	-0.0714068	-0.078519	0.994352	-0.878826	-0.964437	24.6973	
0.997278	-0.00298727	0.073669	-0.00299944	0.996708	0.0810208	-0.0736685	-0.0810212	0.993986	-0.934915	-1.02612	25.4661	
0.997108	-0.00317461	0.0759319	-0.00318794	0.996501	0.0835252	-0.0759314	-0.0835257	0.993609	-0.992752	-1.08973	26.2345	
0.996932	-0.00336783	0.0781959	-0.00338238	0.996287	0.0860317	-0.0781953	-0.0860323	0.993219	-1.05234	-1.15529	27.0026	
0.996751	-0.00356692	0.080461	-0.00358278	0.996066	0.0885403	-0.0804603	-0.0885409	0.992818	-1.11368	-1.22278	27.7705	
0.996565	-0.00377192	0.082727	-0.00378915	0.995839	0.0910508	-0.0827262	-0.0910516	0.992404	-1.17677	-1.29221	28.538	
0.996374	-0.00398282	0.0849939	-0.00400151	0.995605	0.0935634	-0.084993	-0.0935642	0.991979	-1.24161	-1.36359	29.3052	
0.996177	-0.00419964	0.0872616	-0.00421987	0.995365	0.0960778	-0.0872607	-0.0960786	0.991541	-1.30821	-1.43691	30.072	
0.995974	-0.00442239	0.0895302	-0.00444423	0.995118	0.0985939	-0.0895291	-0.0985949	0.991092	-1.37656	-1.51217	30.8386	
0.995767	-0.00465107	0.0917995	-0.00467462	0.994864	0.101112	-0.0917983	-0.101113	0.990631	-1.44666	-1.58938	31.6047	
0.995554	-0.00488571	0.0940694	-0.00491105	0.994604	0.103631	-0.0940681	-0.103633	0.990157	-1.51852	-1.66854	32.3705	
0.995335	-0.0051263	0.09634	-0.00515352	0.994336	0.106153	-0.0963385	-0.106154	0.989672	-1.59214	-1.74965	33.136	
0.995112	-0.00537286	0.0986111	-0.00540205	0.994063	0.108675	-0.0986095	-0.108677	0.989174	-1.66751	-1.83271	33.901	
0.994882	-0.00562539	0.100883	-0.00565666	0.993782	0.1112	-0.100881	-0.111201	0.988664	-1.74463	-1.91771	34.6657	
0.994648	-0.00588391	0.103155	-0.00591734	0.993495	0.113725	-0.103153	-0.113727	0.988143	-1.82352	-2.00468	35.43	
0.994408	-0.00614842	0.105427	-0.00618411	0.9932	0.116252	-0.105425	-0.116254	0.987608	-1.90416	-2.09359	36.1938	
0.994163	-0.00641892	0.1077	-0.00645698	0.9929	0.118781	-0.107697	-0.118783	0.987062	-1.98655	-2.18446	36.9573	
0.993912	-0.00669544	0.109973	-0.00673596	0.992592	0.12131	-0.10997	-0.121312	0.986504	-2.07071	-2.27728	37.7203	
0.993656	-0.00697797	0.112246	-0.00702106	0.992277	0.123841	-0.112243	-0.123843	0.985933	-2.15662	-2.37206	38.4828	
0.993394	-0.00726652	0.114519	-0.00731229	0.991956	0.126372	-0.114516	-0.126375	0.98535	-2.24429	-2.4688	39.245	
0.993128	-0.00756109	0.116792	-0.00760965	0.991628	0.128905	-0.116789	-0.128908	0.984755	-2.33371	-2.5675	40.0066	
0.992855	-0.0078617	0.119066	-0.00791316	0.991293	0.131439	-0.119062	-0.131442	0.984148	-2.4249	-2.66816	40.7679	
0.992432	-0.00833071	0.122509	-0.00853613	0.990602	0.136512	-0.122495	-0.136525	0.983034	-2.51829	-2.77176	41.5284	
0.991997	-0.00881803	0.125952	-0.00917697	0.989884	0.141581	-0.125926	-0.141604	0.981881	-2.61433	-2.87929	42.2881	
0.991549	-0.00932366	0.129394	-0.00983566	0.98914	0.146645	-0.129356	-0.146678	0.98069	-2.71303	-2.99074	43.0468	
0.991089	-0.00984762	0.132835	-0.0105122	0.98837	0.151704	-0.132784	-0.151748	0.979459	-2.81437	-3.10612	43.8047	
0.990616	-0.0103899	0.136276	-0.0112066	0.987574	0.156758	-0.136211	-0.156814	0.97819	-2.91837	-3.22541	44.5615	
0.990131	-0.0109505	0.139715	-0.0119189	0.986751	0.161806	-0.139636	-0.161874	0.976882	-3.02502	-3.34862	45.3174	
0.989633	-0.0115295	0.143153	-0.012649	0.985901	0.166848	-0.143058	-0.166929	0.975535	-3.13431	-3.47574	46.0722	
0.989123	-0.0121267	0.146589	-0.0133969	0.985026	0.171884	-0.146478	-0.171979	0.97415	-3.24625	-3.60677	46.826	
0.9886	-0.0127423	0.150023	-0.0141626	0.984124	0.176914	-0.149895	-0.177022	0.972725	-3.36084	-3.7417	47.5787	
0.988065	-0.0133762	0.153455	-0.0149462	0.983196	0.181938	-0.15331	-0.18206	0.971262	-3.47806	-3.88053	48.3303	
0.987517	-0.0140284	0.156884	-0.0157475	0.982242	0.186955	-0.156721	-0.187092	0.96976	-3.59793	-4.02325	49.0807	
0.986957	-0.0146989	0.16031	-0.0165666	0.981262	0.191965	-0.160128	-0.192117	0.96822	-3.72042	-4.16986	49.83	
0.986385	-0.0153877	0.163734	-0.0174035	0.980255	0.196968	-0.163532	-0.197136	0.966641	-3.84556	-4.32035	50.578	
0.985799	-0.0160947	0.167154	-0.0182581	0.979223	0.201963	-0.166932	-0.202147	0.965023	-3.97332	-4.47472	51.3248	
0.985202	-0.0168199	0.170571	-0.0191304	0.978164	0.206951	-0.170328	-0.207152	0.963367	-4.10371	-4.63296	52.0704	
0.984592	-0.0175634	0.173985	-0.0200204	0.97708	0.211931	-0.173719	-0.212149	0.961673	-4.23673	-4.79507	52.8147	
0.983969	-0.018325	0.177394	-0.0209281	0.975969	0.216903	-0.177106	-0.217138	0.95994	-4.37236	-4.96104	53.5576	
0.983334	-0.0191048	0.180799	-0.0218535	0.974832	0.221866	-0.180488	-0.22212	0.958169	-4.51061	-5.13087	54.2992	
0.982687	-0.0199027	0.1842	-0.0227964	0.97367	0.226821	-0.183864	-0.227094	0.956359	-4.65148	-5.30454	55.0393	
0.982028	-0.0207188	0.187596	-0.023757	0.972481	0.231767	-0.187236	-0.232059	0.954511	-4.79495	-5.48206	55.7781	
0.981356	-0.0215529	0.190987	-0.0247351	0.971267	0.236705	-0.190601	-0.237016	0.952625	-4.94103	-5.66341	56.5155	
0.980672	-0.022405	0.194373	-0.0257308	0.970027	0.241632	-0.193961	-0.241963	0.950701	-5.08971	-5.84859	57.2513	
0.979975	-0.0232751	0.197754	-0.026744	0.968761	0.246551	-0.197315	-0.246902	0.948739	-5.24098	-6.03759	57.9857	
0.979267	-0.0241632	0.201129	-0.0277746	0.967469	0.251459	-0.200663	-0.251832	0.946739	-5.39485	-6.23041	58.7185	
0.978546	-0.0250692	0.204499	-0.0288226	0.966152	0.256358	-0.204004	-0.256752	0.944701	-5.5513	-6.42704	59.4498	
0.977813	-0.0259931	0.207862	-0.0298881	0.964809	0.261247	-0.207338	-0.261663	0.942626	-5.71033	-6.62747	60.1794	
0.977068	-0.0269347	0.211219	-0.0309709	0.963441	0.266125	-0.210665	-0.266564	0.940513	-5.87194	-6.83169	60.9075	
0.97631	-0.0278942	0.21457	-0.032071	0.962047	0.270992	-0.213985	-0.271454	0.938362	-6.03611	-7.0397	61.6339	
0.975541	-0.0288714	0.217914	-0.0331885	0.960628	0.275849	-0.217298	-0.276334	0.936174	-6.20286	-7.25148	62.3586	
0.97476	-0.0298662	0.221251	-0.0343231	0.959183	0.280695	-0.220603	-0.281204	0.933948	-6.37216	-7.46704	63.0816	
0.973966	-0.0308786	0.22458	-0.0354749	0.957713	0.285529	-0.2239	-0.286063	0.931685	-6.54401	-7.68635	63.8029	
0.973161	-0.0319086	0.227903	-0.0366439	0.956218	0.290352	-0.227189	-0.29091	0.929385	-6.71841	-7.90942	64.5224	
0.972344	-0.0329561	0.231217	-0.0378299	0.954698	0.295163	-0.23047	-0.295747	0.927048	-6.89535	-8.13623	65.2402	
0.971515	-0.034021	0.234524	-0.0390331	0.953152	0.299962	-0.233742	-0.300572	0.924674	-7.07482	-8.36678	65.9561	
0.970674	-0.0351032	0.237823	-0.0402532	0.951582	0.304749	-0.237005	-0.305385	0.922263	-7.25682	-8.60105	66.6701	
0.969822	-0.0362028	0.241113	-0.0414902	0.949986	0.309524	-0.24026	-0.310187	0.919815	-7.44134	-8.83904	67.3823	
0.968957	-0.0373196	0.244395	-0.0427442	0.948366	0.314286	-0.243505	-0.314976	0.917331	-7.62837	-9.08074	68.0926	
0.968082	-0.0384535	0.247668	-0.0440149	0.94672	0.319035	-0.24674	-0.319753	0.91481	-7.81791	-9.32614	68.8009	
0.967194	-0.0396046	0.250932	-0.0453025	0.94505	0.323771	-0.249966	-0.324517	0.912253	-8.00994	-9.57523	69.5073	
0.966295	-0.0407726	0.254187	-0.0466068	0.943356	0.328494	-0.253182	-0.329269	0.90966	-8.20447	-9.82799	70.2117	
0.964136	-0.0436083	0.261802	-0.0510772	0.937484	0.344259	-0.260447	-0.345284	0.901635	-8.40305	-10.0888	70.912	
0.961916	-0.0465781	0.269347	-0.0556733	0.931336	0.359881	-0.267615	-0.361171	0.893274	-8.60722	-10.3619	71.6059	
0.959636	-0.0496809	0.276821	-0.0603933	0.924912	0.375355	-0.274683	-0.376922	0.884578	-8.81688	-10.6473	72.2933	
0.957298	-0.0529155	0.28422	-0.0652354	0.918214	0.390675	-0.281648	-0.392533	0.875553	-9.03198	-10.9448	72.9738	
0.954901	-0.0562807	0.291542	-0.0701979	0.911247	0.405834	-0.288507	-0.407997	0.8662	-9.25241	-11.2543	73.6472	
0.952447	-0.0597754	0.298784	-0.0752788	0.904011	0.420828	-0.295259	-0.423309	0.856523	-9.47812	-11.5757	74.3133	
