1	0	0	0	1	0	0	0	1	0	0	0	
0.999986	-6.37217e-06	0.00522149	-6.37217e-06	0.999997	0.00244073	-0.00522149	-0.00244073	0.999983	-0.00272942	-0.00127584	1.04545	
0.999945	-2.54968e-05	0.0104431	-2.55102e-05	0.999988	0.0048841	-0.0104431	-0.0048841	0.999934	-0.0109178	-0.00510474	2.09086	
0.999877	-5.73888e-05	0.0156647	-5.74425e-05	0.999973	0.00733001	-0.0156647	-0.00733001	0.99985	-0.0245651	-0.0114894	3.13621	
0.999782	-0.000102063	0.0208861	-0.000102197	0.999952	0.00977838	-0.0208861	-0.00977839	0.999734	-0.0436713	-0.0204325	4.18145	
0.999659	-0.000159532	0.026107	-0.0001598	0.999925	0.0122291	-0.026107	-0.0122291	0.999584	-0.0682359	-0.0319364	5.22655	
0.999509	-0.00022981	0.0313273	-0.00023028	0.999892	0.0146821	-0.0313273	-0.0146821	0.999401	-0.0982585	-0.0460037	6.27148	
0.999332	-0.000312909	0.0365468	-0.00031366	0.999853	0.0171373	-0.0365468	-0.0171373	0.999185	-0.133738	-0.0626367	7.31619	
0.999127	-0.000408841	0.0417652	-0.000409968	0.999808	0.0195946	-0.0417652	-0.0195946	0.998935	-0.174674	-0.0818375	8.36067	
0.998896	-0.000517617	0.0469825	-0.000519227	0.999757	0.0220539	-0.0469824	-0.0220539	0.998652	-0.221065	-0.103608	9.40487	
0.998637	-0.000639248	0.0521983	-0.000641462	0.999699	0.0245151	-0.0521982	-0.0245151	0.998336	-0.27291	-0.127951	10.4487	
0.99835	-0.000773743	0.0574125	-0.000776696	0.999636	0.026978	-0.0574124	-0.0269781	0.997986	-0.330206	-0.154868	11.4923	
0.998037	-0.000921112	0.0626248	-0.000924951	0.999566	0.0294428	-0.0626248	-0.0294429	0.997603	-0.392953	-0.184361	12.5354	
0.997696	-0.00108136	0.0678352	-0.00108625	0.99949	0.0319091	-0.0678351	-0.0319093	0.997186	-0.461148	-0.216432	13.5782	
0.997328	-0.00125451	0.0730434	-0.00126061	0.999408	0.034377	-0.0730433	-0.0343772	0.996736	-0.53479	-0.251082	14.6204	
0.996933	-0.00144055	0.0782492	-0.00144807	0.99932	0.0368463	-0.0782491	-0.0368466	0.996253	-0.613874	-0.288312	15.6622	
0.99651	-0.00163949	0.0834524	-0.00164862	0.999225	0.0393169	-0.0834522	-0.0393173	0.995736	-0.6984	-0.328125	16.7035	
0.996061	-0.00185135	0.0886529	-0.00186231	0.999125	0.0417888	-0.0886526	-0.0417893	0.995186	-0.788365	-0.370522	17.7442	
0.995584	-0.00207612	0.0938503	-0.00208913	0.999018	0.0442619	-0.09385	-0.0442625	0.994602	-0.883764	-0.415504	18.7843	
0.99508	-0.00231382	0.0990446	-0.00232912	0.998905	0.046736	-0.0990442	-0.0467367	0.993985	-0.984595	-0.463072	19.8238	
0.994549	-0.00256444	0.104236	-0.0025823	0.998785	0.0492111	-0.104235	-0.049212	0.993334	-1.09086	-0.513227	20.8627	
0.993991	-0.00282799	0.109423	-0.00284867	0.998659	0.051687	-0.109422	-0.0516882	0.992651	-1.20254	-0.56597	21.9008	
0.993406	-0.00310447	0.114607	-0.00312825	0.998527	0.0541638	-0.114606	-0.0541651	0.991933	-1.31965	-0.621303	22.9382	
0.992794	-0.00339389	0.119786	-0.00342107	0.998389	0.0566412	-0.119785	-0.0566428	0.991183	-1.44217	-0.679225	23.9748	
0.992155	-0.00369624	0.124962	-0.00372713	0.998244	0.0591192	-0.124961	-0.0591211	0.990399	-1.57011	-0.739738	25.0107	
0.991488	-0.00401154	0.130133	-0.00404645	0.998093	0.0615977	-0.130132	-0.0616	0.989581	-1.70345	-0.802843	26.0456	
0.990795	-0.00433977	0.1353	-0.00437904	0.997935	0.0640766	-0.135298	-0.0640793	0.988731	-1.8422	-0.868539	27.0798	
0.990075	-0.00468094	0.140462	-0.00472492	0.997772	0.0665558	-0.14046	-0.0665589	0.987847	-1.98634	-0.936827	28.113	
0.989328	-0.00503505	0.145619	-0.0050841	0.997601	0.0690352	-0.145617	-0.0690388	0.986929	-2.13589	-1.00771	29.1453	
0.988554	-0.0054021	0.150771	-0.0054566	0.997425	0.0715147	-0.150769	-0.0715188	0.985979	-2.29081	-1.08118	30.1765	
0.987753	-0.00578209	0.155918	-0.00584241	0.997242	0.0739942	-0.155915	-0.073999	0.984995	-2.45113	-1.15725	31.2068	
0.986925	-0.00617501	0.161059	-0.00624156	0.997052	0.0764737	-0.161056	-0.0764791	0.983978	-2.61682	-1.23591	32.2361	
0.986071	-0.00658086	0.166194	-0.00665406	0.996856	0.078953	-0.166191	-0.0789591	0.982927	-2.78788	-1.31716	33.2642	
0.98519	-0.00699964	0.171324	-0.00707991	0.996654	0.081432	-0.171321	-0.0814389	0.981844	-2.96431	-1.401	34.2913	
0.984282	-0.00743134	0.176448	-0.00751912	0.996445	0.0839106	-0.176444	-0.0839184	0.980727	-3.14609	-1.48744	35.3172	
0.983347	-0.00787596	0.181565	-0.0079717	0.99623	0.0863888	-0.181561	-0.0863976	0.979577	-3.33323	-1.57647	36.3419	
0.982386	-0.00833349	0.186676	-0.00843766	0.996008	0.0888664	-0.186672	-0.0888762	0.978394	-3.52572	-1.66809	37.3654	
0.981398	-0.00880393	0.191781	-0.00891701	0.99578	0.0913434	-0.191776	-0.0913543	0.977178	-3.72354	-1.7623	38.3876	
0.980384	-0.00928727	0.196879	-0.00940974	0.995545	0.0938195	-0.196873	-0.0938318	0.975929	-3.9267	-1.8591	39.4085	
0.979343	-0.00978351	0.201969	-0.00991588	0.995303	0.0962949	-0.201963	-0.0963084	0.974646	-4.13518	-1.9585	40.4282	
0.978276	-0.0102926	0.207053	-0.0104354	0.995056	0.0987693	-0.207046	-0.0987843	0.973331	-4.34899	-2.06048	41.4464	
0.977182	-0.0108146	0.212129	-0.0109684	0.994801	0.101243	-0.212121	-0.101259	0.971983	-4.5681	-2.16505	42.4633	
0.976062	-0.0113495	0.217198	-0.0115147	0.99454	0.103715	-0.217189	-0.103733	0.970602	-4.79251	-2.2722	43.4787	
0.974915	-0.0118972	0.222258	-0.0120745	0.994273	0.106186	-0.222249	-0.106206	0.969188	-5.02222	-2.38194	44.4927	
0.973742	-0.0124578	0.227311	-0.0126477	0.993999	0.108655	-0.227301	-0.108677	0.967741	-5.25721	-2.49427	45.5052	
0.972543	-0.0130312	0.232356	-0.0132343	0.993718	0.111124	-0.232345	-0.111148	0.966262	-5.49748	-2.60918	46.5162	
0.971318	-0.0136175	0.237393	-0.0138343	0.993431	0.11359	-0.237381	-0.113617	0.96475	-5.74302	-2.72667	47.5256	
0.970067	-0.0142166	0.242421	-0.0144478	0.993138	0.116055	-0.242408	-0.116084	0.963205	-5.99382	-2.84674	48.5334	
0.96879	-0.0148284	0.247441	-0.0150746	0.992837	0.118519	-0.247426	-0.11855	0.961627	-6.24987	-2.96939	49.5395	
0.967486	-0.0154531	0.252451	-0.0157149	0.992531	0.12098	-0.252435	-0.121014	0.960017	-6.51116	-3.09461	50.544	
0.966157	-0.0160905	0.257453	-0.0163686	0.992217	0.12344	-0.257436	-0.123476	0.958374	-6.77768	-3.22242	51.5468	
0.964802	-0.0167407	0.262446	-0.0170357	0.991897	0.125897	-0.262427	-0.125937	0.956699	-7.04943	-3.35279	52.5479	
0.96342	-0.0174037	0.267429	-0.0177163	0.99157	0.128353	-0.267408	-0.128395	0.954991	-7.32639	-3.48574	53.5472	
0.962014	-0.0180794	0.272402	-0.0184102	0.991237	0.130806	-0.27238	-0.130852	0.953251	-7.60855	-3.62125	54.5447	
0.960581	-0.0187678	0.277366	-0.0191176	0.990897	0.133257	-0.277342	-0.133307	0.951478	-7.89591	-3.75934	55.5403	
0.959123	-0.0194689	0.28232	-0.0198383	0.990551	0.135705	-0.282295	-0.135759	0.949673	-8.18845	-3.89999	56.5341	
0.957639	-0.0201827	0.287264	-0.0205725	0.990197	0.138151	-0.287236	-0.138209	0.947836	-8.48616	-4.0432	57.526	
0.956129	-0.0209092	0.292198	-0.02132	0.989838	0.140595	-0.292168	-0.140656	0.945967	-8.78903	-4.18897	58.5159	
0.954594	-0.0216484	0.297121	-0.022081	0.989471	0.143035	-0.297089	-0.143102	0.944066	-9.09705	-4.3373	59.5039	
0.953034	-0.0224001	0.302033	-0.0228553	0.989098	0.145473	-0.301999	-0.145544	0.942132	-9.41021	-4.48818	60.4899	
0.951449	-0.0231645	0.306935	-0.023643	0.988718	0.147908	-0.306899	-0.147984	0.940167	-9.7285	-4.64161	61.4738	
0.949838	-0.0239415	0.311826	-0.024444	0.988332	0.15034	-0.311787	-0.150421	0.93817	-10.0519	-4.7976	62.4557	
0.948201	-0.024731	0.316705	-0.0252584	0.987939	0.152769	-0.316664	-0.152855	0.936141	-10.3804	-4.95613	63.4354	
0.94654	-0.0255331	0.321574	-0.0260862	0.987539	0.155195	-0.321529	-0.155287	0.93408	-10.714	-5.11721	64.4131	
0.944854	-0.0263478	0.32643	-0.0269273	0.987133	0.157617	-0.326383	-0.157715	0.931987	-11.0527	-5.28082	65.3885	
0.943143	-0.0271749	0.331275	-0.0277817	0.98672	0.160036	-0.331225	-0.160141	0.929863	-11.3964	-5.44697	66.3617	
0.942175	-0.0276489	0.333978	-0.0296718	0.985794	0.165317	-0.333805	-0.165667	0.92797	-11.7441	-5.61728	67.3329	
0.9412	-0.0281389	0.336675	-0.0315773	0.984836	0.170588	-0.33637	-0.171189	0.92604	-12.0944	-5.79337	68.302	
0.940218	-0.0286449	0.339366	-0.0334979	0.983847	0.17585	-0.338922	-0.176706	0.924071	-12.4474	-5.97522	69.2691	
0.945384	-0.0257246	0.324942	-0.0404438	0.97992	0.195244	-0.32344	-0.197723	0.925361	-12.7936	-6.17096	70.2359	
0.950307	-0.0224776	0.310502	-0.0470626	0.975555	0.214659	-0.307737	-0.218605	0.926018	-13.1236	-6.38859	71.2038	
0.954983	-0.0189059	0.296057	-0.0533499	0.970752	0.23408	-0.291824	-0.239337	0.926043	-13.437	-6.62799	72.1719	
0.959409	-0.0150121	0.281617	-0.0593014	0.965517	0.253496	-0.275712	-0.259907	0.925436	-13.7337	-6.88897	73.1398	
0.963583	-0.0107989	0.267191	-0.064913	0.959852	0.272892	-0.259411	-0.280298	0.924196	-14.0134	-7.17137	74.1067	
0.967501	-0.00626904	0.25279	-0.0701808	0.953762	0.292256	-0.242933	-0.300499	0.922325	-14.276	-7.47498	75.072	
0.971161	-0.00142571	0.238422	-0.0751013	0.94725	0.311573	-0.226289	-0.320494	0.919824	-14.5213	-7.79961	76.035	
0.974559	0.00372782	0.224098	-0.0796711	0.94032	0.330832	-0.209491	-0.34027	0.916695	-14.7491	-8.14503	76.9951	
0.977695	0.00918801	0.209828	-0.0838871	0.932979	0.350019	-0.192549	-0.359813	0.91294	-14.9593	-8.511	77.9515	
0.980565	0.0149511	0.195622	-0.0877464	0.92523	0.36912	-0.175476	-0.379111	0.908561	-15.1517	-8.89728	78.9037	
0.983169	0.0210133	0.181488	-0.0912464	0.91708	0.388123	-0.158284	-0.39815	0.903561	-15.3262	-9.3036	79.851	
0.985503	0.0273703	0.167438	-0.0943847	0.908532	0.407014	-0.140983	-0.416917	0.897944	-15.4826	-9.72968	80.7928	
0.987566	0.0340178	0.15348	-0.0971591	0.899595	0.425781	-0.123585	-0.435399	0.891714	-15.6209	-10.1752	81.7283	
0.989358	0.0409513	0.139623	-0.0995677	0.890272	0.444412	-0.106104	-0.453584	0.884875	-15.741	-10.64	82.657	
0.990876	0.048166	0.125879	-0.101609	0.880572	0.462892	-0.0885495	-0.471459	0.877431	-15.8428	-11.1235	83.5783	
0.99212	0.0556571	0.112255	-0.103281	0.8705	0.48121	-0.0709348	-0.489012	0.869388	-15.9261	-11.6256	84.4915	
0.993088	0.0634193	0.0987606	-0.104584	0.860063	0.499353	-0.0532717	-0.506231	0.860751	-15.9911	-12.1459	85.3959	
0.993781	0.0714474	0.0854059	-0.105516	0.849269	0.517309	-0.0355722	-0.523104	0.851526	-16.0375	-12.684	86.291	
0.994198	0.079736	0.0721997	-0.106076	0.838125	0.535065	-0.0178484	-0.539619	0.84172	-16.0654	-13.2395	87.1762	
0.994338	0.0882793	0.0591509	-0.106264	0.826638	0.55261	-0.000112394	-0.555767	0.831338	-16.0748	-13.8122	88.0508	
0.994201	0.0970715	0.0462685	-0.10608	0.814816	0.569931	0.0176237	-0.571534	0.820389	-16.0657	-14.4015	88.9142	
0.993788	0.106107	0.0335613	-0.105525	0.802668	0.587016	0.0353477	-0.586911	0.808879	-16.038	-15.007	89.7659	
0.993099	0.115378	0.0210379	-0.104598	0.790202	0.603854	0.0530476	-0.601887	0.796817	-15.9918	-15.6285	90.6053	
0.992134	0.124881	0.00870692	-0.1033	0.777426	0.620434	0.0707112	-0.616453	0.784211	-15.9271	-16.2654	91.4318	
0.990893	0.134607	-0.00342324	-0.101632	0.764349	0.636743	0.0883266	-0.630597	0.771068	-15.8439	-16.9173	92.2449	
0.989378	0.14455	-0.0153443	-0.0995959	0.750979	0.652771	0.105882	-0.64431	0.757399	-15.7424	-17.5838	93.0439	
0.98759	0.154704	-0.0270481	-0.0971919	0.737327	0.668508	0.123364	-0.657583	0.743213	-15.6226	-18.2643	93.8283	
0.98553	0.165062	-0.0385267	-0.0944221	0.723401	0.683941	0.140763	-0.670407	0.728519	-15.4845	-18.9586	94.5977	
0.9832	0.175616	-0.0497721	-0.0912885	0.709211	0.699061	0.158065	-0.682773	0.713328	-15.3283	-19.6659	95.3514	
0.9806	0.186359	-0.0607768	-0.0877931	0.694766	0.713857	0.175259	-0.694673	0.697649	-15.154	-20.386	96.089	
0.977733	0.197284	-0.0715332	-0.0839383	0.680077	0.72832	0.192334	-0.706098	0.681494	-14.9619	-21.1183	96.81	
