1	0	0	0	1	0	0	0	1	0	0	0	
1	-3.61194e-08	0.000259617	-3.61194e-08	1	0.000278251	-0.000259617	-0.000278251	1	-0.000129284	-0.000138563	0.99596	
1	-1.46526e-07	0.000522936	-1.46488e-07	1	0.000560325	-0.000522936	-0.000560325	1	-0.00051898	-0.000556157	1.99192	
1	-3.34304e-07	0.000789945	-3.34151e-07	1	0.000846204	-0.000789945	-0.000846204	0.999999	-0.00117277	-0.00125658	2.98788	
0.999999	-6.02566e-07	0.00106063	-6.02178e-07	0.999999	0.00113587	-0.00106063	-0.00113587	0.999999	-0.00209432	-0.00224361	3.98384	
0.999999	-9.54452e-07	0.00133499	-9.53667e-07	0.999999	0.00142931	-0.00133499	-0.00142931	0.999998	-0.00328729	-0.00352103	4.97979	
0.999999	-1.39313e-06	0.001613	-1.39174e-06	0.999999	0.00172651	-0.001613	-0.00172651	0.999997	-0.00475532	-0.00509256	5.97575	
0.999998	-1.92179e-06	0.00189465	-1.91953e-06	0.999998	0.00202745	-0.00189465	-0.00202745	0.999996	-0.00650206	-0.00696196	6.97171	
0.999998	-2.54365e-06	0.00217993	-2.54022e-06	0.999997	0.00233211	-0.00217993	-0.00233211	0.999995	-0.00853112	-0.00913294	7.96766	
0.999997	-3.26195e-06	0.00246884	-3.25699e-06	0.999997	0.00264048	-0.00246884	-0.00264048	0.999993	-0.0108461	-0.0116092	8.96362	
0.999996	-4.07996e-06	0.00276135	-4.07305e-06	0.999996	0.00295254	-0.00276135	-0.00295254	0.999992	-0.0134506	-0.0143944	9.95957	
0.999995	-5.00096e-06	0.00305745	-4.99163e-06	0.999995	0.00326826	-0.00305745	-0.00326826	0.99999	-0.0163483	-0.0174922	10.9555	
0.999994	-6.02827e-06	0.00335713	-6.01598e-06	0.999994	0.00358764	-0.00335713	-0.00358764	0.999988	-0.0195426	-0.0209063	11.9515	
0.999993	-7.16521e-06	0.00366038	-7.14937e-06	0.999992	0.00391066	-0.00366038	-0.00391066	0.999986	-0.0230372	-0.0246403	12.9474	
0.999992	-8.41514e-06	0.00396718	-8.3951e-06	0.999991	0.00423729	-0.00396718	-0.00423729	0.999983	-0.0268356	-0.0286978	13.9434	
0.999991	-9.78142e-06	0.00427752	-9.75645e-06	0.99999	0.00456752	-0.00427752	-0.00456752	0.99998	-0.0309413	-0.0330825	14.9393	
0.999989	-1.12674e-05	0.00459139	-1.12368e-05	0.999988	0.00490133	-0.00459139	-0.00490133	0.999977	-0.0353578	-0.0377978	15.9352	
0.999988	-1.28766e-05	0.00490878	-1.28393e-05	0.999986	0.00523871	-0.00490878	-0.00523871	0.999974	-0.0400887	-0.0428473	16.9312	
0.999986	-1.46123e-05	0.00522966	-1.45676e-05	0.999984	0.00557962	-0.00522966	-0.00557962	0.999971	-0.0451374	-0.0482346	17.9271	
0.999985	-1.64781e-05	0.00555402	-1.64248e-05	0.999982	0.00592406	-0.00555402	-0.00592406	0.999967	-0.0505075	-0.0539632	18.923	
0.999983	-1.84773e-05	0.00588185	-1.84144e-05	0.99998	0.00627201	-0.00588185	-0.00627201	0.999963	-0.0562023	-0.0600366	19.919	
0.999981	-2.06135e-05	0.00621314	-2.05398e-05	0.999978	0.00662345	-0.00621314	-0.00662345	0.999959	-0.0622254	-0.0664583	20.9149	
0.999979	-2.289e-05	0.00654787	-2.28043e-05	0.999976	0.00697835	-0.00654787	-0.00697835	0.999954	-0.0685801	-0.0732317	21.9108	
0.999976	-2.53105e-05	0.00688603	-2.52115e-05	0.999973	0.00733669	-0.00688603	-0.00733669	0.999949	-0.0752699	-0.0803603	22.9067	
0.999974	-2.78784e-05	0.00722759	-2.77646e-05	0.99997	0.00769847	-0.00722759	-0.00769847	0.999944	-0.0822982	-0.0878475	23.9026	
0.999971	-3.05972e-05	0.00757255	-3.04671e-05	0.999967	0.00806365	-0.00757255	-0.00806365	0.999939	-0.0896684	-0.0956967	24.8985	
0.999969	-3.34704e-05	0.00792089	-3.33225e-05	0.999964	0.00843223	-0.00792089	-0.00843223	0.999933	-0.0973838	-0.103911	25.8944	
0.999966	-3.65017e-05	0.00827259	-3.63342e-05	0.999961	0.00880417	-0.00827259	-0.00880416	0.999927	-0.105448	-0.112495	26.8903	
0.999963	-3.96945e-05	0.00862764	-3.95057e-05	0.999958	0.00917945	-0.00862765	-0.00917945	0.999921	-0.113864	-0.12145	27.8862	
0.99996	-4.30524e-05	0.00898603	-4.28404e-05	0.999954	0.00955807	-0.00898603	-0.00955806	0.999914	-0.122635	-0.130781	28.8821	
0.999956	-4.65789e-05	0.00934772	-4.63417e-05	0.999951	0.00993999	-0.00934773	-0.00993998	0.999907	-0.131765	-0.140491	29.8779	
0.999953	-5.02776e-05	0.00971272	-5.00132e-05	0.999947	0.0103252	-0.00971272	-0.0103252	0.9999	-0.141257	-0.150582	30.8738	
0.999949	-5.41521e-05	0.010081	-5.38582e-05	0.999943	0.0107137	-0.010081	-0.0107137	0.999892	-0.151114	-0.161059	31.8697	
0.999945	-5.82059e-05	0.0104525	-5.78803e-05	0.999938	0.0111054	-0.0104525	-0.0111054	0.999884	-0.161339	-0.171925	32.8655	
0.999941	-6.24427e-05	0.0108273	-6.20829e-05	0.999934	0.0115003	-0.0108273	-0.0115003	0.999875	-0.171936	-0.183182	33.8613	
0.999937	-6.68659e-05	0.0112054	-6.64695e-05	0.999929	0.0118984	-0.0112054	-0.0118984	0.999866	-0.182908	-0.194834	34.8572	
0.999933	-7.14792e-05	0.0115866	-7.10435e-05	0.999924	0.0122998	-0.0115866	-0.0122998	0.999857	-0.194258	-0.206884	35.853	
0.999928	-7.62862e-05	0.011971	-7.58084e-05	0.999919	0.0127042	-0.011971	-0.0127042	0.999848	-0.205989	-0.219336	36.8488	
0.999924	-8.12904e-05	0.0123587	-8.07677e-05	0.999914	0.0131118	-0.0123587	-0.0131118	0.999838	-0.218104	-0.232192	37.8446	
0.999919	-8.64953e-05	0.0127494	-8.59248e-05	0.999909	0.0135226	-0.0127494	-0.0135226	0.999827	-0.230608	-0.245455	38.8404	
0.999914	-9.19047e-05	0.0131434	-9.12832e-05	0.999903	0.0139364	-0.0131434	-0.0139364	0.999816	-0.243502	-0.259129	39.8362	
0.999908	-9.75219e-05	0.0135404	-9.68463e-05	0.999897	0.0143533	-0.0135404	-0.0143533	0.999805	-0.25679	-0.273217	40.832	
0.999903	-0.000103351	0.0139406	-0.000102618	0.999891	0.0147732	-0.0139406	-0.0147732	0.999794	-0.270475	-0.287721	41.8277	
0.999897	-0.000109395	0.0143438	-0.0001086	0.999885	0.0151962	-0.0143438	-0.0151962	0.999782	-0.28456	-0.302645	42.8235	
0.999891	-0.000115657	0.0147501	-0.000114798	0.999878	0.0156221	-0.0147501	-0.0156221	0.999769	-0.299048	-0.317992	43.8192	
0.999885	-0.000122141	0.0151595	-0.000121214	0.999871	0.0160511	-0.0151595	-0.0160511	0.999756	-0.313943	-0.333765	44.8149	
0.999879	-0.000128852	0.0155719	-0.000127852	0.999864	0.016483	-0.0155719	-0.0164829	0.999743	-0.329246	-0.349966	45.8106	
0.999872	-0.000135791	0.0159873	-0.000134716	0.999857	0.0169178	-0.0159873	-0.0169178	0.999729	-0.344962	-0.366599	46.8063	
0.999865	-0.000142963	0.0164057	-0.000141807	0.999849	0.0173555	-0.0164058	-0.0173555	0.999715	-0.361093	-0.383666	47.802	
0.999858	-0.000150372	0.0168271	-0.000149131	0.999842	0.0177961	-0.0168271	-0.0177961	0.9997	-0.377643	-0.401171	48.7977	
0.999851	-0.00015802	0.0172515	-0.00015669	0.999834	0.0182396	-0.0172515	-0.0182396	0.999685	-0.394613	-0.419116	49.7933	
0.999844	-0.000165911	0.0176788	-0.000164488	0.999825	0.018686	-0.0176788	-0.0186859	0.999669	-0.412008	-0.437504	50.789	
0.999836	-0.000174049	0.018109	-0.000172528	0.999817	0.0191351	-0.018109	-0.0191351	0.999653	-0.429829	-0.456338	51.7846	
0.999828	-0.000182437	0.018542	-0.000180812	0.999808	0.019587	-0.0185421	-0.019587	0.999636	-0.448081	-0.475621	52.7802	
0.99982	-0.000191079	0.018978	-0.000189346	0.999799	0.0200417	-0.018978	-0.0200417	0.999619	-0.466765	-0.495356	53.7758	
0.999811	-0.000199978	0.0194168	-0.000198131	0.99979	0.0204992	-0.0194169	-0.0204992	0.999601	-0.485885	-0.515544	54.7714	
0.999803	-0.000209137	0.0198585	-0.000207171	0.99978	0.0209594	-0.0198585	-0.0209593	0.999583	-0.505443	-0.53619	55.7669	
0.999794	-0.00021856	0.020303	-0.00021647	0.99977	0.0214222	-0.020303	-0.0214222	0.999564	-0.525443	-0.557295	56.7624	
0.999785	-0.00022825	0.0207503	-0.00022603	0.99976	0.0218877	-0.0207503	-0.0218877	0.999545	-0.545886	-0.578862	57.758	
0.999775	-0.00023821	0.0212003	-0.000235855	0.99975	0.0223559	-0.0212003	-0.0223559	0.999525	-0.566777	-0.600895	58.7535	
0.999766	-0.000248444	0.0216531	-0.000245947	0.999739	0.0228267	-0.0216531	-0.0228267	0.999505	-0.588117	-0.623395	59.7489	
0.999756	-0.000258956	0.0221086	-0.000256311	0.999728	0.0233001	-0.0221087	-0.0233001	0.999484	-0.60991	-0.646365	60.7444	
0.999745	-0.000269748	0.0225669	-0.000266949	0.999717	0.0237761	-0.0225669	-0.0237761	0.999463	-0.632157	-0.669808	61.7398	
0.999735	-0.000280823	0.0230278	-0.000277864	0.999706	0.0242546	-0.0230278	-0.0242546	0.999441	-0.654863	-0.693726	62.7352	
0.99968	-0.00033315	0.0253109	-0.000212709	0.999768	0.0215604	-0.0253122	-0.0215589	0.999447	-0.678935	-0.71654	63.7306	
0.999619	-0.000379386	0.0275971	-0.000141469	0.999822	0.0188691	-0.0275994	-0.0188658	0.999441	-0.705284	-0.736671	64.7261	
0.999553	-0.00041952	0.0298865	-6.4147e-05	0.999869	0.0161807	-0.0298894	-0.0161754	0.999422	-0.733912	-0.754121	65.7215	
0.999482	-0.00045354	0.0321789	1.92517e-05	0.999909	0.0134951	-0.0321821	-0.0134875	0.999391	-0.764822	-0.768892	66.7168	
0.999405	-0.000481434	0.0344742	0.000108722	0.999942	0.0108124	-0.0344774	-0.0108022	0.999347	-0.798018	-0.780988	67.7122	
0.999324	-0.000503192	0.0367724	0.00020426	0.999967	0.00813254	-0.0367753	-0.00811953	0.999291	-0.8335	-0.790411	68.7074	
0.999236	-0.000518803	0.0390734	0.00030586	0.999985	0.0054556	-0.0390756	-0.00543948	0.999221	-0.871272	-0.797163	69.7027	
0.999143	-0.000528257	0.041377	0.000413517	0.999996	0.00278155	-0.0413783	-0.00276206	0.99914	-0.911337	-0.801247	70.6978	
0.999045	-0.000531546	0.0436833	0.000527226	1	0.000110406	-0.0436833	-8.72694e-05	0.999045	-0.953696	-0.802666	71.6929	
0.998427	-0.000398783	0.0560588	0.00160408	0.999768	-0.0214572	-0.0560372	0.0215134	0.998197	-1.00336	-0.791996	72.6875	
0.997657	1.58521e-06	0.0684199	0.00294737	0.999071	-0.0429998	-0.0683564	0.0431007	0.99673	-1.06531	-0.759818	73.681	
0.996733	0.000669311	0.0807591	0.00455626	0.997907	-0.064504	-0.0806332	0.0646613	0.994644	-1.1395	-0.706152	74.6727	
0.995658	0.00160398	0.0930686	0.00642976	0.996278	-0.0859566	-0.0928601	0.0861818	0.991942	-1.2259	-0.631031	75.662	
0.994432	0.00280501	0.105341	0.00856671	0.994185	-0.107344	-0.105029	0.107649	0.988626	-1.32445	-0.534502	76.6484	
0.993056	0.00427167	0.117568	0.0109658	0.991629	-0.128653	-0.117133	0.129049	0.984696	-1.43509	-0.416625	77.6311	
0.99153	0.00600303	0.129743	0.0136255	0.988612	-0.149871	-0.129165	0.15037	0.980156	-1.55775	-0.277473	78.6096	
0.989855	0.00799803	0.141858	0.0165442	0.985135	-0.170984	-0.141116	0.171597	0.975008	-1.69235	-0.117132	79.5833	
0.988032	0.0102554	0.153905	0.01972	0.981201	-0.19198	-0.15298	0.192717	0.969256	-1.83881	0.0642985	80.5515	
0.986064	0.0127738	0.165877	0.0231511	0.976812	-0.212845	-0.16475	0.213719	0.962903	-1.99705	0.266706	81.5138	
0.98395	0.0155517	0.177767	0.0268352	0.971971	-0.233566	-0.176417	0.234588	0.955953	-2.16695	0.489965	82.4694	
0.981692	0.0185872	0.189567	0.0307702	0.96668	-0.254131	-0.187974	0.255311	0.94841	-2.34842	0.733937	83.4177	
0.979291	0.0218786	0.20127	0.0349535	0.960944	-0.274526	-0.199415	0.275876	0.94028	-2.54134	0.998471	84.3583	
0.97675	0.0254238	0.212868	0.0393826	0.954766	-0.294739	-0.210733	0.29627	0.931566	-2.74559	1.2834	85.2905	
0.974069	0.0292206	0.224355	0.0440546	0.948149	-0.314759	-0.22192	0.31648	0.922275	-2.96106	1.58856	86.2137	
0.971251	0.0332666	0.235724	0.0489668	0.941098	-0.334571	-0.232969	0.336495	0.912413	-3.1876	1.91374	87.1274	
0.968296	0.0375594	0.246966	0.0541161	0.933616	-0.354164	-0.243874	0.3563	0.901984	-3.42507	2.25876	88.031	
0.965207	0.0420962	0.258076	0.0594993	0.92571	-0.373526	-0.254627	0.375885	0.890997	-3.67332	2.62339	88.9239	
0.961986	0.0468743	0.269046	0.065113	0.917383	-0.392644	-0.265223	0.395237	0.879457	-3.93221	3.00741	89.8056	
0.958634	0.0518907	0.27987	0.0709538	0.90864	-0.411508	-0.275655	0.414343	0.867372	-4.20157	3.41059	90.6755	
0.955155	0.0571423	0.290541	0.077018	0.899488	-0.430104	-0.285915	0.433193	0.854749	-4.48124	3.83267	91.5332	
0.951549	0.0626259	0.301052	0.0833019	0.889931	-0.448423	-0.295998	0.451774	0.841597	-4.77103	4.27338	92.3779	
0.94782	0.0683379	0.311397	0.0898016	0.879977	-0.466451	-0.305898	0.470076	0.827922	-5.07078	4.73247	93.2094	
0.943969	0.074275	0.321569	0.0965131	0.86963	-0.484179	-0.315608	0.488085	0.813735	-5.38029	5.20964	94.0269	
0.939998	0.0804333	0.331562	0.103432	0.858897	-0.501595	-0.325123	0.505793	0.799042	-5.69938	5.7046	94.8301	
0.935912	0.0868092	0.34137	0.110554	0.847785	-0.518688	-0.334436	0.523186	0.783855	-6.02784	6.21703	95.6184	
0.931711	0.0933986	0.350987	0.117876	0.836302	-0.535448	-0.343541	0.540256	0.768182	-6.36548	6.74663	96.3913	
