1	0	0	0	1	0	0	0	1	0	0	0	
0.999996	-6.55829e-06	-0.00277631	-6.55829e-06	0.999989	-0.00472443	0.00277631	0.00472443	0.999985	0.00134329	0.00228587	0.967672	
0.999985	-2.62366e-05	-0.00555304	-2.62344e-05	0.999955	-0.00944878	0.00555304	0.00944878	0.99994	0.00537336	0.00914343	1.93531	
0.999965	-5.90391e-05	-0.00833009	-5.90304e-05	0.9999	-0.0141729	0.00833009	0.0141729	0.999865	0.0120906	0.0205725	2.9029	
0.999938	-0.00010497	-0.0111074	-0.000104948	0.999821	-0.0188967	0.0111074	0.0188967	0.99976	0.0214952	0.0365729	3.8704	
0.999904	-0.000164032	-0.0138848	-0.000163988	0.999721	-0.0236199	0.0138848	0.0236199	0.999625	0.0335874	0.0571441	4.83778	
0.999861	-0.000236228	-0.0166623	-0.000236152	0.999598	-0.0283425	0.0166623	0.0283425	0.999459	0.0483673	0.0822856	5.80501	
0.999811	-0.000321561	-0.0194398	-0.00032144	0.999453	-0.0330643	0.0194398	0.0330643	0.999264	0.065835	0.111997	6.77208	
0.999753	-0.000420033	-0.0222172	-0.000419851	0.999286	-0.0377851	0.0222172	0.0377851	0.999039	0.0859903	0.146276	7.73893	
0.999687	-0.000531645	-0.0249944	-0.000531386	0.999096	-0.0425049	0.0249944	0.0425048	0.998784	0.108833	0.185124	8.70556	
0.999614	-0.0006564	-0.0277714	-0.000656043	0.998884	-0.0472233	0.0277714	0.0472233	0.998498	0.134363	0.228538	9.67192	
0.999533	-0.000794296	-0.030548	-0.000793821	0.99865	-0.0519405	0.030548	0.0519404	0.998183	0.162581	0.276517	10.638	
0.999444	-0.000945336	-0.0333241	-0.000944718	0.998393	-0.056656	0.0333241	0.056656	0.997837	0.193484	0.329061	11.6038	
0.999348	-0.00110952	-0.0360997	-0.00110873	0.998114	-0.0613699	0.0360997	0.0613699	0.997462	0.227074	0.386166	12.5692	
0.999243	-0.00128684	-0.0388747	-0.00128586	0.997813	-0.066082	0.0388747	0.066082	0.997057	0.26335	0.447832	13.5342	
0.999131	-0.00147731	-0.041649	-0.0014761	0.99749	-0.0707921	0.041649	0.0707921	0.996621	0.302311	0.514058	14.4988	
0.999011	-0.00168092	-0.0444225	-0.00167945	0.997144	-0.0755002	0.0444225	0.0755001	0.996156	0.343955	0.58484	15.463	
0.998884	-0.00189766	-0.0471951	-0.0018959	0.996777	-0.0802059	0.0471952	0.0802059	0.99566	0.388284	0.660176	16.4267	
0.998749	-0.00212754	-0.0499668	-0.00212545	0.996386	-0.0849093	0.0499668	0.0849092	0.995135	0.435294	0.740065	17.3899	
0.998606	-0.00237055	-0.0527374	-0.00236809	0.995974	-0.0896101	0.0527375	0.08961	0.99458	0.484987	0.824505	18.3526	
0.998455	-0.0026267	-0.0555069	-0.00262383	0.99554	-0.0943082	0.055507	0.0943081	0.993994	0.53736	0.913492	19.3148	
0.998296	-0.00289597	-0.0582752	-0.00289264	0.995083	-0.0990035	0.0582753	0.0990034	0.993379	0.592412	1.00702	20.2764	
0.99813	-0.00317836	-0.0610421	-0.00317454	0.994604	-0.103696	0.0610423	0.103696	0.992734	0.650143	1.1051	21.2373	
0.997956	-0.00347387	-0.0638077	-0.00346951	0.994103	-0.108385	0.063808	0.108385	0.992059	0.71055	1.20771	22.1976	
0.997774	-0.0037825	-0.0665719	-0.00377754	0.99358	-0.113071	0.0665721	0.113071	0.991354	0.773633	1.31486	23.1573	
0.997585	-0.00410423	-0.0693344	-0.00409862	0.993034	-0.117753	0.0693348	0.117753	0.990619	0.839391	1.42654	24.1162	
0.997388	-0.00443907	-0.0720953	-0.00443276	0.992467	-0.122432	0.0720957	0.122432	0.989855	0.90782	1.54275	25.0745	
0.997183	-0.004787	-0.0748545	-0.00477994	0.991877	-0.127108	0.074855	0.127107	0.98906	0.978921	1.66349	26.032	
0.99697	-0.00514802	-0.0776119	-0.00514015	0.991266	-0.131779	0.0776125	0.131779	0.988236	1.05269	1.78875	26.9887	
0.99675	-0.00552213	-0.0803674	-0.00551338	0.990632	-0.136447	0.080368	0.136446	0.987382	1.12913	1.91853	27.9445	
0.996522	-0.00590931	-0.0831209	-0.00589963	0.989976	-0.14111	0.0831216	0.141109	0.986498	1.20823	2.05282	28.8996	
0.996286	-0.00630956	-0.0858724	-0.00629888	0.989299	-0.145769	0.0858731	0.145768	0.985585	1.29	2.19162	29.8537	
0.996043	-0.00672287	-0.0886216	-0.00671112	0.988599	-0.150424	0.0886225	0.150423	0.984642	1.37442	2.33493	30.807	
0.995791	-0.00714923	-0.0913687	-0.00713635	0.987877	-0.155074	0.0913697	0.155073	0.983669	1.46151	2.48274	31.7594	
0.995533	-0.00758863	-0.0941134	-0.00757455	0.987133	-0.159719	0.0941145	0.159718	0.982666	1.55126	2.63505	32.7108	
0.995266	-0.00804107	-0.0968557	-0.00802571	0.986368	-0.16436	0.096857	0.164359	0.981634	1.64366	2.79185	33.6612	
0.994992	-0.00850653	-0.0995955	-0.00848982	0.98558	-0.168995	0.099597	0.168994	0.980572	1.73871	2.95314	34.6106	
0.99471	-0.008985	-0.102333	-0.00896687	0.984771	-0.173626	0.102334	0.173625	0.979481	1.83641	3.11891	35.5589	
0.99442	-0.00947648	-0.105067	-0.00945684	0.98394	-0.178251	0.105069	0.17825	0.97836	1.93676	3.28917	36.5062	
0.994123	-0.00998094	-0.107799	-0.00995971	0.983087	-0.182871	0.107801	0.182869	0.977209	2.03976	3.46389	37.4524	
0.993818	-0.0104984	-0.110528	-0.0104755	0.982212	-0.187485	0.11053	0.187484	0.976029	2.14539	3.64308	38.3974	
0.993505	-0.0110288	-0.113254	-0.0110041	0.981315	-0.192093	0.113257	0.192092	0.97482	2.25367	3.82673	39.3413	
0.993184	-0.0115722	-0.115977	-0.0115457	0.980397	-0.196696	0.11598	0.196695	0.973581	2.36458	4.01484	40.284	
0.992856	-0.0121285	-0.118697	-0.0121001	0.979456	-0.201293	0.1187	0.201291	0.972313	2.47813	4.20741	41.2255	
0.992521	-0.0126977	-0.121414	-0.0126673	0.978495	-0.205884	0.121417	0.205882	0.971015	2.59431	4.40441	42.1658	
0.992177	-0.0132799	-0.124128	-0.0132473	0.977511	-0.210468	0.124131	0.210466	0.969688	2.71312	4.60586	43.1048	
0.991826	-0.0138749	-0.126838	-0.0138402	0.976506	-0.215046	0.126842	0.215044	0.968332	2.83455	4.81174	44.0425	
0.991468	-0.0144829	-0.129545	-0.0144458	0.975479	-0.219617	0.129549	0.219615	0.966947	2.9586	5.02204	44.9788	
0.991102	-0.0151037	-0.132248	-0.0150642	0.974431	-0.224182	0.132253	0.22418	0.965532	3.08527	5.23677	45.9139	
0.990728	-0.0157373	-0.134948	-0.0156954	0.973361	-0.22874	0.134953	0.228737	0.964089	3.21455	5.45591	46.8475	
0.990346	-0.0163839	-0.137644	-0.0163393	0.97227	-0.233291	0.137649	0.233288	0.962616	3.34645	5.67945	47.7797	
0.989957	-0.0170432	-0.140336	-0.0169959	0.971157	-0.237835	0.140342	0.237832	0.961114	3.48095	5.9074	48.7105	
0.989561	-0.0177153	-0.143024	-0.0176652	0.970023	-0.242372	0.143031	0.242368	0.959583	3.61806	6.13974	49.6398	
0.989156	-0.0184003	-0.145709	-0.0183473	0.968867	-0.246901	0.145716	0.246897	0.958023	3.75777	6.37646	50.5676	
0.988745	-0.019098	-0.148389	-0.0190419	0.96769	-0.251423	0.148397	0.251419	0.956435	3.90007	6.61757	51.4939	
0.988325	-0.0198084	-0.151066	-0.0197493	0.966492	-0.255937	0.151074	0.255933	0.954817	4.04496	6.86305	52.4186	
0.987898	-0.0205316	-0.153738	-0.0204692	0.965272	-0.260444	0.153746	0.260439	0.95317	4.19245	7.11289	53.3418	
0.987464	-0.0212676	-0.156406	-0.0212018	0.964031	-0.264942	0.156415	0.264937	0.951495	4.34252	7.36708	54.2633	
0.987022	-0.0220162	-0.15907	-0.0219469	0.962769	-0.269433	0.159079	0.269427	0.949791	4.49517	7.62563	55.1833	
0.986572	-0.0227775	-0.161729	-0.0227046	0.961486	-0.273915	0.161739	0.273909	0.948058	4.65039	7.88852	56.1015	
0.986115	-0.0235515	-0.164384	-0.0234748	0.960182	-0.278389	0.164395	0.278382	0.946297	4.80819	8.15574	57.0181	
0.985651	-0.0243381	-0.167034	-0.0242576	0.958856	-0.282854	0.167045	0.282847	0.944507	4.96855	8.42728	57.9329	
0.985179	-0.0251373	-0.169679	-0.0250528	0.95751	-0.287311	0.169692	0.287304	0.942688	5.13148	8.70314	58.846	
0.984276	-0.0266486	-0.174618	-0.0254203	0.956895	-0.28932	0.174801	0.28921	0.941171	5.29816	8.98208	59.7575	
0.983345	-0.0281712	-0.179552	-0.0257994	0.956274	-0.291331	0.179908	0.291111	0.939621	5.46978	9.26287	60.6675	
0.982387	-0.0297048	-0.184482	-0.0261901	0.955649	-0.293341	0.185014	0.293006	0.938039	5.64634	9.54549	61.576	
0.981401	-0.0312494	-0.189407	-0.0265923	0.955019	-0.295351	0.190117	0.294895	0.936426	5.82785	9.82994	62.4829	
0.980388	-0.0328047	-0.194326	-0.0270062	0.954383	-0.297361	0.195216	0.296777	0.93478	6.01428	10.1162	63.3883	
0.979348	-0.0343705	-0.199238	-0.0274315	0.953743	-0.299369	0.200311	0.298652	0.933104	6.20566	10.4043	64.2921	
0.978281	-0.0359466	-0.204142	-0.0278683	0.953098	-0.301377	0.205401	0.30052	0.931396	6.40196	10.6942	65.1942	
0.977187	-0.0375329	-0.209039	-0.0283165	0.952448	-0.303382	0.210485	0.302381	0.929657	6.60318	10.9859	66.0946	
0.976066	-0.039129	-0.213926	-0.0287761	0.951794	-0.305386	0.215563	0.304233	0.927887	6.80932	11.2794	66.9934	
0.974918	-0.0407349	-0.218805	-0.0292469	0.951135	-0.307387	0.220634	0.306077	0.926087	7.02037	11.5747	67.8904	
0.973744	-0.0423502	-0.223673	-0.029729	0.950472	-0.309386	0.225697	0.307912	0.924257	7.23632	11.8718	68.7857	
0.972543	-0.0439748	-0.22853	-0.0302222	0.949804	-0.311381	0.230752	0.309738	0.922397	7.45717	12.1706	69.6792	
0.968539	-0.0490162	-0.243988	-0.0260471	0.95506	-0.295264	0.247496	0.29233	0.923736	7.68857	12.4619	70.5724	
0.964255	-0.0537647	-0.259465	-0.0215809	0.960011	-0.279129	0.264096	0.274751	0.924535	7.93611	12.7363	71.4667	
0.959694	-0.0582174	-0.27495	-0.0168263	0.964653	-0.262985	0.280542	0.257011	0.924793	8.19964	12.9936	72.3616	
0.95486	-0.0623717	-0.290435	-0.011786	0.968984	-0.24684	0.296823	0.239121	0.924509	8.47901	13.2337	73.2564	
0.949754	-0.0662253	-0.305911	-0.00646287	0.973002	-0.230706	0.312931	0.221091	0.923685	8.77405	13.4564	74.1506	
0.94438	-0.0697759	-0.321369	-0.000860137	0.976704	-0.21459	0.328855	0.202931	0.922319	9.08458	13.6615	75.0438	
0.938741	-0.0730213	-0.336799	0.00501895	0.980087	-0.198504	0.344587	0.184653	0.920415	9.41043	13.8491	75.9355	
0.93284	-0.0759597	-0.352192	0.011171	0.983151	-0.182455	0.360117	0.166267	0.917971	9.75141	14.0189	76.825	
0.926681	-0.0785894	-0.367541	0.0175923	0.985892	-0.166453	0.375437	0.147783	0.91499	10.1073	14.1708	77.7119	
0.920267	-0.0809088	-0.382835	0.0242792	0.988311	-0.150508	0.390537	0.129213	0.911474	10.4779	14.3049	78.5957	
0.913602	-0.0829166	-0.398065	0.0312277	0.990404	-0.134629	0.405408	0.110567	0.907424	10.8631	14.4209	79.4758	
0.90669	-0.0846116	-0.413223	0.0384338	0.992171	-0.118826	0.420042	0.0918566	0.902844	11.2625	14.5188	80.3517	
0.899535	-0.0859928	-0.428301	0.0458932	0.993611	-0.103107	0.434431	0.0730923	0.897735	11.6759	14.5986	81.2229	
0.892142	-0.0870594	-0.443288	0.0536017	0.994723	-0.087482	0.448565	0.0542853	0.8921	12.1032	14.6603	82.0889	
0.884513	-0.0878108	-0.458176	0.0615547	0.995506	-0.0719598	0.462436	0.0354465	0.885944	12.544	14.7037	82.9493	
0.876655	-0.0882465	-0.472957	0.0697474	0.995961	-0.0565497	0.476037	0.016587	0.879269	12.9981	14.7289	83.8034	
0.868571	-0.0883663	-0.487622	0.0781752	0.996085	-0.0412606	0.489359	-0.00228222	0.872079	13.4652	14.7358	84.6508	
0.860267	-0.08817	-0.502162	0.0868332	0.995881	-0.0261014	0.502395	-0.0211501	0.864379	13.9451	14.7244	85.491	
0.851747	-0.087658	-0.516569	0.0957161	0.995347	-0.0110812	0.515137	-0.0400056	0.856174	14.4374	14.6949	86.3235	
0.843015	-0.0868303	-0.530835	0.104819	0.994484	0.00379143	0.527577	-0.0588377	0.847467	14.9419	14.647	87.1478	
0.834079	-0.0856875	-0.54495	0.114136	0.993293	0.0185077	0.539709	-0.0776354	0.838264	15.4583	14.581	87.9635	
0.824941	-0.0842304	-0.558907	0.123663	0.991773	0.033059	0.551525	-0.0963877	0.828571	15.9864	14.4968	88.77	
0.815609	-0.0824596	-0.572698	0.133392	0.989927	0.0474368	0.563018	-0.115083	0.818393	16.5256	14.3945	89.5669	
0.806086	-0.0803763	-0.586315	0.14332	0.987755	0.0616328	0.574182	-0.133712	0.807736	17.0759	14.2741	90.3537	
0.79638	-0.0779817	-0.599748	0.15344	0.985259	0.0756385	0.585009	-0.152262	0.796606	17.6368	14.1357	91.13	
