1	0	0	0	1	0	0	0	1	0	0	0	
0.999991	6.83816e-06	-0.0043556	6.83816e-06	0.999995	0.00313992	0.0043556	-0.00313992	0.999986	0.0022075	-0.00159137	1.01363	
0.999962	2.73617e-05	-0.00871205	2.73678e-05	0.99998	0.00628186	0.00871205	-0.00628186	0.999942	0.00883044	-0.00636651	2.02723	
0.999915	6.1585e-05	-0.0130692	6.16095e-05	0.999956	0.00942571	0.0130692	-0.00942571	0.99987	0.0198696	-0.0143274	3.04078	
0.999848	0.000109522	-0.0174269	0.000109583	0.999921	0.0125714	0.0174269	-0.0125714	0.999769	0.0353256	-0.0254759	4.05423	
0.999763	0.000171185	-0.021785	0.000171308	0.999876	0.0157187	0.021785	-0.0157187	0.999639	0.055199	-0.0398139	5.06757	
0.999658	0.000246587	-0.0261433	0.000246801	0.999822	0.0188676	0.0261433	-0.0188676	0.99948	0.0794899	-0.0573429	6.08076	
0.999535	0.000335739	-0.0305016	0.000336082	0.999758	0.0220179	0.0305016	-0.0220179	0.999292	0.108199	-0.0780644	7.09378	
0.999392	0.00043865	-0.0348599	0.000439165	0.999683	0.0251696	0.0348599	-0.0251696	0.999075	0.141325	-0.10198	8.10659	
0.999231	0.000555332	-0.0392179	0.000556068	0.999599	0.0283225	0.0392179	-0.0283225	0.998829	0.178869	-0.129091	9.11917	
0.99905	0.000685793	-0.0435755	0.000686804	0.999504	0.0314765	0.0435755	-0.0314765	0.998554	0.220831	-0.159398	10.1315	
0.99885	0.00083004	-0.0479325	0.000831389	0.9994	0.0346315	0.0479325	-0.0346315	0.99825	0.267209	-0.192903	11.1435	
0.998632	0.000988082	-0.0522888	0.000989836	0.999285	0.0377874	0.0522888	-0.0377874	0.997917	0.318003	-0.229606	12.1552	
0.998394	0.00115992	-0.0566442	0.00116216	0.999161	0.040944	0.0566442	-0.0409441	0.997555	0.373212	-0.269509	13.1665	
0.998137	0.00134557	-0.0609986	0.00134837	0.999026	0.0441013	0.0609985	-0.0441014	0.997163	0.432836	-0.312612	14.1775	
0.997861	0.00154503	-0.0653517	0.00154847	0.998881	0.0472592	0.0653516	-0.0472593	0.996743	0.496872	-0.358915	15.1881	
0.997566	0.00175831	-0.0697035	0.00176248	0.998727	0.0504174	0.0697034	-0.0504175	0.996293	0.565321	-0.40842	16.1982	
0.997252	0.00198541	-0.0740537	0.00199042	0.998562	0.0535759	0.0740536	-0.0535761	0.995814	0.638179	-0.461126	17.2078	
0.996919	0.00222632	-0.0784023	0.00223227	0.998387	0.0567347	0.0784021	-0.0567349	0.995306	0.715447	-0.517033	18.2169	
0.996567	0.00248107	-0.082749	0.00248807	0.998202	0.0598935	0.0827488	-0.0598938	0.994769	0.797121	-0.576143	19.2255	
0.996196	0.00274963	-0.0870938	0.0027578	0.998006	0.0630523	0.0870935	-0.0630526	0.994203	0.883201	-0.638455	20.2336	
0.995806	0.00303202	-0.0914364	0.00304148	0.997801	0.0662109	0.0914361	-0.0662113	0.993607	0.973683	-0.703968	21.2411	
0.995397	0.00332824	-0.0957767	0.00333912	0.997585	0.0693692	0.0957763	-0.0693697	0.992983	1.06857	-0.772683	22.2479	
0.994969	0.00363828	-0.100114	0.00365071	0.99736	0.0725272	0.100114	-0.0725278	0.992329	1.16785	-0.8446	23.2541	
0.994522	0.00396214	-0.10445	0.00397627	0.997124	0.0756846	0.104449	-0.0756854	0.991646	1.27152	-0.919717	24.2596	
0.994056	0.00429982	-0.108782	0.00431579	0.996878	0.0788415	0.108781	-0.0788423	0.990934	1.37959	-0.998035	25.2644	
0.993571	0.00465132	-0.113112	0.00466929	0.996622	0.0819976	0.113111	-0.0819986	0.990193	1.49205	-1.07955	26.2685	
0.993068	0.00501663	-0.117438	0.00503675	0.996355	0.0851528	0.117437	-0.085154	0.989423	1.6089	-1.16427	27.2718	
0.992545	0.00539574	-0.121761	0.00541819	0.996079	0.0883071	0.12176	-0.0883085	0.988623	1.73013	-1.25218	28.2743	
0.992003	0.00578865	-0.126081	0.0058136	0.995792	0.0914603	0.12608	-0.0914619	0.987795	1.85574	-1.34329	29.276	
0.991442	0.00619536	-0.130397	0.00622298	0.995495	0.0946124	0.130396	-0.0946142	0.986937	1.98573	-1.4376	30.2768	
0.990863	0.00661586	-0.13471	0.00664633	0.995188	0.0977631	0.134708	-0.0977651	0.986051	2.12008	-1.5351	31.2768	
0.990265	0.00705014	-0.139018	0.00708365	0.99487	0.100912	0.139017	-0.100915	0.985135	2.25881	-1.6358	32.2758	
0.989648	0.00749818	-0.143323	0.00753494	0.994542	0.10406	0.143321	-0.104063	0.98419	2.40191	-1.73968	33.2739	
0.989012	0.00795999	-0.147623	0.00800019	0.994205	0.107206	0.147621	-0.107209	0.983216	2.54936	-1.84676	34.271	
0.988357	0.00843555	-0.151919	0.0084794	0.993857	0.110351	0.151917	-0.110354	0.982213	2.70117	-1.95703	35.2671	
0.987683	0.00892485	-0.156211	0.00897256	0.993498	0.113493	0.156208	-0.113497	0.981182	2.85734	-2.07048	36.2622	
0.986991	0.00942787	-0.160498	0.00947967	0.99313	0.116634	0.160495	-0.116638	0.980121	3.01785	-2.18711	37.2563	
0.98628	0.00994462	-0.16478	0.0100007	0.992751	0.119772	0.164777	-0.119777	0.979031	3.1827	-2.30693	38.2492	
0.985551	0.0104751	-0.169058	0.0105357	0.992362	0.122908	0.169054	-0.122913	0.977913	3.3519	-2.42993	39.241	
0.984802	0.0110192	-0.17333	0.0110846	0.991963	0.126042	0.173326	-0.126048	0.976765	3.52542	-2.55611	40.2317	
0.984035	0.011577	-0.177597	0.0116475	0.991554	0.129173	0.177592	-0.12918	0.975589	3.70327	-2.68547	41.2212	
0.98325	0.0121485	-0.181858	0.0122242	0.991134	0.132302	0.181853	-0.132309	0.974384	3.88545	-2.81799	42.2095	
0.982446	0.0127336	-0.186114	0.0128148	0.990704	0.135428	0.186109	-0.135436	0.97315	4.07194	-2.95369	43.1965	
0.981623	0.0133323	-0.190365	0.0134194	0.990264	0.138551	0.190359	-0.13856	0.971887	4.26274	-3.09256	44.1823	
0.980782	0.0139447	-0.194609	0.0140378	0.989814	0.141672	0.194602	-0.141681	0.970596	4.45784	-3.23459	45.1668	
0.979922	0.0145706	-0.198848	0.01467	0.989354	0.144789	0.19884	-0.144799	0.969276	4.65725	-3.37978	46.1499	
0.979044	0.0152101	-0.20308	0.0153161	0.988883	0.147903	0.203072	-0.147914	0.967927	4.86094	-3.52814	47.1318	
0.978148	0.0158632	-0.207306	0.0159761	0.988402	0.151014	0.207297	-0.151026	0.96655	5.06893	-3.67964	48.1122	
0.977233	0.0165298	-0.211526	0.0166499	0.987912	0.154122	0.211516	-0.154135	0.965144	5.28119	-3.83431	49.0912	
0.976299	0.0172099	-0.215739	0.0173374	0.98741	0.157226	0.215729	-0.15724	0.96371	5.49773	-3.99212	50.0688	
0.975348	0.0179035	-0.219945	0.0180388	0.986899	0.160327	0.219934	-0.160342	0.962247	5.71853	-4.15307	51.0449	
0.974378	0.0186106	-0.224144	0.018754	0.986378	0.163424	0.224133	-0.16344	0.960756	5.94359	-4.31717	52.0195	
0.97339	0.0193311	-0.228337	0.0194829	0.985846	0.166517	0.228324	-0.166535	0.959236	6.1729	-4.48441	52.9926	
0.972384	0.0200651	-0.232522	0.0202255	0.985304	0.169606	0.232508	-0.169625	0.957689	6.40646	-4.65478	53.9641	
0.97136	0.0208124	-0.2367	0.0209819	0.984753	0.172691	0.236685	-0.172712	0.956112	6.64426	-4.82829	54.9341	
0.970317	0.0215731	-0.24087	0.0217519	0.984191	0.175772	0.240854	-0.175794	0.954508	6.88628	-5.00492	55.9024	
0.969257	0.0223471	-0.245033	0.0225356	0.983618	0.178849	0.245016	-0.178872	0.952876	7.13253	-5.18467	56.8691	
0.968179	0.0231345	-0.249188	0.023333	0.983036	0.181921	0.24917	-0.181946	0.951215	7.383	-5.36754	57.8342	
0.967082	0.0239352	-0.253335	0.0241441	0.982444	0.184989	0.253316	-0.185016	0.949526	7.63767	-5.55352	58.7975	
0.965968	0.0247491	-0.257475	0.0249687	0.981842	0.188052	0.257453	-0.188081	0.94781	7.89653	-5.74261	59.7591	
0.964836	0.0255763	-0.261605	0.0258069	0.981229	0.191111	0.261583	-0.191142	0.946065	8.15959	-5.93481	60.7189	
0.963686	0.0264166	-0.265728	0.0266587	0.980607	0.194164	0.265704	-0.194198	0.944293	8.42683	-6.13011	61.677	
0.962518	0.0272702	-0.269842	0.0275241	0.979974	0.197213	0.269816	-0.197249	0.942493	8.69824	-6.3285	62.6333	
0.961333	0.0281369	-0.273948	0.0284029	0.979332	0.200257	0.27392	-0.200295	0.940665	8.97382	-6.52998	63.5877	
0.959922	0.0291764	-0.278744	0.0303049	0.97793	0.206723	0.278623	-0.206886	0.937853	9.25386	-6.73635	64.5398	
0.958487	0.0302498	-0.283526	0.0322392	0.976483	0.21317	0.283307	-0.213462	0.934971	9.53866	-6.94939	65.489	
0.957028	0.0313571	-0.288295	0.0342058	0.974991	0.219597	0.287971	-0.220022	0.932021	9.82819	-7.16909	66.4352	
0.955545	0.0324979	-0.293049	0.0362045	0.973453	0.226004	0.292614	-0.226566	0.929002	10.1224	-7.39543	67.3784	
0.954038	0.0336723	-0.297788	0.0382351	0.971871	0.232389	0.297237	-0.233094	0.925914	10.4214	-7.6284	68.3185	
0.952508	0.0348798	-0.302511	0.0402974	0.970244	0.238754	0.301837	-0.239605	0.922759	10.725	-7.86797	69.2555	
0.950954	0.0361205	-0.307217	0.0423914	0.968572	0.245096	0.306414	-0.246098	0.919536	11.0333	-8.11414	70.1892	
0.949375	0.0374416	-0.311905	0.0500426	0.962169	0.26782	0.310133	-0.26987	0.911585	11.3458	-8.37565	71.1173	
0.947778	0.0388839	-0.316551	0.0577836	0.955178	0.290339	0.313652	-0.293468	0.90305	11.6619	-8.66118	72.037	
0.946164	0.0404466	-0.321152	0.0656095	0.947603	0.312639	0.31697	-0.316878	0.893934	11.9816	-8.97053	72.9478	
0.944532	0.0421287	-0.325705	0.0735152	0.939451	0.334706	0.320084	-0.340085	0.884244	12.3045	-9.30351	73.8491	
0.942886	0.0439291	-0.330207	0.0814956	0.930725	0.356525	0.322993	-0.363073	0.873987	12.6304	-9.6599	74.7402	
0.941225	0.0458465	-0.334654	0.0895457	0.921431	0.378083	0.325695	-0.385828	0.863169	12.9592	-10.0395	75.6207	
0.939551	0.0478799	-0.339045	0.0976602	0.911576	0.399365	0.328187	-0.408335	0.851796	13.2906	-10.442	76.4899	
0.937864	0.0500278	-0.343377	0.105834	0.901165	0.420358	0.330469	-0.43058	0.839876	13.6244	-10.8672	77.3473	
0.936167	0.0522889	-0.347645	0.114062	0.890205	0.441049	0.332538	-0.452548	0.827417	13.9605	-11.3148	78.1924	
0.934459	0.0546618	-0.351849	0.122338	0.878704	0.461424	0.334394	-0.474226	0.814426	14.2985	-11.7845	79.0245	
0.932743	0.0571449	-0.355985	0.130658	0.866669	0.48147	0.336035	-0.4956	0.800913	14.6383	-12.2761	79.8433	
0.931018	0.0597366	-0.36005	0.139016	0.854107	0.501174	0.33746	-0.516655	0.786885	14.9797	-12.7891	80.648	
0.929287	0.0624353	-0.364043	0.147407	0.841027	0.520524	0.338669	-0.537378	0.772352	15.3224	-13.3234	81.4383	
0.92755	0.0652393	-0.367959	0.155824	0.827437	0.539507	0.33966	-0.557757	0.757323	15.6662	-13.8784	82.2136	
0.925809	0.0681467	-0.371797	0.164264	0.813345	0.558111	0.340433	-0.577777	0.741808	16.0109	-14.454	82.9735	
0.924065	0.0711556	-0.375555	0.17272	0.798761	0.576323	0.340987	-0.597426	0.725817	16.3563	-15.0496	83.7173	
0.922318	0.0742642	-0.37923	0.181188	0.783694	0.594134	0.341323	-0.616692	0.709359	16.7021	-15.665	84.4447	
0.920569	0.0774704	-0.382819	0.189661	0.768154	0.61153	0.341439	-0.635561	0.692446	17.0481	-16.2997	85.1552	
0.918821	0.0807722	-0.38632	0.198134	0.75215	0.6285	0.341336	-0.654023	0.675088	17.3942	-16.9533	85.8484	
0.917074	0.0841675	-0.389732	0.206602	0.735694	0.645035	0.341014	-0.672064	0.657297	17.74	-17.6254	86.5237	
0.915329	0.087654	-0.393051	0.215059	0.718795	0.661123	0.340473	-0.689674	0.639084	18.0855	-18.3156	87.1807	
0.913588	0.0912296	-0.396276	0.2235	0.701465	0.676753	0.339713	-0.706841	0.62046	18.4302	-19.0234	87.8191	
0.911851	0.0948919	-0.399404	0.231919	0.683714	0.691917	0.338735	-0.723554	0.601438	18.7741	-19.7484	88.4384	
0.910119	0.0986387	-0.402434	0.240311	0.665554	0.706603	0.33754	-0.739803	0.582029	19.1168	-20.4901	89.0383	
0.908394	0.102467	-0.405364	0.248671	0.646997	0.720804	0.336128	-0.755576	0.562247	19.4583	-21.2481	89.6182	
0.906677	0.106376	-0.408192	0.256994	0.628054	0.734508	0.3345	-0.770865	0.542104	19.7982	-22.0217	90.178	
0.904969	0.110361	-0.410915	0.265273	0.608738	0.747709	0.332657	-0.785658	0.521613	20.1363	-22.8106	90.7171	
0.903271	0.114421	-0.413533	0.273504	0.589061	0.760397	0.330601	-0.799947	0.500787	20.4725	-23.6143	91.2353	
