1	0	0	0	1	0	0	0	1	0	0	0	
1	5.56612e-07	0.000264232	5.56612e-07	0.999991	-0.00421303	-0.000264232	0.00421303	0.999991	-0.000101222	0.00161393	0.766159	
1	2.24229e-06	0.000530955	2.23193e-06	0.999964	-0.00842657	-0.000530955	0.00842657	0.999964	-0.000405844	0.00645593	1.53231	
1	5.07817e-06	0.000800164	5.03673e-06	0.99992	-0.0126405	-0.000800164	0.0126405	0.99992	-0.000915771	0.0145263	2.29842	
0.999999	9.08542e-06	0.00107185	8.98179e-06	0.999858	-0.0168548	-0.00107185	0.0168548	0.999857	-0.00163291	0.0258255	3.0645	
0.999999	1.42851e-05	0.00134602	1.40779e-05	0.999778	-0.0210694	-0.00134602	0.0210694	0.999777	-0.00255915	0.0403535	3.83052	
0.999999	2.06984e-05	0.00162266	2.03356e-05	0.99968	-0.0252841	-0.00162266	0.0252841	0.999679	-0.0036964	0.0581107	4.59648	
0.999998	2.83463e-05	0.00190176	2.77658e-05	0.999565	-0.0294989	-0.00190177	0.0294989	0.999563	-0.00504654	0.079097	5.36235	
0.999998	3.72499e-05	0.00218332	3.6379e-05	0.999432	-0.0337137	-0.00218333	0.0337137	0.999429	-0.00661147	0.103313	6.12813	
0.999997	4.74303e-05	0.00246734	4.6186e-05	0.99928	-0.0379283	-0.00246736	0.0379283	0.999277	-0.00839306	0.130757	6.89379	
0.999996	5.89084e-05	0.0027538	5.71973e-05	0.999112	-0.0421429	-0.00275384	0.0421429	0.999108	-0.0103932	0.161431	7.65934	
0.999995	7.17051e-05	0.00304271	6.94235e-05	0.998925	-0.0463571	-0.00304276	0.0463571	0.99892	-0.0126138	0.195334	8.42475	
0.999994	8.58416e-05	0.00333405	8.28751e-05	0.99872	-0.050571	-0.00333413	0.050571	0.998715	-0.0150566	0.232465	9.19	
0.999993	0.000101339	0.00362783	9.75628e-05	0.998498	-0.0547844	-0.00362793	0.0547844	0.998492	-0.0177237	0.272825	9.9551	
0.999992	0.000118217	0.00392403	0.000113497	0.998258	-0.0589974	-0.00392417	0.0589974	0.99825	-0.0206167	0.316412	10.72	
0.999991	0.000136498	0.00422265	0.000130688	0.998	-0.0632097	-0.00422283	0.0632097	0.997991	-0.0237377	0.363228	11.4847	
0.99999	0.000156202	0.00452368	0.000149147	0.997725	-0.0674213	-0.00452391	0.0674213	0.997714	-0.0270884	0.41327	12.2493	
0.999988	0.00017735	0.00482711	0.000168883	0.997431	-0.0716322	-0.00482741	0.0716321	0.997419	-0.0306707	0.466539	13.0135	
0.999987	0.000199963	0.00513294	0.000189908	0.99712	-0.0758421	-0.00513332	0.0758421	0.997107	-0.0344865	0.523033	13.7776	
0.999985	0.000224062	0.00544116	0.000212232	0.996791	-0.0800512	-0.00544163	0.0800511	0.996776	-0.0385376	0.582753	14.5414	
0.999983	0.000249666	0.00575176	0.000235864	0.996444	-0.0842592	-0.00575234	0.0842591	0.996427	-0.0428258	0.645697	15.305	
0.999982	0.000276798	0.00606474	0.000260816	0.996079	-0.088466	-0.00606545	0.088466	0.996061	-0.047353	0.711865	16.0683	
0.99998	0.000305477	0.00638009	0.000287097	0.995697	-0.0926717	-0.00638094	0.0926716	0.995676	-0.0521209	0.781256	16.8313	
0.999978	0.000335725	0.0066978	0.000314718	0.995296	-0.0968761	-0.00669882	0.096876	0.995274	-0.0571316	0.853868	17.594	
0.999975	0.000367561	0.00701786	0.000343689	0.994878	-0.101079	-0.00701907	0.101079	0.994854	-0.0623866	0.929701	18.3564	
0.999973	0.000401006	0.00734026	0.00037402	0.994442	-0.105281	-0.00734169	0.10528	0.994415	-0.067888	1.00875	19.1184	
0.999971	0.000436081	0.00766501	0.000405722	0.993989	-0.109481	-0.00766667	0.10948	0.993959	-0.0736374	1.09102	19.8801	
0.999968	0.000472806	0.00799208	0.000438804	0.993517	-0.113679	-0.00799402	0.113679	0.993485	-0.0796367	1.17651	20.6415	
0.999965	0.000511201	0.00832147	0.000473277	0.993028	-0.117876	-0.00832371	0.117875	0.992994	-0.0858877	1.26522	21.4025	
0.999962	0.000551288	0.00865317	0.00050915	0.992521	-0.12207	-0.00865575	0.12207	0.992484	-0.0923922	1.35714	22.163	
0.999959	0.000593085	0.00898718	0.000546435	0.991997	-0.126263	-0.00899014	0.126263	0.991956	-0.0991521	1.45227	22.9233	
0.999956	0.000636614	0.00932348	0.000585139	0.991454	-0.130454	-0.00932685	0.130454	0.99141	-0.106169	1.55061	23.683	
0.999953	0.000681895	0.00966207	0.000625275	0.990894	-0.134643	-0.00966589	0.134643	0.990847	-0.113445	1.65216	24.4424	
0.99995	0.000728948	0.0100029	0.000666851	0.990316	-0.13883	-0.0100073	0.13883	0.990266	-0.120981	1.75693	25.2013	
0.999946	0.000777792	0.0103461	0.000709877	0.98972	-0.143014	-0.0103509	0.143014	0.989667	-0.12878	1.8649	25.9598	
0.999943	0.000828449	0.0106914	0.000754364	0.989107	-0.147197	-0.0106969	0.147196	0.989049	-0.136843	1.97607	26.7178	
0.999939	0.000880937	0.0110391	0.000800321	0.988476	-0.151377	-0.0110452	0.151376	0.988415	-0.145172	2.09045	27.4753	
0.999935	0.000935278	0.011389	0.000847758	0.987827	-0.155554	-0.0113958	0.155553	0.987762	-0.153769	2.20803	28.2324	
0.999931	0.00099149	0.0117411	0.000896685	0.987161	-0.159729	-0.0117487	0.159728	0.987091	-0.162635	2.3288	28.9889	
0.999926	0.00104959	0.0120954	0.000947111	0.986476	-0.163901	-0.0121038	0.1639	0.986403	-0.171772	2.45278	29.7449	
0.999922	0.00110961	0.0124519	0.000999046	0.985775	-0.16807	-0.0124613	0.168069	0.985696	-0.181183	2.57995	30.5004	
0.999917	0.00117156	0.0128106	0.0010525	0.985055	-0.172237	-0.012821	0.172236	0.984972	-0.190868	2.71032	31.2553	
0.999912	0.00123546	0.0131716	0.00110748	0.984318	-0.1764	-0.0131829	0.1764	0.98423	-0.20083	2.84387	32.0097	
0.999908	0.00130132	0.0135346	0.001164	0.983563	-0.180561	-0.0135471	0.18056	0.983471	-0.211069	2.98062	32.7635	
0.999902	0.00136918	0.0138999	0.00122207	0.982791	-0.184719	-0.0139136	0.184718	0.982693	-0.221589	3.12055	33.5167	
0.999897	0.00143905	0.0142673	0.0012817	0.982001	-0.188873	-0.0142823	0.188872	0.981898	-0.23239	3.26366	34.2693	
0.999892	0.00151095	0.0146369	0.00134289	0.981193	-0.193024	-0.0146533	0.193023	0.981085	-0.243475	3.40996	35.0213	
0.999886	0.0015849	0.0150086	0.00140566	0.980368	-0.197172	-0.0150264	0.197171	0.980254	-0.254845	3.55944	35.7726	
0.99988	0.00166091	0.0153824	0.00147001	0.979525	-0.201317	-0.0154018	0.201315	0.979405	-0.266501	3.71209	36.5233	
0.999874	0.00173901	0.0157583	0.00153596	0.978665	-0.205458	-0.0157794	0.205456	0.978539	-0.278446	3.86792	37.2734	
0.999868	0.00181922	0.0161364	0.00160351	0.977787	-0.209595	-0.0161592	0.209594	0.977655	-0.290681	4.02691	38.0228	
0.999862	0.00190156	0.0165165	0.00167267	0.976892	-0.213729	-0.0165413	0.213727	0.976753	-0.303208	4.18908	38.7715	
0.999855	0.00198604	0.0168987	0.00174346	0.975979	-0.217859	-0.0169255	0.217857	0.975834	-0.316029	4.35441	39.5195	
0.999848	0.00207268	0.017283	0.00181588	0.975048	-0.221985	-0.0173118	0.221983	0.974897	-0.329145	4.52291	40.2667	
0.999792	0.00274915	0.020218	0.00191511	0.973864	-0.227124	-0.020314	0.227116	0.973656	-0.343558	4.69495	41.0132	
0.999726	0.00344078	0.0231481	0.00203037	0.97265	-0.232265	-0.0233141	0.232249	0.972377	-0.360272	4.87092	41.7587	
0.999651	0.00414757	0.0260729	0.0021617	0.971408	-0.237408	-0.0263121	0.237382	0.97106	-0.379282	5.05083	42.5032	
0.999568	0.0048695	0.0289925	0.00230913	0.970135	-0.242553	-0.0293077	0.242515	0.969705	-0.400589	5.23467	43.2467	
0.999475	0.00560656	0.0319067	0.0024727	0.968834	-0.247698	-0.032301	0.247647	0.968312	-0.424191	5.42244	43.9891	
0.999374	0.00635872	0.0348154	0.00265242	0.967504	-0.252844	-0.0352918	0.252778	0.966881	-0.450084	5.61415	44.7304	
0.999263	0.00712598	0.0377185	0.00284834	0.966144	-0.257989	-0.0382799	0.257906	0.965411	-0.478268	5.80978	45.4706	
0.999144	0.00790832	0.0406159	0.00306046	0.964754	-0.263134	-0.0412653	0.263033	0.963904	-0.508741	6.00934	46.2097	
0.999015	0.00870573	0.0435075	0.00328882	0.963336	-0.268278	-0.0442479	0.268157	0.962359	-0.541499	6.21283	46.9476	
0.998878	0.00951817	0.0463933	0.00353343	0.961888	-0.273421	-0.0472276	0.273278	0.960775	-0.576542	6.42025	47.6844	
0.998732	0.0103456	0.049273	0.0037943	0.960411	-0.278561	-0.0502043	0.278395	0.959154	-0.613866	6.63158	48.4198	
0.998577	0.0111881	0.0521467	0.00407145	0.958905	-0.283699	-0.0531778	0.283508	0.957494	-0.65347	6.84684	49.1541	
0.998413	0.0120456	0.0550143	0.00436488	0.957369	-0.288835	-0.0561481	0.288616	0.955797	-0.695351	7.06601	49.887	
0.99824	0.012918	0.0578755	0.0046746	0.955804	-0.293967	-0.0591151	0.29372	0.954062	-0.739506	7.28909	50.6187	
0.998059	0.0138054	0.0607305	0.00500062	0.95421	-0.299095	-0.0620788	0.298818	0.952289	-0.785933	7.51608	51.349	
0.997868	0.0147077	0.063579	0.00534293	0.952587	-0.304219	-0.0650389	0.30391	0.950478	-0.83463	7.74697	52.0779	
0.997669	0.0156249	0.066421	0.00570154	0.950935	-0.309338	-0.0679954	0.308996	0.94863	-0.885593	7.98177	52.8054	
0.997461	0.016557	0.0692564	0.00607644	0.949254	-0.314452	-0.0709483	0.314075	0.946744	-0.93882	8.22045	53.5315	
0.997245	0.017504	0.0720851	0.00646761	0.947544	-0.319561	-0.0738974	0.319146	0.94482	-0.994307	8.46303	54.2561	
0.99702	0.0184657	0.0749071	0.00687507	0.945805	-0.324663	-0.0768426	0.32421	0.942859	-1.05205	8.70949	54.9792	
0.996785	0.0194423	0.0777223	0.00729878	0.944037	-0.329759	-0.079784	0.329266	0.94086	-1.11205	8.95982	55.7008	
0.996543	0.0204337	0.0805305	0.00773874	0.94224	-0.334848	-0.0827213	0.334313	0.938825	-1.17431	9.21403	56.4209	
0.996291	0.0214399	0.0833318	0.00819494	0.940415	-0.33993	-0.0856545	0.339352	0.936752	-1.23881	9.4721	57.1394	
0.996031	0.0224608	0.086126	0.00866734	0.938561	-0.345003	-0.0885836	0.344381	0.934642	-1.30556	9.73402	57.8563	
0.995762	0.0234964	0.0889131	0.00915593	0.936679	-0.350069	-0.0915084	0.349399	0.932495	-1.37455	9.9998	58.5716	
0.995485	0.0245467	0.091693	0.00966069	0.934769	-0.355126	-0.0944289	0.354408	0.930311	-1.44578	10.2694	59.2852	
0.995199	0.0256117	0.0944656	0.0101816	0.93283	-0.360174	-0.097345	0.359406	0.92809	-1.51924	10.5429	59.9971	
0.994904	0.0266913	0.0972309	0.0107186	0.930863	-0.365212	-0.100257	0.364393	0.925833	-1.59494	10.8201	60.7073	
0.994601	0.0277855	0.0999887	0.0112717	0.928868	-0.37024	-0.103164	0.369368	0.923539	-1.67286	11.1012	61.4158	
0.994289	0.0288943	0.102739	0.0118408	0.926845	-0.375258	-0.106066	0.374331	0.921209	-1.75302	11.3861	62.1225	
0.993968	0.0300176	0.105482	0.0124259	0.924794	-0.380265	-0.108964	0.379282	0.918843	-1.83539	11.6748	62.8274	
0.993639	0.0311555	0.108217	0.013027	0.922716	-0.385261	-0.111857	0.38422	0.916441	-1.91998	11.9673	63.5304	
0.993301	0.0323079	0.110945	0.013644	0.92061	-0.390245	-0.114745	0.389144	0.914002	-2.00679	12.2636	64.2316	
0.992955	0.0334748	0.113664	0.0142769	0.918477	-0.395217	-0.117628	0.394055	0.911528	-2.09581	12.5636	64.931	
0.9926	0.0346561	0.116376	0.0149256	0.916317	-0.400176	-0.120506	0.398952	0.909019	-2.18703	12.8674	65.6284	
0.992237	0.0358518	0.119081	0.0155901	0.914129	-0.405123	-0.123379	0.403835	0.906474	-2.28046	13.1749	66.3239	
0.991865	0.0370619	0.121777	0.0162704	0.911915	-0.410056	-0.126247	0.408702	0.903894	-2.37609	13.4862	67.0174	
0.991485	0.0382863	0.124465	0.0169663	0.909674	-0.414976	-0.12911	0.413554	0.901279	-2.47391	13.8012	67.7089	
0.991096	0.0395251	0.127145	0.0176779	0.907407	-0.419882	-0.131968	0.418391	0.898629	-2.57393	14.1199	68.3984	
0.990699	0.0407782	0.129817	0.018405	0.905113	-0.424773	-0.13482	0.423211	0.895944	-2.67613	14.4423	69.0859	
0.988224	0.0481459	0.145241	0.0195915	0.901581	-0.432167	-0.151753	0.429924	0.890021	-2.78591	14.7691	69.7701	
0.985457	0.0556282	0.160559	0.0209181	0.897993	-0.439512	-0.16863	0.436478	0.883771	-2.90865	15.101	70.4496	
0.9824	0.0632224	0.175767	0.0223841	0.894352	-0.446803	-0.185446	0.442873	0.877196	-3.04429	15.4379	71.1242	
0.979052	0.0709256	0.190859	0.023989	0.890659	-0.454038	-0.202193	0.449105	0.8703	-3.19279	15.7796	71.7937	
0.975416	0.0787351	0.205828	0.0257324	0.886915	-0.461215	-0.218866	0.455173	0.863085	-3.3541	16.126	72.4577	
0.971492	0.0866478	0.220671	0.0276135	0.883122	-0.468331	-0.235459	0.461073	0.855553	-3.52815	16.477	73.1161	
