1	0	0	0	1	0	0	0	1	0	0	0	
1	-2.07173e-06	-0.000937744	-2.07173e-06	0.99999	-0.00441851	0.000937744	0.00441851	0.99999	0.000415592	0.00195821	0.886361	
0.999998	-8.27741e-06	-0.00187381	-8.28781e-06	0.999961	-0.00884022	0.00187381	0.00884022	0.999959	0.00166162	0.00783425	1.7727	
0.999996	-1.86052e-05	-0.00280817	-1.86468e-05	0.999912	-0.013265	0.00280817	0.013265	0.999908	0.00373659	0.0176309	2.65901	
0.999993	-3.30428e-05	-0.00374079	-3.3147e-05	0.999843	-0.0176926	0.00374079	0.0176926	0.999836	0.00663898	0.0313508	3.54526	
0.999989	-5.1578e-05	-0.00467164	-5.17864e-05	0.999755	-0.0221231	0.00467163	0.0221231	0.999744	0.0103672	0.0489964	4.43144	
0.999984	-7.41978e-05	-0.00560069	-7.45627e-05	0.999647	-0.0265562	0.00560068	0.0265562	0.999632	0.0149197	0.0705702	5.31753	
0.999979	-0.000100889	-0.00652791	-0.000101473	0.99952	-0.0309919	0.0065279	0.0309919	0.999498	0.0202949	0.0960746	6.20351	
0.999972	-0.000131639	-0.00745327	-0.000132516	0.999372	-0.0354299	0.00745325	0.0354299	0.999344	0.0264911	0.125512	7.08936	
0.999965	-0.000166434	-0.00837674	-0.000167687	0.999205	-0.0398702	0.00837672	0.0398703	0.99917	0.0335067	0.158883	7.97507	
0.999957	-0.00020526	-0.0092983	-0.000206984	0.999018	-0.0443127	0.00929826	0.0443127	0.998974	0.0413399	0.196192	8.86061	
0.999948	-0.000248102	-0.0102179	-0.000250402	0.998811	-0.0487571	0.0102178	0.0487571	0.998758	0.0499891	0.237439	9.74597	
0.999938	-0.000294947	-0.0111355	-0.000297938	0.998584	-0.0532034	0.0111355	0.0532034	0.998522	0.0594525	0.282626	10.6311	
0.999927	-0.00034578	-0.0120512	-0.000349588	0.998337	-0.0576515	0.0120511	0.0576515	0.998264	0.0697284	0.331755	11.5161	
0.999916	-0.000400585	-0.0129648	-0.000405348	0.99807	-0.0621011	0.0129646	0.0621011	0.997986	0.0808149	0.384827	12.4008	
0.999904	-0.000459348	-0.0138763	-0.000465213	0.997783	-0.0665522	0.0138761	0.0665523	0.997686	0.0927102	0.441844	13.2852	
0.999891	-0.000522053	-0.0147857	-0.000529179	0.997476	-0.0710047	0.0147855	0.0710047	0.997366	0.105413	0.502807	14.1694	
0.999877	-0.000588685	-0.0156931	-0.000597239	0.997149	-0.0754583	0.0156927	0.0754584	0.997025	0.11892	0.567717	15.0533	
0.999862	-0.000659228	-0.0165982	-0.00066939	0.996802	-0.079913	0.0165978	0.0799131	0.996664	0.133231	0.636575	15.9368	
0.999847	-0.000733664	-0.0175013	-0.000745625	0.996434	-0.0843687	0.0175008	0.0843688	0.996281	0.148342	0.709382	16.8201	
0.99983	-0.000811979	-0.0184021	-0.000825938	0.996047	-0.0888252	0.0184014	0.0888253	0.995877	0.164254	0.786138	17.703	
0.999813	-0.000894155	-0.0193007	-0.000910324	0.995639	-0.0932823	0.0192999	0.0932825	0.995453	0.180962	0.866845	18.5855	
0.999796	-0.000980175	-0.020197	-0.000998777	0.995211	-0.09774	0.0201961	0.0977402	0.995007	0.198466	0.951503	19.4676	
0.999777	-0.00107002	-0.021091	-0.00109129	0.994763	-0.102198	0.0210899	0.102198	0.99454	0.216763	1.04011	20.3494	
0.999758	-0.00116368	-0.0219828	-0.00118786	0.994295	-0.106657	0.0219815	0.106657	0.994053	0.235852	1.13267	21.2307	
0.999738	-0.00126113	-0.0228722	-0.00128847	0.993807	-0.111115	0.0228707	0.111115	0.993544	0.25573	1.22919	22.1115	
0.999717	-0.00136235	-0.0237593	-0.00139312	0.993298	-0.115574	0.0237575	0.115574	0.993015	0.276394	1.32965	22.9919	
0.999695	-0.00146733	-0.0246439	-0.0015018	0.992769	-0.120032	0.0246419	0.120033	0.992464	0.297844	1.43407	23.8719	
0.999673	-0.00157605	-0.0255262	-0.00161451	0.99222	-0.12449	0.0255238	0.124491	0.991892	0.320077	1.54244	24.7513	
0.99965	-0.00168849	-0.026406	-0.00173123	0.99165	-0.128948	0.0264033	0.128949	0.9913	0.34309	1.65476	25.6302	
0.999626	-0.00180462	-0.0272834	-0.00185196	0.99106	-0.133406	0.0272802	0.133406	0.990686	0.366881	1.77103	26.5086	
0.999602	-0.00192444	-0.0281583	-0.00197669	0.990449	-0.137862	0.0281547	0.137863	0.990051	0.391449	1.89125	27.3864	
0.999576	-0.00204792	-0.0290307	-0.00210541	0.989819	-0.142318	0.0290265	0.142319	0.989395	0.416791	2.01542	28.2637	
0.999551	-0.00217505	-0.0299005	-0.00223811	0.989168	-0.146773	0.0298958	0.146774	0.988718	0.442904	2.14354	29.1404	
0.999524	-0.0023058	-0.0307678	-0.00237479	0.988496	-0.151227	0.0307625	0.151228	0.98802	0.469787	2.27561	30.0164	
0.999497	-0.00244015	-0.0316325	-0.00251542	0.987804	-0.15568	0.0316266	0.155681	0.987301	0.497437	2.41163	30.8918	
0.999469	-0.00257808	-0.0324946	-0.00266002	0.987092	-0.160131	0.032488	0.160133	0.986561	0.525851	2.55159	31.7666	
0.99944	-0.00271958	-0.0333541	-0.00280856	0.986359	-0.164582	0.0333467	0.164583	0.985799	0.555028	2.6955	32.6407	
0.999411	-0.00286462	-0.0342109	-0.00296103	0.985606	-0.16903	0.0342027	0.169032	0.985017	0.584965	2.84335	33.5142	
0.99938	-0.00301318	-0.0350651	-0.00311743	0.984833	-0.173477	0.0350559	0.173479	0.984213	0.615659	2.99515	34.3869	
0.99935	-0.00316525	-0.0359165	-0.00327774	0.984039	-0.177922	0.0359064	0.177924	0.983389	0.647108	3.15088	35.2589	
0.999318	-0.0033208	-0.0367652	-0.00344196	0.983225	-0.182365	0.0367541	0.182367	0.982543	0.67931	3.31056	36.1302	
0.999286	-0.0034798	-0.0376112	-0.00361007	0.98239	-0.186806	0.037599	0.186809	0.981677	0.712262	3.47417	37.0007	
0.999254	-0.00364224	-0.0384545	-0.00378206	0.981535	-0.191245	0.038441	0.191248	0.980789	0.745962	3.64172	37.8704	
0.99922	-0.0038081	-0.0392949	-0.00395792	0.98066	-0.195682	0.0392801	0.195685	0.97988	0.780406	3.8132	38.7393	
0.999186	-0.00397736	-0.0401326	-0.00413765	0.979764	-0.200116	0.0401163	0.200119	0.97895	0.815594	3.98861	39.6075	
0.999152	-0.00414998	-0.0409674	-0.00432122	0.978847	-0.204547	0.0409497	0.204551	0.977999	0.851521	4.16796	40.4748	
0.999117	-0.00432596	-0.0417993	-0.00450862	0.97791	-0.208976	0.04178	0.20898	0.977027	0.888185	4.35122	41.3412	
0.999081	-0.00450527	-0.0426284	-0.00469986	0.976953	-0.213402	0.0426074	0.213406	0.976034	0.925584	4.53842	42.2067	
0.999044	-0.00468788	-0.0434546	-0.0048949	0.975976	-0.217824	0.0434318	0.217829	0.97502	0.963715	4.72953	43.0714	
0.999007	-0.00487378	-0.0442779	-0.00509374	0.974978	-0.222244	0.0442531	0.222249	0.973985	1.00258	4.92457	43.9352	
0.99897	-0.00506293	-0.0450983	-0.00529637	0.973959	-0.226661	0.0450715	0.226666	0.972929	1.04216	5.12352	44.798	
0.998931	-0.00525533	-0.0459157	-0.00550278	0.972921	-0.231074	0.0458867	0.23108	0.971852	1.08247	5.32639	45.6599	
0.998893	-0.00545094	-0.0467301	-0.00571295	0.971862	-0.235484	0.0466988	0.23549	0.970754	1.12351	5.53316	46.5208	
0.998853	-0.00564974	-0.0475416	-0.00592686	0.970782	-0.23989	0.0475078	0.239896	0.969635	1.16526	5.74384	47.3808	
0.998813	-0.00585171	-0.04835	-0.00614451	0.969682	-0.244292	0.0483137	0.244299	0.968496	1.20772	5.95843	48.2397	
0.998773	-0.00605682	-0.0491554	-0.00636588	0.968562	-0.24869	0.0491163	0.248698	0.967335	1.2509	6.17692	49.0977	
0.998732	-0.00626506	-0.0499578	-0.00659096	0.967422	-0.253085	0.0499158	0.253093	0.966153	1.29479	6.3993	49.9546	
0.99869	-0.00647639	-0.0507571	-0.00681974	0.966261	-0.257475	0.0507121	0.257484	0.964951	1.33939	6.62558	50.8104	
0.998648	-0.00669079	-0.0515533	-0.00705219	0.96508	-0.261861	0.0515051	0.261871	0.963728	1.38469	6.85575	51.6651	
0.998693	-0.00645492	-0.0506976	-0.00742587	0.963137	-0.268911	0.0505645	0.268936	0.96183	1.42992	7.091	52.5185	
0.998738	-0.00621354	-0.0498464	-0.00779287	0.96114	-0.27595	0.049624	0.27599	0.959879	1.47433	7.3325	53.3702	
0.998781	-0.00596665	-0.0489994	-0.00815318	0.959091	-0.282979	0.0486834	0.283033	0.957874	1.5179	7.58025	54.2201	
0.998823	-0.00571425	-0.0481566	-0.00850677	0.95699	-0.289996	0.0477425	0.290065	0.955815	1.56063	7.83424	55.0682	
0.998865	-0.00545633	-0.0473178	-0.00885363	0.954836	-0.297002	0.0468013	0.297084	0.953704	1.60253	8.09445	55.9145	
0.998906	-0.00519288	-0.0464829	-0.00919373	0.952629	-0.303995	0.0458596	0.304089	0.951539	1.6436	8.36088	56.7589	
0.998945	-0.00492388	-0.0456517	-0.00952706	0.95037	-0.310975	0.0449172	0.311082	0.949321	1.68383	8.63352	57.6013	
0.998984	-0.00464931	-0.0448241	-0.00985359	0.948059	-0.317941	0.0439741	0.31806	0.94705	1.72322	8.91234	58.4417	
0.999022	-0.00436916	-0.0439999	-0.0101733	0.945696	-0.324893	0.0430301	0.325023	0.944727	1.76178	9.19734	59.2801	
0.999059	-0.00408339	-0.0431791	-0.0104862	0.943281	-0.33183	0.0420851	0.33197	0.942351	1.7995	9.48851	60.1165	
0.999095	-0.00379199	-0.0423616	-0.0107922	0.940814	-0.338751	0.0411389	0.338902	0.939922	1.83639	9.78583	60.9507	
0.99913	-0.00349492	-0.041547	-0.0110914	0.938296	-0.345656	0.0401914	0.345817	0.937441	1.87243	10.0893	61.7827	
0.999165	-0.00319214	-0.0407355	-0.0113836	0.935726	-0.352545	0.0392426	0.352714	0.934908	1.90763	10.3989	62.6125	
0.999198	-0.00288361	-0.0399267	-0.0116689	0.933104	-0.359416	0.0382922	0.359594	0.932323	1.942	10.7145	63.44	
0.999231	-0.0025693	-0.0391206	-0.0119473	0.930432	-0.36627	0.0373401	0.366456	0.929686	1.97551	11.0363	64.2652	
0.999263	-0.00224916	-0.0383171	-0.0122187	0.927709	-0.373105	0.0363863	0.373298	0.926998	2.00819	11.3642	65.0881	
0.999294	-0.00192313	-0.037516	-0.0124832	0.924935	-0.379921	0.0354305	0.380121	0.924258	2.04002	11.6981	65.9085	
0.999324	-0.00159118	-0.0367172	-0.0127406	0.92211	-0.386718	0.0344727	0.386924	0.921467	2.071	12.038	66.7265	
0.999354	-0.00125324	-0.0359207	-0.0129909	0.919235	-0.393494	0.0335127	0.393706	0.918625	2.10113	12.384	67.542	
0.999382	-0.00090926	-0.0351261	-0.0132342	0.916311	-0.40025	0.0325504	0.400467	0.915733	2.13041	12.7359	68.355	
0.99941	-0.000559173	-0.0343336	-0.0134705	0.913336	-0.406984	0.0315856	0.407207	0.91279	2.15883	13.0939	69.1653	
0.999437	-0.000202916	-0.0335428	-0.0136996	0.910312	-0.413697	0.0306184	0.413924	0.909796	2.1864	13.4578	69.9731	
0.999718	0.00457079	-0.0233082	-0.0141731	0.902256	-0.430968	0.0190601	0.431176	0.902066	2.20841	13.8324	70.7761	
0.999868	0.00953821	-0.0131634	-0.0144262	0.893874	-0.448087	0.00749244	0.448217	0.893893	2.22018	14.2221	71.5721	
0.999887	0.0146969	-0.00311337	-0.0144587	0.885169	-0.465046	-0.00407888	0.465038	0.885281	2.2217	14.6269	72.3606	
0.999776	0.0200443	0.00683688	-0.0142707	0.876145	-0.481837	-0.0156482	0.481631	0.876234	2.21295	15.0464	73.1413	
0.999534	0.0255779	0.0166825	-0.0138622	0.866807	-0.498451	-0.0272098	0.497987	0.866757	2.19396	15.4806	73.9138	
0.999161	0.0312948	0.0264186	-0.0132334	0.85716	-0.51488	-0.0387581	0.514099	0.856855	2.16472	15.9291	74.6777	
0.998658	0.0371924	0.0360405	-0.0123846	0.847208	-0.531117	-0.0502873	0.529958	0.846532	2.12526	16.3919	75.4326	
0.998025	0.0432676	0.0455435	-0.0113162	0.836956	-0.547153	-0.0617919	0.545557	0.835793	2.07558	16.8685	76.1782	
0.997262	0.0495176	0.0549227	-0.0100289	0.82641	-0.56298	-0.0732661	0.560888	0.824644	2.01572	17.3589	76.9141	
0.99637	0.0559392	0.0641738	-0.0085231	0.815573	-0.578591	-0.0847043	0.575943	0.813089	1.94571	17.8628	77.64	
0.995348	0.0625293	0.073292	-0.00679967	0.804453	-0.593978	-0.096101	0.590716	0.801136	1.86558	18.3798	78.3554	
0.994199	0.0692846	0.082273	-0.00485942	0.793053	-0.609133	-0.10745	0.605199	0.788789	1.77537	18.9098	79.0601	
0.992921	0.0762019	0.0911123	-0.00270331	0.781381	-0.624049	-0.118747	0.619385	0.776055	1.67511	19.4526	79.7536	
0.991516	0.0832778	0.0998056	-0.000332393	0.76944	-0.638719	-0.129986	0.633266	0.76294	1.56488	20.0078	80.4357	
0.989984	0.0905087	0.108349	0.00225216	0.757238	-0.653135	-0.14116	0.646837	0.74945	1.4447	20.5751	81.106	
0.988327	0.0978911	0.116737	0.00504909	0.744781	-0.66729	-0.152265	0.66009	0.735593	1.31466	21.1543	81.7641	
0.986544	0.105421	0.124967	0.00805701	0.732074	-0.681178	-0.163296	0.673019	0.721374	1.1748	21.7452	82.4099	
0.984638	0.113096	0.133034	0.0112745	0.719123	-0.694791	-0.174246	0.685617	0.706801	1.0252	22.3473	83.0428	
