1	0	0	0	1	0	0	0	1	0	0	0	
0.999994	-1.03393e-06	-0.00355675	-1.03393e-06	1	-0.000581387	0.00355675	0.000581387	0.999994	0.00141911	0.000231968	0.797978	
0.999975	-4.1371e-06	-0.00711725	-4.13108e-06	0.999999	-0.00116169	0.00711725	0.00116169	0.999974	0.00567794	0.00092744	1.59595	
0.999943	-9.30997e-06	-0.0106814	-9.28587e-06	0.999998	-0.0017409	0.0106814	0.0017409	0.999941	0.0127794	0.00208555	2.39389	
0.999898	-1.65528e-05	-0.0142491	-1.64925e-05	0.999997	-0.002319	0.0142491	0.002319	0.999896	0.0227265	0.00370541	3.19181	
0.999841	-2.58658e-05	-0.0178203	-2.57451e-05	0.999996	-0.00289595	0.0178203	0.00289595	0.999837	0.0355218	0.00578612	3.98968	
0.999771	-3.72489e-05	-0.0213948	-3.70375e-05	0.999994	-0.00347176	0.0213948	0.00347176	0.999765	0.0511683	0.00832678	4.7875	
0.999688	-5.07019e-05	-0.0249727	-5.03634e-05	0.999992	-0.00404639	0.0249727	0.00404639	0.99968	0.0696685	0.0113264	5.58526	
0.999592	-6.62246e-05	-0.0285537	-6.57163e-05	0.999989	-0.00461984	0.0285537	0.00461983	0.999582	0.091025	0.0147842	6.38295	
0.999483	-8.38163e-05	-0.0321378	-8.30895e-05	0.999987	-0.00519208	0.0321378	0.00519207	0.99947	0.11524	0.018699	7.18055	
0.999362	-0.000103476	-0.0357248	-0.000102476	0.999983	-0.00576309	0.0357248	0.00576307	0.999345	0.142317	0.02307	7.97806	
0.999227	-0.000125204	-0.0393148	-0.00012387	0.99998	-0.00633287	0.0393148	0.00633284	0.999207	0.172257	0.0278962	8.77546	
0.999079	-0.000148999	-0.0429076	-0.000147262	0.999976	-0.00690138	0.0429076	0.00690134	0.999055	0.205063	0.0331765	9.57275	
0.998918	-0.000174859	-0.0465031	-0.000172647	0.999972	-0.00746862	0.0465031	0.00746856	0.99889	0.240737	0.03891	10.3699	
0.998744	-0.000202783	-0.0501012	-0.000200016	0.999968	-0.00803456	0.0501013	0.00803449	0.998712	0.279281	0.0450955	11.1669	
0.998557	-0.000232771	-0.0537019	-0.000229362	0.999963	-0.00859919	0.0537019	0.0085991	0.99852	0.320698	0.0517322	11.9638	
0.998357	-0.000264819	-0.057305	-0.000260677	0.999958	-0.0091625	0.057305	0.00916238	0.998315	0.364988	0.0588188	12.7605	
0.998143	-0.000298928	-0.0609104	-0.000293953	0.999953	-0.00972446	0.0609104	0.00972431	0.998096	0.412155	0.0663544	13.5571	
0.997916	-0.000335094	-0.064518	-0.000329181	0.999947	-0.0102851	0.064518	0.0102849	0.997864	0.4622	0.0743379	14.3534	
0.997677	-0.000373316	-0.0681278	-0.000366355	0.999941	-0.0108443	0.0681278	0.010844	0.997618	0.515124	0.0827681	15.1496	
0.997423	-0.000413591	-0.0717397	-0.000405464	0.999935	-0.0114021	0.0717397	0.0114018	0.997358	0.57093	0.091644	15.9456	
0.997157	-0.000455918	-0.0753535	-0.000446501	0.999928	-0.0119585	0.0753535	0.0119582	0.997085	0.629619	0.100964	16.7414	
0.996877	-0.000500294	-0.0789691	-0.000489456	0.999922	-0.0125135	0.0789692	0.0125131	0.996799	0.691192	0.110728	17.5369	
0.996584	-0.000546715	-0.0825866	-0.000534321	0.999914	-0.0130671	0.0825866	0.0130666	0.996498	0.755651	0.120934	18.3322	
0.996277	-0.000595181	-0.0862057	-0.000581087	0.999907	-0.0136192	0.0862058	0.0136186	0.996184	0.822998	0.131581	19.1273	
0.995957	-0.000645687	-0.0898264	-0.000629744	0.999899	-0.0141698	0.0898265	0.0141691	0.995857	0.893233	0.142668	19.9221	
0.995624	-0.000698231	-0.0934486	-0.000680283	0.999891	-0.0147189	0.0934487	0.0147181	0.995515	0.966358	0.154194	20.7166	
0.995277	-0.000752809	-0.0970721	-0.000732694	0.999883	-0.0152665	0.0970723	0.0152656	0.99516	1.04237	0.166157	21.5109	
0.994917	-0.000809419	-0.100697	-0.000786968	0.999875	-0.0158126	0.100697	0.0158115	0.994791	1.12128	0.178557	22.3048	
0.994543	-0.000868056	-0.104323	-0.000843096	0.999866	-0.0163572	0.104323	0.0163559	0.994409	1.20308	0.191391	23.0985	
0.994156	-0.000928718	-0.10795	-0.000901066	0.999857	-0.0169002	0.10795	0.0168987	0.994013	1.28778	0.204659	23.8919	
0.993755	-0.0009914	-0.111578	-0.000960869	0.999847	-0.0174417	0.111579	0.01744	0.993603	1.37537	0.21836	24.6849	
0.993341	-0.0010561	-0.115208	-0.00102249	0.999838	-0.0179816	0.115208	0.0179796	0.993179	1.46585	0.232492	25.4776	
0.992913	-0.00112281	-0.118838	-0.00108593	0.999828	-0.0185199	0.118838	0.0185177	0.992741	1.55924	0.247054	26.27	
0.992472	-0.00119153	-0.122468	-0.00115117	0.999818	-0.0190565	0.122469	0.019054	0.992289	1.65552	0.262045	27.062	
0.992017	-0.00126225	-0.1261	-0.0012182	0.999807	-0.0195916	0.1261	0.0195888	0.991824	1.75469	0.277463	27.8536	
0.991548	-0.00133498	-0.129731	-0.00128702	0.999797	-0.020125	0.129732	0.0201219	0.991345	1.85677	0.293307	28.6449	
0.991066	-0.0014097	-0.133364	-0.0013576	0.999786	-0.0206568	0.133364	0.0206533	0.990852	1.96174	0.309576	29.4358	
0.99057	-0.00148641	-0.136996	-0.00142994	0.999775	-0.0211869	0.136997	0.021183	0.990345	2.06961	0.326269	30.2263	
0.990061	-0.0015651	-0.140629	-0.00150402	0.999763	-0.0217153	0.14063	0.021711	0.989824	2.18038	0.343383	31.0163	
0.989538	-0.00164578	-0.144262	-0.00157985	0.999751	-0.022242	0.144263	0.0222372	0.989289	2.29405	0.360918	31.806	
0.989001	-0.00172843	-0.147896	-0.00165739	0.999739	-0.022767	0.147896	0.0227618	0.988741	2.41062	0.378872	32.5952	
0.988451	-0.00181306	-0.151529	-0.00173665	0.999727	-0.0232904	0.15153	0.0232845	0.988178	2.53009	0.397244	33.384	
0.987887	-0.00189965	-0.155162	-0.00181762	0.999715	-0.0238119	0.155163	0.0238055	0.987602	2.65246	0.416032	34.1723	
0.98731	-0.0019882	-0.158795	-0.00190027	0.999702	-0.0243318	0.158796	0.0243247	0.987012	2.77772	0.435236	34.9601	
0.986718	-0.0020787	-0.162427	-0.0019846	0.999689	-0.0248498	0.162429	0.0248421	0.986408	2.90589	0.454853	35.7475	
0.986113	-0.00217115	-0.16606	-0.00207059	0.999676	-0.0253661	0.166061	0.0253577	0.985789	3.03695	0.474882	36.5344	
0.985495	-0.00226555	-0.169691	-0.00215824	0.999663	-0.0258806	0.169693	0.0258715	0.985157	3.17091	0.495322	37.3208	
0.984862	-0.00236188	-0.173322	-0.00224753	0.999649	-0.0263934	0.173324	0.0263834	0.984511	3.30777	0.516171	38.1067	
0.984216	-0.00246015	-0.176953	-0.00233845	0.999635	-0.0269043	0.176955	0.0268934	0.983852	3.44753	0.537428	38.892	
0.983556	-0.00256034	-0.180583	-0.00243099	0.999621	-0.0274134	0.180584	0.0274016	0.983178	3.59019	0.559092	39.6768	
0.982883	-0.00266245	-0.184212	-0.00252513	0.999607	-0.0279206	0.184213	0.0279079	0.98249	3.73574	0.58116	40.4611	
0.982196	-0.00276647	-0.187839	-0.00262086	0.999592	-0.0284261	0.187842	0.0284123	0.981788	3.88418	0.603631	41.2449	
0.981495	-0.00287239	-0.191466	-0.00271817	0.999578	-0.0289296	0.191469	0.0289147	0.981073	4.03552	0.626504	42.028	
0.98078	-0.00298022	-0.195092	-0.00281705	0.999563	-0.0294313	0.195094	0.0294153	0.980343	4.18976	0.649777	42.8106	
0.980052	-0.00308994	-0.198717	-0.00291748	0.999548	-0.0299312	0.198719	0.0299138	0.9796	4.34689	0.673448	43.5926	
0.979225	-0.00320819	-0.20275	-0.00243668	0.999616	-0.0275858	0.202761	0.0275067	0.978842	4.50707	0.696359	44.374	
0.97838	-0.00331682	-0.206791	-0.00194618	0.999679	-0.0252422	0.206808	0.0250989	0.97806	4.67049	0.717348	45.1548	
0.977515	-0.00341575	-0.210838	-0.00144597	0.999737	-0.0229005	0.210861	0.0226904	0.977253	4.83713	0.736415	45.9349	
0.976631	-0.00350492	-0.214893	-0.000936058	0.999788	-0.0205608	0.214919	0.0202815	0.976421	5.00702	0.753561	46.7144	
0.975729	-0.00358428	-0.218953	-0.00041643	0.999834	-0.0182231	0.218982	0.017872	0.975565	5.18014	0.768784	47.4933	
0.974807	-0.00365377	-0.223018	0.000112912	0.999874	-0.0158877	0.223048	0.0154622	0.974685	5.35651	0.782084	48.2714	
0.973867	-0.00371334	-0.227089	0.000651971	0.999908	-0.0135544	0.227119	0.0130522	0.97378	5.53612	0.793461	49.0488	
0.972907	-0.00376295	-0.231165	0.00120075	0.999936	-0.0112236	0.231192	0.0106419	0.97285	5.71898	0.802914	49.8255	
0.971929	-0.00380254	-0.235244	0.00175924	0.999959	-0.00889515	0.235268	0.0082316	0.971896	5.90509	0.810445	50.6014	
0.970931	-0.00383208	-0.239328	0.00232744	0.999976	-0.00656924	0.239347	0.00582126	0.970917	6.09446	0.816052	51.3766	
0.969915	-0.00385152	-0.243415	0.00290535	0.999987	-0.00424593	0.243428	0.00341099	0.969913	6.28708	0.819735	52.151	
0.968879	-0.00386082	-0.247504	0.00349297	0.999992	-0.00192531	0.24751	0.00100087	0.968885	6.48296	0.821496	52.9245	
0.967824	-0.00385996	-0.251597	0.0040903	0.999992	0.000392544	0.251593	-0.00140902	0.967832	6.6821	0.821333	53.6973	
0.966751	-0.0038489	-0.255691	0.00469732	0.999985	0.00270756	0.255677	-0.0038186	0.966755	6.8845	0.819247	54.4691	
0.965658	-0.0038276	-0.259787	0.00531404	0.999973	0.00501966	0.259761	-0.00622779	0.965653	7.09015	0.815239	55.2402	
0.964547	-0.00379605	-0.263884	0.00594043	0.999955	0.00732877	0.263844	-0.00863653	0.964527	7.29906	0.809308	56.0103	
0.963417	-0.00375422	-0.267982	0.00657651	0.999932	0.00963482	0.267927	-0.0110447	0.963376	7.51124	0.801455	56.7795	
0.962268	-0.00370208	-0.27208	0.00722225	0.999903	0.0119377	0.272009	-0.0134523	0.962201	7.72667	0.791681	57.5478	
0.9611	-0.00363963	-0.276178	0.00787766	0.999868	0.0142374	0.276089	-0.0158592	0.961001	7.94535	0.779986	58.3151	
0.959913	-0.00356683	-0.280275	0.00854271	0.999827	0.0165339	0.280168	-0.0182654	0.959777	8.16729	0.766371	59.0815	
0.958708	-0.00348369	-0.284372	0.00921739	0.99978	0.018827	0.284244	-0.0206708	0.958529	8.39249	0.750836	59.8469	
0.957484	-0.00339018	-0.288467	0.00990171	0.999728	0.0211167	0.288317	-0.0230752	0.957257	8.62093	0.733381	60.6113	
0.956242	-0.0032863	-0.29256	0.0105956	0.99967	0.023403	0.292386	-0.0254787	0.955961	8.85263	0.714009	61.3746	
0.954981	-0.00317205	-0.296651	0.0112992	0.999606	0.0256857	0.296452	-0.0278812	0.954641	9.08757	0.692719	62.1369	
0.953702	-0.00304742	-0.300739	0.0120123	0.999537	0.0279648	0.300514	-0.0302826	0.953296	9.32575	0.669512	62.8982	
0.952404	-0.00291242	-0.304824	0.0127349	0.999462	0.0302403	0.304572	-0.0326829	0.951929	9.56718	0.644389	63.6583	
0.951089	-0.00276704	-0.308905	0.0134672	0.999381	0.0325121	0.308624	-0.0350819	0.950537	9.81184	0.617352	64.4174	
0.949755	-0.00261129	-0.312983	0.0142089	0.999294	0.0347801	0.312671	-0.0374797	0.949122	10.0597	0.5884	65.1754	
0.948404	-0.00244518	-0.317056	0.0149602	0.999202	0.0370442	0.316712	-0.0398761	0.947683	10.3108	0.557536	65.9322	
0.947034	-0.00226871	-0.321124	0.015721	0.999104	0.0393045	0.320747	-0.0422711	0.946221	10.5652	0.52476	66.6878	
0.945647	-0.00208191	-0.325188	0.0164913	0.999	0.0415609	0.324776	-0.0446647	0.944736	10.8227	0.490073	67.4423	
0.944243	-0.00188479	-0.329245	0.017271	0.99889	0.0438133	0.328797	-0.0470567	0.943227	11.0835	0.453477	68.1956	
0.942821	-0.00167736	-0.333297	0.0180601	0.998775	0.0460616	0.332811	-0.0494472	0.941696	11.3475	0.414973	68.9476	
0.941381	-0.00145965	-0.337342	0.0188587	0.998655	0.0483058	0.336817	-0.051836	0.940142	11.6147	0.374562	69.6985	
0.939925	-0.00123168	-0.34138	0.0196667	0.998528	0.0505459	0.340815	-0.0542231	0.938565	11.885	0.332245	70.4481	
0.938582	-0.000980856	-0.345054	0.0263651	0.997276	0.0688808	0.344047	-0.0737477	0.936052	12.1583	0.281185	71.196	
0.937228	-0.000653557	-0.348718	0.0331253	0.995643	0.0871629	0.347141	-0.0932429	0.933166	12.4341	0.214555	71.9419	
0.935861	-0.000249911	-0.352369	0.0399448	0.993629	0.105385	0.350098	-0.112701	0.929909	12.7123	0.132383	72.6852	
0.934483	0.000229923	-0.356007	0.0468207	0.991234	0.12354	0.352915	-0.132114	0.926281	12.9928	0.0347007	73.4259	
0.933094	0.000785752	-0.359631	0.0537503	0.988461	0.14162	0.355592	-0.151475	0.922285	13.2755	-0.0784523	74.1634	
0.931696	0.00141736	-0.363237	0.0607309	0.985309	0.159618	0.358127	-0.170775	0.917922	13.5603	-0.207031	74.8977	
0.930287	0.00212449	-0.366826	0.0677598	0.98178	0.177528	0.36052	-0.190008	0.913194	13.847	-0.350985	75.6283	
0.928869	0.00290686	-0.370396	0.074834	0.977876	0.195341	0.362769	-0.209165	0.908102	14.1356	-0.510256	76.355	
0.927443	0.00376416	-0.373945	0.0819508	0.973598	0.213051	0.364874	-0.228238	0.902648	14.4259	-0.684781	77.0775	
