1	0	0	0	1	0	0	0	1	0	0	0	
1	3.01801e-08	-0.000195664	3.01801e-08	1	0.00030849	0.000195664	-0.00030849	1	0.000100549	-0.000158529	1.02778	
1	1.20158e-07	-0.000390386	1.20194e-07	1	0.000615677	0.000390386	-0.000615677	1	0.000401714	-0.000633449	2.05556	
1	2.69094e-07	-0.000584159	2.69235e-07	1	0.000921545	0.000584159	-0.000921545	0.999999	0.000902522	-0.00142341	3.08333	
1	4.7614e-07	-0.000776972	4.7649e-07	0.999999	0.00122608	0.000776972	-0.00122608	0.999999	0.00160199	-0.00252705	4.11111	
1	7.40438e-07	-0.000968817	7.41136e-07	0.999999	0.00152926	0.000968817	-0.00152926	0.999998	0.00249913	-0.00394299	5.13889	
0.999999	1.06113e-06	-0.00115968	1.06234e-06	0.999998	0.00183107	0.00115968	-0.00183107	0.999998	0.00359295	-0.00566983	6.16666	
0.999999	1.43733e-06	-0.00134956	1.43927e-06	0.999998	0.0021315	0.00134956	-0.0021315	0.999997	0.00488242	-0.00770615	7.19444	
0.999999	1.86818e-06	-0.00153845	1.87107e-06	0.999997	0.00243053	0.00153845	-0.00243053	0.999996	0.00636654	-0.0100505	8.22221	
0.999999	2.35279e-06	-0.00172632	2.35689e-06	0.999996	0.00272815	0.00172632	-0.00272815	0.999995	0.00804427	-0.0127015	9.24998	
0.999998	2.89026e-06	-0.00191319	2.89588e-06	0.999995	0.00302433	0.00191319	-0.00302433	0.999994	0.00991457	-0.0156577	10.2778	
0.999998	3.47969e-06	-0.00209903	3.48715e-06	0.999994	0.00331906	0.00209903	-0.00331906	0.999992	0.0119764	-0.0189175	11.3055	
0.999997	4.12019e-06	-0.00228384	4.12984e-06	0.999993	0.00361233	0.00228384	-0.00361233	0.999991	0.0142287	-0.0224794	12.3333	
0.999997	4.81084e-06	-0.00246761	4.82306e-06	0.999992	0.00390412	0.00246761	-0.00390412	0.999989	0.0166704	-0.026342	13.3611	
0.999996	5.55073e-06	-0.00265033	5.56593e-06	0.999991	0.00419442	0.00265033	-0.00419442	0.999988	0.0193005	-0.0305038	14.3888	
0.999996	6.33894e-06	-0.00283199	6.35755e-06	0.99999	0.00448321	0.00283199	-0.00448321	0.999986	0.0221178	-0.0349631	15.4166	
0.999995	7.17453e-06	-0.00301258	7.19701e-06	0.999989	0.00477047	0.00301258	-0.00477047	0.999984	0.0251212	-0.0397185	16.4444	
0.999995	8.05658e-06	-0.0031921	8.08343e-06	0.999987	0.00505619	0.0031921	-0.00505619	0.999982	0.0283098	-0.0447683	17.4721	
0.999994	8.98416e-06	-0.00337054	9.01587e-06	0.999986	0.00534035	0.00337054	-0.00534035	0.99998	0.0316822	-0.050111	18.4999	
0.999994	9.95632e-06	-0.00354788	9.99343e-06	0.999984	0.00562294	0.00354788	-0.00562294	0.999978	0.0352375	-0.0557449	19.5276	
0.999993	1.09721e-05	-0.00372413	1.10152e-05	0.999983	0.00590394	0.00372413	-0.00590394	0.999976	0.0389745	-0.0616684	20.5554	
0.999992	1.20306e-05	-0.00389926	1.20802e-05	0.999981	0.00618334	0.00389926	-0.00618334	0.999973	0.0428921	-0.0678799	21.5831	
0.999992	1.31308e-05	-0.00407328	1.31875e-05	0.999979	0.00646112	0.00407328	-0.00646112	0.999971	0.0469891	-0.0743778	22.6109	
0.999991	1.42718e-05	-0.00424617	1.43363e-05	0.999977	0.00673727	0.00424617	-0.00673727	0.999968	0.0512644	-0.0811603	23.6386	
0.99999	1.54526e-05	-0.00441793	1.55255e-05	0.999975	0.00701177	0.00441793	-0.00701177	0.999966	0.0557168	-0.0882258	24.6664	
0.999989	1.66723e-05	-0.00458855	1.67542e-05	0.999973	0.00728461	0.00458855	-0.00728461	0.999963	0.0603451	-0.0955725	25.6941	
0.999989	1.79298e-05	-0.00475802	1.80215e-05	0.999971	0.00755578	0.00475802	-0.00755578	0.99996	0.0651482	-0.103199	26.7219	
0.999988	1.92243e-05	-0.00492634	1.93264e-05	0.999969	0.00782525	0.00492634	-0.00782525	0.999957	0.0701249	-0.111103	27.7496	
0.999987	2.05547e-05	-0.00509349	2.06679e-05	0.999967	0.00809302	0.00509349	-0.00809302	0.999954	0.075274	-0.119283	28.7773	
0.999986	2.19201e-05	-0.00525947	2.20452e-05	0.999965	0.00835906	0.00525947	-0.00835907	0.999951	0.0805942	-0.127738	29.8051	
0.999985	2.33195e-05	-0.00542426	2.34571e-05	0.999963	0.00862338	0.00542426	-0.00862338	0.999948	0.0860845	-0.136465	30.8328	
0.999984	2.4752e-05	-0.00558787	2.49029e-05	0.999961	0.00888594	0.00558787	-0.00888594	0.999945	0.0917435	-0.145463	31.8605	
0.999983	2.62164e-05	-0.00575029	2.63815e-05	0.999958	0.00914674	0.00575029	-0.00914674	0.999942	0.0975701	-0.154729	32.8882	
0.999983	2.7712e-05	-0.0059115	2.78919e-05	0.999956	0.00940576	0.0059115	-0.00940576	0.999938	0.103563	-0.164263	33.9159	
0.999982	2.92376e-05	-0.0060715	2.94332e-05	0.999953	0.00966299	0.0060715	-0.00966299	0.999935	0.109721	-0.174063	34.9436	
0.999981	3.07923e-05	-0.00623029	3.10044e-05	0.999951	0.00991842	0.00623029	-0.00991842	0.999931	0.116043	-0.184125	35.9714	
0.99998	3.23752e-05	-0.00638785	3.26045e-05	0.999948	0.010172	0.00638785	-0.010172	0.999928	0.122527	-0.19445	36.9991	
0.999979	3.39851e-05	-0.00654418	3.42326e-05	0.999946	0.0104238	0.00654418	-0.0104238	0.999924	0.129173	-0.205033	38.0268	
0.999978	3.56213e-05	-0.00669927	3.58877e-05	0.999943	0.0106737	0.00669927	-0.0106737	0.999921	0.135978	-0.215875	39.0545	
0.999977	3.72826e-05	-0.00685312	3.75688e-05	0.99994	0.0109218	0.00685311	-0.0109218	0.999917	0.142943	-0.226973	40.0822	
0.999975	3.89681e-05	-0.00700571	3.92749e-05	0.999938	0.011168	0.00700571	-0.011168	0.999913	0.150065	-0.238325	41.1098	
0.999974	4.06769e-05	-0.00715704	4.10051e-05	0.999935	0.0114123	0.00715704	-0.0114123	0.999909	0.157343	-0.249928	42.1375	
0.999973	4.24078e-05	-0.00730711	4.27584e-05	0.999932	0.0116547	0.00730711	-0.0116547	0.999905	0.164776	-0.261782	43.1652	
0.999972	4.416e-05	-0.0074559	4.45338e-05	0.999929	0.0118952	0.0074559	-0.0118952	0.999901	0.172362	-0.273884	44.1929	
0.999971	4.59325e-05	-0.00760342	4.63303e-05	0.999926	0.0121338	0.00760341	-0.0121338	0.999897	0.180101	-0.286233	45.2206	
0.99997	4.77243e-05	-0.00774965	4.81469e-05	0.999923	0.0123704	0.00774964	-0.0123704	0.999893	0.187991	-0.298825	46.2482	
0.999969	4.95344e-05	-0.00789458	4.99828e-05	0.999921	0.0126051	0.00789458	-0.0126051	0.999889	0.19603	-0.31166	47.2759	
0.999968	5.13619e-05	-0.00803822	5.18369e-05	0.999918	0.0128378	0.00803821	-0.0128378	0.999885	0.204218	-0.324734	48.3036	
0.999967	5.32057e-05	-0.00818055	5.37082e-05	0.999915	0.0130685	0.00818055	-0.0130685	0.999881	0.212552	-0.338047	49.3312	
0.999965	5.5065e-05	-0.00832157	5.55958e-05	0.999912	0.0132972	0.00832156	-0.0132973	0.999877	0.221033	-0.351596	50.3589	
0.999964	5.69387e-05	-0.00846127	5.74987e-05	0.999909	0.013524	0.00846126	-0.013524	0.999873	0.229657	-0.36538	51.3865	
0.999963	5.88259e-05	-0.00859965	5.94159e-05	0.999905	0.0137487	0.00859964	-0.0137487	0.999869	0.238425	-0.379395	52.4142	
0.999962	6.07256e-05	-0.00873669	6.13465e-05	0.999902	0.0139714	0.00873669	-0.0139714	0.999864	0.247334	-0.39364	53.4418	
0.999961	6.26369e-05	-0.0088724	6.32896e-05	0.999899	0.0141921	0.0088724	-0.0141921	0.99986	0.256383	-0.408113	54.4694	
0.999959	6.45589e-05	-0.00900677	6.52441e-05	0.999896	0.0144107	0.00900677	-0.0144107	0.999856	0.265571	-0.422811	55.4971	
0.999958	6.64905e-05	-0.00913979	6.72091e-05	0.999893	0.0146272	0.00913979	-0.0146272	0.999851	0.274896	-0.437734	56.5247	
0.999957	6.84308e-05	-0.00927146	6.91837e-05	0.99989	0.0148417	0.00927145	-0.0148417	0.999847	0.284357	-0.452877	57.5523	
0.999956	7.03789e-05	-0.00940177	7.11669e-05	0.999887	0.0150541	0.00940176	-0.0150541	0.999842	0.293953	-0.46824	58.5799	
0.999955	7.23339e-05	-0.00953071	7.31578e-05	0.999883	0.0152643	0.0095307	-0.0152643	0.999838	0.303682	-0.483821	59.6076	
0.999953	7.42948e-05	-0.00965828	7.51554e-05	0.99988	0.0154725	0.00965828	-0.0154725	0.999834	0.313543	-0.499616	60.6352	
0.999952	7.62607e-05	-0.00978448	7.71588e-05	0.999877	0.0156786	0.00978447	-0.0156786	0.999829	0.323535	-0.515624	61.6628	
0.999951	7.82307e-05	-0.00990929	7.9167e-05	0.999874	0.0158825	0.00990929	-0.0158825	0.999825	0.333655	-0.531843	62.6904	
0.99995	8.02039e-05	-0.0100327	8.11792e-05	0.999871	0.0160842	0.0100327	-0.0160842	0.99982	0.343903	-0.54827	63.718	
0.999948	8.21793e-05	-0.0101548	8.31944e-05	0.999867	0.0162838	0.0101548	-0.0162839	0.999816	0.354277	-0.564904	64.7456	
0.999947	8.41561e-05	-0.0102754	8.52117e-05	0.999864	0.0164813	0.0102754	-0.0164813	0.999811	0.364776	-0.581742	65.7731	
0.999923	0.000116461	-0.0124304	5.12919e-05	0.999909	0.0134941	0.0124309	-0.0134937	0.999832	0.376445	-0.597145	66.8007	
0.999894	0.000142308	-0.0145843	1.09074e-05	0.999945	0.0105049	0.014585	-0.010504	0.999838	0.390328	-0.609478	67.8284	
0.99986	0.000161703	-0.0167369	-3.59454e-05	0.999972	0.00751379	0.0167377	-0.00751214	0.999832	0.406424	-0.618736	68.856	
0.999822	0.000174646	-0.0188883	-8.92697e-05	0.99999	0.00452081	0.0188889	-0.00451832	0.999811	0.424732	-0.624918	69.8836	
0.999779	0.000181142	-0.0210385	-0.000149068	0.999999	0.00152607	0.0210387	-0.0015226	0.999778	0.445251	-0.628023	70.9111	
0.999731	0.000181193	-0.0231874	-0.000215344	0.999999	-0.00147033	0.0231871	0.00147493	0.99973	0.467978	-0.628047	71.9387	
0.999314	1.09101e-05	-0.0370267	-0.000866905	0.999733	-0.0231023	0.0370166	0.0231186	0.999047	0.498918	-0.615408	72.9659	
0.998706	-0.000458984	-0.050852	-0.00181754	0.998998	-0.0447124	0.0508216	0.044747	0.997705	0.544059	-0.580531	73.992	
0.997907	-0.00122818	-0.0646542	-0.00306663	0.997796	-0.0662863	0.0645931	0.0663458	0.995704	0.603373	-0.523438	75.0165	
0.996917	-0.00229617	-0.0784241	-0.00461335	0.996127	-0.0878097	0.078322	0.0879008	0.993045	0.676819	-0.444168	76.0385	
0.995738	-0.00366224	-0.0921526	-0.00645666	0.993991	-0.109269	0.0919991	0.109398	0.989731	0.76435	-0.342773	77.0575	
0.99437	-0.00532551	-0.105831	-0.00859537	0.991391	-0.130649	0.105616	0.130823	0.985764	0.865908	-0.21932	78.0727	
0.992814	-0.00728486	-0.119449	-0.0110281	0.988329	-0.151936	0.119162	0.152161	0.981146	0.981425	-0.0738895	79.0836	
0.99107	-0.009539	-0.133	-0.0137531	0.984805	-0.173116	0.13263	0.173399	0.97588	1.11083	0.0934215	80.0893	
0.989141	-0.0120865	-0.146473	-0.0167687	0.980824	-0.194175	0.146011	0.194523	0.96997	1.25402	0.282503	81.0893	
0.987027	-0.0149255	-0.159859	-0.0200729	0.976386	-0.215099	0.159295	0.215518	0.96342	1.41093	0.493229	82.0829	
0.98473	-0.0180544	-0.173151	-0.0236635	0.971495	-0.235875	0.172474	0.23637	0.956233	1.58143	0.725462	83.0695	
0.982251	-0.0214709	-0.186338	-0.0275382	0.966155	-0.256488	0.185539	0.257067	0.948415	1.76542	0.979049	84.0483	
0.979592	-0.0251728	-0.199413	-0.0316942	0.960369	-0.276925	0.198481	0.277594	0.939972	1.96277	1.25382	85.0188	
0.976755	-0.0291577	-0.212367	-0.0361291	0.95414	-0.297173	0.211293	0.297938	0.930907	2.17336	1.5496	85.9803	
0.973741	-0.033423	-0.225191	-0.0408397	0.947473	-0.317218	0.223965	0.318085	0.921228	2.39705	1.86618	86.9321	
0.970553	-0.0379659	-0.237877	-0.045823	0.940372	-0.337047	0.236489	0.338022	0.910941	2.63368	2.20337	87.8737	
0.967193	-0.0427832	-0.250416	-0.0510757	0.932842	-0.356647	0.248857	0.357736	0.900053	2.88311	2.56093	88.8044	
0.963662	-0.0478719	-0.2628	-0.0565944	0.924888	-0.376004	0.261061	0.377214	0.88857	3.14516	2.93863	89.7236	
0.959964	-0.0532287	-0.275021	-0.0623753	0.916515	-0.395107	0.273092	0.396443	0.876501	3.41967	3.33623	90.6307	
0.9561	-0.0588499	-0.287071	-0.0684147	0.907729	-0.413942	0.284943	0.41541	0.863853	3.70646	3.75345	91.5251	
0.952073	-0.0647318	-0.298942	-0.0747086	0.898535	-0.432497	0.296606	0.434103	0.850635	4.00533	4.19003	92.4062	
0.947886	-0.0708706	-0.310626	-0.0812528	0.888939	-0.45076	0.308074	0.452509	0.836855	4.31608	4.64568	93.2734	
0.943542	-0.0772622	-0.322116	-0.088043	0.878949	-0.468719	0.319337	0.470616	0.822523	4.63852	5.12009	94.1262	
0.939044	-0.0839025	-0.333403	-0.0950748	0.868569	-0.486362	0.33039	0.488413	0.807648	4.97243	5.61295	94.964	
0.934393	-0.0907869	-0.34448	-0.102343	0.857808	-0.503677	0.341225	0.505888	0.792239	5.31758	6.12394	95.7862	
0.929595	-0.097911	-0.355341	-0.109844	0.846673	-0.520653	0.351835	0.523028	0.776308	5.67376	6.65271	96.5923	
0.924651	-0.10527	-0.365977	-0.117572	0.83517	-0.537278	0.362212	0.539823	0.759864	6.04072	7.19893	97.3818	
0.919565	-0.112859	-0.376382	-0.125522	0.823308	-0.553542	0.372351	0.556262	0.742918	6.41822	7.76223	98.1541	
0.91434	-0.120674	-0.386549	-0.133689	0.811093	-0.569434	0.382243	0.572333	0.725482	6.80602	8.34223	98.9087	
