1	0	0	0	1	0	0	0	1	0	0	0	
1	-8.38457e-08	4.35237e-05	-8.38457e-08	0.999993	0.00385286	-4.35237e-05	-0.00385286	0.999993	-1.8058e-05	-0.00159855	0.829796	
1	-3.37113e-07	8.73279e-05	-3.36239e-07	0.99997	0.00771049	-8.73279e-05	-0.00771049	0.99997	-7.23482e-05	-0.00639618	1.65958	
1	-7.62176e-07	0.000131412	-7.58677e-07	0.999933	0.0115728	-0.000131412	-0.0115728	0.999933	-0.000163103	-0.0143968	2.48934	
1	-1.36141e-06	0.000175775	-1.35265e-06	0.999881	0.0154396	-0.000175775	-0.0154396	0.999881	-0.000290555	-0.0256042	3.31906	
1	-2.13719e-06	0.000220417	-2.11965e-06	0.999814	0.0193108	-0.000220417	-0.0193108	0.999814	-0.000454935	-0.0400222	4.14873	
1	-3.09187e-06	0.000265336	-3.06115e-06	0.999731	0.0231864	-0.000265336	-0.0231864	0.999731	-0.000656474	-0.0576542	4.97834	
1	-4.22784e-06	0.000310532	-4.17862e-06	0.999634	0.0270662	-0.000310532	-0.0270662	0.999634	-0.000895402	-0.078504	5.80788	
1	-5.54744e-06	0.000356004	-5.47353e-06	0.999521	0.03095	-0.000356005	-0.03095	0.999521	-0.00117195	-0.102575	6.63733	
1	-7.05305e-06	0.00040175	-6.94734e-06	0.999393	0.0348378	-0.000401752	-0.0348378	0.999393	-0.00148634	-0.12987	7.46667	
1	-8.74702e-06	0.000447771	-8.6015e-06	0.99925	0.0387295	-0.000447774	-0.0387295	0.99925	-0.00183881	-0.160393	8.29591	
1	-1.06317e-05	0.000494065	-1.04375e-05	0.999091	0.0426249	-0.00049407	-0.0426249	0.999091	-0.00222958	-0.194147	9.12502	
1	-1.27095e-05	0.000540632	-1.24567e-05	0.998917	0.046524	-0.000540638	-0.046524	0.998917	-0.00265888	-0.231135	9.95399	
1	-1.49826e-05	0.00058747	-1.46605e-05	0.998728	0.0504266	-0.000587478	-0.0504266	0.998728	-0.00312693	-0.27136	10.7828	
1	-1.74535e-05	0.000634578	-1.70505e-05	0.998523	0.0543325	-0.000634589	-0.0543325	0.998523	-0.00363397	-0.314824	11.6115	
1	-2.01245e-05	0.000681956	-1.9628e-05	0.998303	0.0582418	-0.000681971	-0.0582418	0.998302	-0.00418021	-0.361531	12.44	
1	-2.2998e-05	0.000729603	-2.23944e-05	0.998067	0.0621543	-0.000729622	-0.0621543	0.998066	-0.00476588	-0.411484	13.2682	
1	-2.60762e-05	0.000777517	-2.53512e-05	0.997815	0.0660698	-0.000777541	-0.0660698	0.997815	-0.0053912	-0.464684	14.0963	
1	-2.93615e-05	0.000825697	-2.84997e-05	0.997548	0.0699883	-0.000825728	-0.0699883	0.997547	-0.00605639	-0.521134	14.9242	
1	-3.28562e-05	0.000874143	-3.18413e-05	0.997265	0.0739096	-0.000874181	-0.0739096	0.997265	-0.00676169	-0.580837	15.7519	
1	-3.65626e-05	0.000922853	-3.53774e-05	0.996966	0.0778336	-0.000922899	-0.0778336	0.996966	-0.00750729	-0.643795	16.5793	
1	-4.0483e-05	0.000971827	-3.91093e-05	0.996652	0.0817602	-0.000971883	-0.0817602	0.996652	-0.00829344	-0.710011	17.4064	
0.999999	-4.46198e-05	0.00102106	-4.30386e-05	0.996322	0.0856894	-0.00102113	-0.0856894	0.996321	-0.00912034	-0.779486	18.2333	
0.999999	-4.89752e-05	0.00107056	-4.71664e-05	0.995976	0.0896209	-0.00107064	-0.0896209	0.995975	-0.00998821	-0.852222	19.0599	
0.999999	-5.35515e-05	0.00112032	-5.14942e-05	0.995614	0.0935547	-0.00112041	-0.0935547	0.995614	-0.0108973	-0.928221	19.8862	
0.999999	-5.8351e-05	0.00117033	-5.60232e-05	0.995236	0.0974907	-0.00117044	-0.0974907	0.995236	-0.0118478	-1.00749	20.7122	
0.999999	-6.3376e-05	0.0012206	-6.0755e-05	0.994843	0.101429	-0.00122074	-0.101429	0.994842	-0.0128399	-1.09002	21.5379	
0.999999	-6.86288e-05	0.00127113	-6.56906e-05	0.994433	0.105369	-0.00127129	-0.105369	0.994432	-0.0138738	-1.17582	22.3632	
0.999999	-7.41116e-05	0.00132192	-7.08316e-05	0.994008	0.10931	-0.0013221	-0.10931	0.994007	-0.0149498	-1.26489	23.1882	
0.999999	-7.98267e-05	0.00137295	-7.61792e-05	0.993566	0.113254	-0.00137316	-0.113254	0.993565	-0.016068	-1.35723	24.0129	
0.999999	-8.57763e-05	0.00142424	-8.17346e-05	0.993108	0.117199	-0.00142448	-0.117199	0.993107	-0.0172288	-1.45284	24.8372	
0.999999	-9.19627e-05	0.00147578	-8.74992e-05	0.992635	0.121145	-0.00147606	-0.121145	0.992634	-0.0184322	-1.55173	25.661	
0.999999	-9.83882e-05	0.00152758	-9.34744e-05	0.992145	0.125093	-0.00152788	-0.125093	0.992144	-0.0196785	-1.6539	26.4845	
0.999999	-0.000105055	0.00157962	-9.96612e-05	0.991639	0.129043	-0.00157997	-0.129043	0.991638	-0.020968	-1.75934	27.3076	
0.999999	-0.000111965	0.0016319	-0.000106061	0.991117	0.132993	-0.0016323	-0.132993	0.991116	-0.0223008	-1.86806	28.1302	
0.999999	-0.000119121	0.00168444	-0.000112675	0.990579	0.136944	-0.00168488	-0.136944	0.990577	-0.0236771	-1.98005	28.9524	
0.999998	-0.000126524	0.00173721	-0.000119505	0.990024	0.140896	-0.00173771	-0.140896	0.990023	-0.0250971	-2.09533	29.7742	
0.999998	-0.000134178	0.00179023	-0.000126552	0.989454	0.144849	-0.00179079	-0.144849	0.989452	-0.0265611	-2.21389	30.5955	
0.999998	-0.000142084	0.0018435	-0.000133816	0.988867	0.148803	-0.00184412	-0.148803	0.988865	-0.0280692	-2.33572	31.4163	
0.999998	-0.000150245	0.001897	-0.0001413	0.988264	0.152758	-0.00189769	-0.152758	0.988262	-0.0296217	-2.46084	32.2366	
0.999998	-0.000158662	0.00195074	-0.000149004	0.987644	0.156712	-0.0019515	-0.156712	0.987642	-0.0312187	-2.58924	33.0564	
0.999998	-0.000167338	0.00200472	-0.00015693	0.987009	0.160668	-0.00200556	-0.160668	0.987007	-0.0328605	-2.72092	33.8757	
0.999998	-0.000176275	0.00205894	-0.000165079	0.986357	0.164623	-0.00205986	-0.164623	0.986354	-0.0345472	-2.85588	34.6944	
0.999998	-0.000185475	0.00211338	-0.000173451	0.985688	0.168579	-0.00211441	-0.168578	0.985686	-0.0362791	-2.99413	35.5126	
0.999998	-0.00019494	0.00216807	-0.00018205	0.985004	0.172534	-0.00216919	-0.172534	0.985001	-0.0380564	-3.13565	36.3303	
0.999998	-0.000204672	0.00222298	-0.000190874	0.984302	0.17649	-0.00222421	-0.17649	0.9843	-0.0398792	-3.28046	37.1473	
0.999997	-0.000214674	0.00227812	-0.000199926	0.983585	0.180445	-0.00227946	-0.180445	0.983582	-0.0417478	-3.42856	37.9638	
0.999997	-0.000224947	0.00233349	-0.000209207	0.982851	0.1844	-0.00233496	-0.1844	0.982849	-0.0436623	-3.57993	38.7797	
0.999997	-0.000235494	0.00238909	-0.000218717	0.982101	0.188354	-0.00239069	-0.188354	0.982098	-0.0456229	-3.73459	39.5949	
0.999997	-0.000246317	0.00244491	-0.000228459	0.981335	0.192308	-0.00244665	-0.192308	0.981331	-0.04763	-3.89252	40.4095	
0.999997	-0.000257418	0.00250096	-0.000238433	0.980552	0.196262	-0.00250284	-0.196262	0.980548	-0.0496835	-4.05374	41.2235	
0.999997	-0.000268798	0.00255723	-0.000248639	0.979752	0.200214	-0.00255927	-0.200214	0.979749	-0.0517838	-4.21824	42.0369	
0.999997	-0.00028046	0.00261372	-0.000259081	0.978936	0.204166	-0.00261592	-0.204166	0.978933	-0.0539309	-4.38601	42.8495	
0.999996	-0.000292406	0.00267042	-0.000269757	0.978104	0.208117	-0.00267281	-0.208117	0.9781	-0.0561252	-4.55707	43.6615	
0.999996	-0.000304638	0.00272735	-0.000280671	0.977255	0.212067	-0.00272992	-0.212067	0.977251	-0.0583668	-4.7314	44.4728	
0.999996	-0.000317158	0.00278448	-0.000291821	0.97639	0.216015	-0.00278725	-0.216015	0.976386	-0.0606559	-4.90902	45.2833	
0.999996	-0.000329968	0.00284183	-0.000303211	0.975508	0.219962	-0.00284481	-0.219962	0.975504	-0.0629926	-5.0899	46.0932	
0.999994	-0.000471594	0.00345978	-0.000325471	0.973935	0.226827	-0.00347657	-0.226827	0.973929	-0.0656154	-5.27528	46.902	
0.999992	-0.000617268	0.00407543	-0.000352184	0.972313	0.233683	-0.00410684	-0.233682	0.972304	-0.0687617	-5.46634	47.7095	
0.999989	-0.000766975	0.00468881	-0.000383343	0.970642	0.240529	-0.00473564	-0.240528	0.970631	-0.0724305	-5.66309	48.5156	
0.999986	-0.000920703	0.00529993	-0.000418941	0.968922	0.247366	-0.00536297	-0.247365	0.968908	-0.0766204	-5.86552	49.3203	
0.999982	-0.00107844	0.00590881	-0.000458968	0.967153	0.254193	-0.00598885	-0.254191	0.967136	-0.0813303	-6.07361	50.1236	
0.999978	-0.00124017	0.00651545	-0.000503417	0.965336	0.261009	-0.0066133	-0.261006	0.965314	-0.0865589	-6.28737	50.9254	
0.999974	-0.00140589	0.00711988	-0.000552281	0.963471	0.267814	-0.00723631	-0.267811	0.963444	-0.0923051	-6.50678	51.7256	
0.999969	-0.00157558	0.0077221	-0.00060555	0.961556	0.274607	-0.0078579	-0.274603	0.961525	-0.0985677	-6.73182	52.5243	
0.999964	-0.00174924	0.00832213	-0.000663218	0.959594	0.281389	-0.00847808	-0.281384	0.959558	-0.105346	-6.9625	53.3213	
0.999958	-0.00192685	0.00891999	-0.000725276	0.957583	0.288158	-0.00909686	-0.288153	0.957541	-0.112637	-7.19881	54.1167	
0.999953	-0.00210841	0.00951568	-0.000791715	0.955523	0.294915	-0.00971426	-0.294908	0.955476	-0.120442	-7.44072	54.9104	
0.999946	-0.00229391	0.0101092	-0.000862528	0.953416	0.301658	-0.0103303	-0.301651	0.953363	-0.128759	-7.68823	55.7024	
0.99994	-0.00248334	0.0107006	-0.000937705	0.95126	0.308388	-0.0109449	-0.30838	0.9512	-0.137586	-7.94133	56.4926	
0.999933	-0.00267669	0.0112899	-0.00101724	0.949057	0.315104	-0.0115582	-0.315094	0.94899	-0.146922	-8.20001	57.281	
0.999925	-0.00287396	0.0118771	-0.00110112	0.946805	0.321806	-0.0121701	-0.321795	0.946731	-0.156767	-8.46426	58.0676	
0.999918	-0.00307514	0.0124622	-0.00118934	0.944506	0.328492	-0.0127807	-0.32848	0.944424	-0.167119	-8.73406	58.8522	
0.99991	-0.00328022	0.0130452	-0.00128189	0.942159	0.335164	-0.01339	-0.33515	0.94207	-0.177978	-9.0094	59.6349	
0.999901	-0.00348921	0.0136261	-0.00137876	0.939765	0.34182	-0.013998	-0.341805	0.939667	-0.189341	-9.29027	60.4156	
0.999892	-0.00370209	0.0142049	-0.00147995	0.937323	0.348459	-0.0146046	-0.348443	0.937216	-0.201208	-9.57665	61.1944	
0.999883	-0.00391887	0.0147818	-0.00158544	0.934834	0.355083	-0.01521	-0.355065	0.934718	-0.213578	-9.86854	61.971	
0.999874	-0.00413953	0.0153565	-0.00169523	0.932297	0.361689	-0.0158141	-0.361669	0.932172	-0.22645	-10.1659	62.7456	
0.999864	-0.00436409	0.0159293	-0.0018093	0.929714	0.368278	-0.0164169	-0.368257	0.929579	-0.239823	-10.4688	63.518	
0.999853	-0.00459253	0.0165	-0.00192765	0.927084	0.37485	-0.0170184	-0.374826	0.926939	-0.253695	-10.7771	64.2883	
0.999843	-0.00482486	0.0170688	-0.00205027	0.924407	0.381403	-0.0176187	-0.381378	0.924251	-0.268066	-11.0908	65.0564	
0.999832	-0.00506107	0.0176355	-0.00217714	0.921683	0.387938	-0.0182177	-0.387911	0.921517	-0.282935	-11.41	65.8222	
0.99982	-0.00530117	0.0182003	-0.00230827	0.918913	0.394454	-0.0188155	-0.394425	0.918736	-0.2983	-11.7346	66.5857	
0.999809	-0.00554515	0.0187631	-0.00244364	0.916097	0.40095	-0.0194121	-0.400919	0.915908	-0.31416	-12.0646	67.3469	
0.999796	-0.00579302	0.0193239	-0.00258323	0.913234	0.407427	-0.0200075	-0.407394	0.913033	-0.330516	-12.3999	68.1057	
0.999784	-0.00604477	0.0198828	-0.00272706	0.910326	0.413884	-0.0206017	-0.413849	0.910112	-0.347364	-12.7407	68.8622	
0.999771	-0.00630042	0.0204398	-0.00287509	0.907371	0.42032	-0.0211947	-0.420283	0.907146	-0.364706	-13.0868	69.6161	
0.999685	-0.00791415	0.0238317	-0.00334519	0.898609	0.438738	-0.0248876	-0.43868	0.898299	-0.383826	-13.4432	70.3652	
0.999584	-0.00959665	0.0271896	-0.00389052	0.889473	0.456972	-0.0285698	-0.456887	0.889066	-0.406006	-13.8147	71.1068	
0.99947	-0.0113472	0.0305121	-0.00451086	0.879967	0.475013	-0.0322397	-0.474899	0.87945	-0.431237	-14.2013	71.8406	
0.999342	-0.013165	0.0337977	-0.00520593	0.870096	0.492854	-0.0358957	-0.492706	0.869455	-0.459507	-14.6028	72.5663	
0.9992	-0.0150494	0.0370452	-0.00597543	0.859865	0.510487	-0.0395363	-0.5103	0.859087	-0.490805	-15.019	73.2835	
0.999045	-0.0169994	0.0402529	-0.00681904	0.849276	0.527905	-0.0431599	-0.527676	0.848349	-0.525117	-15.4497	73.9919	
0.998876	-0.0190143	0.0434196	-0.00773639	0.838335	0.545101	-0.0467649	-0.544824	0.837246	-0.562428	-15.8946	74.6913	
0.998694	-0.0210932	0.046544	-0.00872709	0.827047	0.562066	-0.0503498	-0.561738	0.825782	-0.602722	-16.3538	75.3813	
0.998498	-0.0232352	0.0496246	-0.0097907	0.815416	0.578793	-0.053913	-0.578409	0.813963	-0.645982	-16.8268	76.0616	
0.998288	-0.0254394	0.0526601	-0.0109268	0.803447	0.595276	-0.057453	-0.594833	0.801794	-0.69219	-17.3136	76.732	
0.998066	-0.0277048	0.0556492	-0.0121348	0.791146	0.611507	-0.0609683	-0.611	0.78928	-0.741324	-17.8139	77.3922	
0.99783	-0.0300304	0.0585907	-0.0134143	0.778518	0.627479	-0.0644574	-0.626904	0.776426	-0.793365	-18.3276	78.0418	
0.997582	-0.0324153	0.0614833	-0.0147647	0.765568	0.643186	-0.0679187	-0.642538	0.763238	-0.84829	-18.8543	78.6807	
