1	0	0	0	1	0	0	0	1	0	0	0	
1	-1.18789e-07	0.000247042	-1.18789e-07	1	0.000961693	-0.000247042	-0.000961693	1	-0.000114725	-0.000446604	0.928788	
1	-4.75536e-07	0.000494221	-4.75763e-07	0.999998	0.00192484	-0.000494221	-0.00192484	0.999998	-0.000458963	-0.00178709	1.85757	
1	-1.07084e-06	0.000741528	-1.07175e-06	0.999996	0.00288941	-0.000741528	-0.00288941	0.999996	-0.00103284	-0.0040228	2.78636	
1	-1.90524e-06	0.000988951	-1.90752e-06	0.999993	0.00385535	-0.000988951	-0.00385535	0.999992	-0.00183646	-0.00715502	3.71514	
0.999999	-2.97927e-06	0.00123648	-2.98383e-06	0.999988	0.00482262	-0.00123648	-0.00482262	0.999988	-0.00286994	-0.011185	4.64392	
0.999999	-4.2934e-06	0.0014841	-4.30139e-06	0.999983	0.00579119	-0.0014841	-0.00579119	0.999982	-0.00413336	-0.016114	5.57269	
0.999999	-5.84805e-06	0.00173181	-5.86085e-06	0.999977	0.00676101	-0.00173181	-0.00676101	0.999976	-0.00562681	-0.0219432	6.50146	
0.999998	-7.64363e-06	0.00197958	-7.66284e-06	0.99997	0.00773205	-0.00197958	-0.00773205	0.999968	-0.00735035	-0.0286737	7.43022	
0.999998	-9.68047e-06	0.00222742	-9.70795e-06	0.999962	0.00870425	-0.00222742	-0.00870425	0.99996	-0.00930406	-0.0363066	8.35898	
0.999997	-1.19589e-05	0.00247531	-1.19967e-05	0.999953	0.00967759	-0.00247531	-0.00967759	0.99995	-0.011488	-0.044843	9.28772	
0.999996	-1.44792e-05	0.00272324	-1.45297e-05	0.999943	0.010652	-0.00272324	-0.010652	0.99994	-0.0139022	-0.054284	10.2165	
0.999996	-1.72415e-05	0.00297119	-1.73072e-05	0.999932	0.0116275	-0.00297119	-0.0116275	0.999928	-0.0165466	-0.0646304	11.1452	
0.999995	-2.02461e-05	0.00321916	-2.03299e-05	0.999921	0.012604	-0.00321916	-0.012604	0.999915	-0.0194214	-0.0758834	12.0739	
0.999994	-2.34931e-05	0.00346714	-2.35979e-05	0.999908	0.0135814	-0.00346714	-0.0135814	0.999902	-0.0225265	-0.0880437	13.0026	
0.999993	-2.69826e-05	0.00371512	-2.71118e-05	0.999894	0.0145598	-0.00371512	-0.0145598	0.999887	-0.0258618	-0.101112	13.9313	
0.999992	-3.07147e-05	0.00396308	-3.08717e-05	0.999879	0.0155391	-0.00396307	-0.0155391	0.999871	-0.0294276	-0.11509	14.86	
0.999991	-3.46894e-05	0.00421101	-3.4878e-05	0.999864	0.0165192	-0.00421101	-0.0165192	0.999855	-0.0332235	-0.129978	15.7886	
0.99999	-3.89067e-05	0.00445891	-3.91309e-05	0.999847	0.0175001	-0.0044589	-0.0175001	0.999837	-0.0372498	-0.145776	16.7173	
0.999989	-4.33665e-05	0.00470675	-4.36305e-05	0.999829	0.0184818	-0.00470675	-0.0184818	0.999818	-0.0415063	-0.162486	17.6459	
0.999988	-4.80687e-05	0.00495454	-4.8377e-05	0.999811	0.0194641	-0.00495454	-0.0194641	0.999798	-0.0459929	-0.180108	18.5745	
0.999986	-5.30132e-05	0.00520227	-5.33704e-05	0.999791	0.0204472	-0.00520226	-0.0204472	0.999777	-0.0507097	-0.198642	19.5031	
0.999985	-5.81998e-05	0.00544991	-5.86109e-05	0.99977	0.0214309	-0.0054499	-0.0214309	0.999755	-0.0556565	-0.21809	20.4317	
0.999984	-6.36283e-05	0.00569746	-6.40985e-05	0.999749	0.0224152	-0.00569745	-0.0224152	0.999733	-0.0608332	-0.238452	21.3602	
0.999982	-6.92984e-05	0.00594491	-6.98332e-05	0.999726	0.0234001	-0.0059449	-0.0234001	0.999709	-0.0662399	-0.259728	22.2888	
0.999981	-7.52097e-05	0.00619225	-7.58148e-05	0.999703	0.0243854	-0.00619224	-0.0243854	0.999683	-0.0718763	-0.28192	23.2173	
0.999979	-8.13621e-05	0.00643946	-8.20432e-05	0.999678	0.0253713	-0.00643945	-0.0253713	0.999657	-0.0777424	-0.305027	24.1457	
0.999978	-8.7755e-05	0.00668654	-8.85184e-05	0.999653	0.0263576	-0.00668653	-0.0263576	0.99963	-0.083838	-0.329049	25.0742	
0.999976	-9.43881e-05	0.00693348	-9.52402e-05	0.999626	0.0273442	-0.00693347	-0.0273442	0.999602	-0.0901631	-0.353988	26.0026	
0.999974	-0.000101261	0.00718027	-0.000102208	0.999599	0.0283312	-0.00718025	-0.0283312	0.999573	-0.0967174	-0.379843	26.931	
0.999972	-0.000108373	0.00742689	-0.000109422	0.99957	0.0293185	-0.00742687	-0.0293185	0.999543	-0.103501	-0.406615	27.8594	
0.999971	-0.000115723	0.00767333	-0.000116882	0.999541	0.0303061	-0.00767332	-0.0303061	0.999511	-0.110513	-0.434305	28.7878	
0.999969	-0.000123312	0.00791959	-0.000124587	0.99951	0.0312939	-0.00791957	-0.0312939	0.999479	-0.117755	-0.462911	29.7161	
0.999967	-0.000131138	0.00816566	-0.000132538	0.999479	0.0322819	-0.00816563	-0.0322819	0.999445	-0.125224	-0.492436	30.6444	
0.999965	-0.000139201	0.00841151	-0.000140732	0.999446	0.03327	-0.00841149	-0.03327	0.999411	-0.132923	-0.522878	31.5726	
0.999963	-0.0001475	0.00865715	-0.000149171	0.999413	0.0342583	-0.00865713	-0.0342583	0.999376	-0.140849	-0.554237	32.5009	
0.99996	-0.000156034	0.00890257	-0.000157854	0.999379	0.0352465	-0.00890254	-0.0352465	0.999339	-0.149004	-0.586515	33.429	
0.999958	-0.000164803	0.00914774	-0.000166779	0.999343	0.0362348	-0.00914771	-0.0362348	0.999301	-0.157386	-0.619711	34.3572	
0.999956	-0.000173805	0.00939267	-0.000175947	0.999307	0.0372231	-0.00939263	-0.0372231	0.999263	-0.165996	-0.653824	35.2853	
0.999954	-0.00018304	0.00963734	-0.000185357	0.99927	0.0382113	-0.0096373	-0.0382113	0.999223	-0.174834	-0.688855	36.2134	
0.999951	-0.000192508	0.00988175	-0.000195008	0.999231	0.0391994	-0.0098817	-0.0391994	0.999183	-0.183898	-0.724804	37.1415	
0.999949	-0.000202206	0.0101259	-0.0002049	0.999192	0.0401873	-0.0101258	-0.0401873	0.999141	-0.19319	-0.761671	38.0695	
0.999946	-0.000212134	0.0103697	-0.000215031	0.999152	0.0411751	-0.0103696	-0.0411751	0.999098	-0.202708	-0.799455	38.9974	
0.999944	-0.000222292	0.0106132	-0.000225401	0.999111	0.0421626	-0.0106132	-0.0421626	0.999054	-0.212452	-0.838157	39.9254	
0.999941	-0.000232677	0.0108565	-0.000236009	0.999069	0.0431498	-0.0108564	-0.0431498	0.99901	-0.222422	-0.877775	40.8533	
0.999938	-0.000243289	0.0110994	-0.000246854	0.999025	0.0441367	-0.0110993	-0.0441368	0.998964	-0.232618	-0.918311	41.7811	
0.999936	-0.000254127	0.011342	-0.000257936	0.998981	0.0451233	-0.0113419	-0.0451233	0.998917	-0.24304	-0.959763	42.7089	
0.999933	-0.000265189	0.0115842	-0.000269252	0.998936	0.0461095	-0.0115841	-0.0461095	0.998869	-0.253687	-1.00213	43.6367	
0.99993	-0.000276475	0.0118261	-0.000280804	0.99889	0.0470952	-0.011826	-0.0470952	0.99882	-0.264558	-1.04541	44.5644	
0.999927	-0.000287983	0.0120676	-0.000292588	0.998843	0.0480804	-0.0120675	-0.0480805	0.998771	-0.275654	-1.08961	45.492	
0.999924	-0.000299712	0.0123088	-0.000304605	0.998796	0.0490651	-0.0123087	-0.0490652	0.99872	-0.286974	-1.13473	46.4197	
0.999921	-0.000311661	0.0125496	-0.000316853	0.998747	0.0500493	-0.0125495	-0.0500493	0.998668	-0.298518	-1.18076	47.3472	
0.999918	-0.000323827	0.01279	-0.000329331	0.998697	0.0510328	-0.0127899	-0.0510329	0.998615	-0.310286	-1.2277	48.2748	
0.999915	-0.000336211	0.01303	-0.000342038	0.998646	0.0520157	-0.0130299	-0.0520158	0.998561	-0.322276	-1.27555	49.2022	
0.999912	-0.00034881	0.0132696	-0.000354973	0.998595	0.0529979	-0.0132694	-0.052998	0.998506	-0.334489	-1.32432	50.1297	
0.999909	-0.000361623	0.0135088	-0.000368134	0.998542	0.0539794	-0.0135086	-0.0539795	0.998451	-0.346925	-1.374	51.057	
0.999905	-0.000374648	0.0137475	-0.00038152	0.998488	0.0549601	-0.0137473	-0.0549602	0.998394	-0.359582	-1.42459	51.9844	
0.999902	-0.000387884	0.0139858	-0.00039513	0.998434	0.05594	-0.0139856	-0.0559401	0.998336	-0.372461	-1.47609	52.9116	
0.999899	-0.00040133	0.0142237	-0.000408963	0.998379	0.0569191	-0.0142235	-0.0569191	0.998277	-0.385562	-1.5285	53.8389	
0.999895	-0.000414984	0.0144611	-0.000423016	0.998322	0.0578972	-0.0144609	-0.0578973	0.998218	-0.398882	-1.58182	54.766	
0.999892	-0.000428843	0.0146981	-0.000437289	0.998265	0.0588744	-0.0146978	-0.0588745	0.998157	-0.412424	-1.63605	55.6931	
0.999888	-0.000442907	0.0149346	-0.00045178	0.998207	0.0598506	-0.0149343	-0.0598507	0.998096	-0.426185	-1.69119	56.6202	
0.999925	-0.000281819	0.0122312	-0.000441578	0.998252	0.0591008	-0.0122264	-0.0591018	0.998177	-0.438798	-1.74643	57.5472	
0.999955	-0.000122704	0.0095266	-0.000433412	0.998296	0.0583511	-0.00951753	-0.0583525	0.998251	-0.448896	-1.80097	58.4744	
0.999977	3.44327e-05	0.00682096	-0.000427282	0.99834	0.0576013	-0.00680765	-0.0576029	0.998316	-0.456477	-1.85482	59.4015	
0.999992	0.000189585	0.00411431	-0.000423187	0.998383	0.0568516	-0.00409688	-0.0568528	0.998374	-0.461541	-1.90797	60.3288	
0.999999	0.000342748	0.00140672	-0.000421129	0.998425	0.0561018	-0.00138528	-0.0561024	0.998424	-0.464087	-1.96043	61.2561	
0.999999	0.000493917	-0.00130172	-0.000421107	0.998467	0.0553521	0.00132706	-0.0553515	0.998466	-0.464114	-2.01219	62.1834	
0.999992	0.000643085	-0.00401094	-0.000423122	0.998508	0.0546024	0.00404007	-0.0546003	0.9985	-0.461621	-2.06325	63.1108	
0.999977	0.000790248	-0.00672087	-0.000427174	0.998549	0.0538527	0.00675367	-0.0538486	0.998526	-0.456609	-2.11361	64.0382	
0.999955	0.000935401	-0.00943143	-0.000433264	0.998589	0.053103	0.00946779	-0.0530965	0.998545	-0.449076	-2.16328	64.9657	
0.999926	0.00107854	-0.0121425	-0.000441391	0.998629	0.0523533	0.0121823	-0.052344	0.998555	-0.439022	-2.21224	65.8931	
0.999889	0.00121966	-0.0148541	-0.000451557	0.998668	0.0516035	0.0148973	-0.0515911	0.998557	-0.426446	-2.26051	66.8205	
0.999845	0.00135875	-0.0175661	-0.000463762	0.998706	0.0508538	0.0176125	-0.0508377	0.998552	-0.411349	-2.30808	67.748	
0.999793	0.00149582	-0.0202784	-0.000478007	0.998744	0.050104	0.0203279	-0.0500839	0.998538	-0.393729	-2.35494	68.6754	
0.999734	0.00163085	-0.022991	-0.000494291	0.998781	0.0493541	0.0230435	-0.0493297	0.998517	-0.373588	-2.40111	69.6029	
0.999668	0.00176384	-0.0257037	-0.000512616	0.998818	0.0486043	0.0257591	-0.048575	0.998487	-0.350924	-2.44658	70.5303	
0.999594	0.00189479	-0.0284166	-0.000532982	0.998854	0.0478544	0.0284747	-0.0478198	0.99845	-0.325738	-2.49134	71.4576	
0.998823	0.00273598	-0.0484358	-0.000983604	0.999345	0.0361663	0.0485031	-0.0360761	0.998171	-0.289989	-2.53031	72.3849	
0.997649	0.00334148	-0.0684441	-0.00166856	0.999699	0.0244847	0.0685053	-0.0243129	0.997354	-0.235648	-2.55835	73.3116	
0.996075	0.00371095	-0.0884307	-0.00258749	0.999915	0.0128157	0.0884707	-0.0125366	0.996	-0.162746	-2.57547	74.2374	
0.994102	0.00384421	-0.108385	-0.00373988	0.999992	0.00116579	0.108388	-0.00075357	0.994108	-0.0713221	-2.58164	75.1616	
0.991729	0.00374117	-0.128295	-0.00512513	0.999932	-0.0104589	0.128247	0.0110299	0.991681	0.038575	-2.57686	76.0838	
0.988959	0.0034019	-0.148152	-0.00674248	0.999734	-0.022052	0.148038	0.0228074	0.988719	0.166886	-2.56115	77.0036	
0.985793	0.00282658	-0.167944	-0.00859107	0.999398	-0.0336073	0.167748	0.0345726	0.985224	0.313541	-2.5345	77.9203	
0.982232	0.00201551	-0.18766	-0.0106699	0.998925	-0.0451185	0.187368	0.0463192	0.981197	0.478462	-2.49693	78.8335	
0.978279	0.000969133	-0.207291	-0.0129778	0.998314	-0.0565796	0.206886	0.0580408	0.976642	0.661559	-2.44847	79.7428	
0.973936	-0.000311982	-0.226825	-0.0155136	0.997566	-0.0679842	0.226294	0.0697311	0.97156	0.862735	-2.38913	80.6476	
0.969204	-0.00182715	-0.246251	-0.0182759	0.996681	-0.0793263	0.245579	0.0813838	0.965954	1.08188	-2.31895	81.5474	
0.964088	-0.00357555	-0.26556	-0.0212632	0.99566	-0.0905996	0.264732	0.0929927	0.959828	1.31887	-2.23797	82.4417	
0.958588	-0.00555624	-0.284741	-0.024474	0.994504	-0.101798	0.283742	0.104551	0.953184	1.57359	-2.14622	83.3302	
0.952709	-0.00776815	-0.303784	-0.0279064	0.993213	-0.112916	0.302599	0.116054	0.946026	1.8459	-2.04377	84.2122	
0.946454	-0.0102101	-0.322678	-0.0315586	0.991787	-0.123947	0.321293	0.127493	0.938358	2.13564	-1.93066	85.0873	
0.939825	-0.0128808	-0.341413	-0.0354286	0.990228	-0.134885	0.339814	0.138865	0.930185	2.44267	-1.80696	85.9551	
0.932827	-0.0157787	-0.359979	-0.0395145	0.988536	-0.145725	0.358151	0.150161	0.921509	2.76682	-1.67274	86.815	
0.925463	-0.0189023	-0.378366	-0.0438139	0.986712	-0.15646	0.376296	0.161376	0.912337	3.10791	-1.52805	87.6667	
0.917737	-0.02225	-0.396564	-0.0483245	0.984757	-0.167085	0.394237	0.172504	0.902673	3.46575	-1.373	88.5096	
0.909654	-0.0258199	-0.414564	-0.053044	0.982673	-0.177594	0.411967	0.183539	0.892523	3.84017	-1.20764	89.3433	
0.901217	-0.0296101	-0.432355	-0.0579697	0.98046	-0.187981	0.429474	0.194476	0.881891	4.23094	-1.03209	90.1674	
0.892431	-0.0336186	-0.449929	-0.063099	0.97812	-0.198241	0.446749	0.205307	0.870784	4.63787	-0.846423	90.9814	
