1	0	0	0	1	0	0	0	1	0	0	0	
0.999999	9.99614e-07	0.00150628	9.99614e-07	0.999999	-0.00132726	-0.00150628	0.00132726	0.999998	-0.000784709	0.000691451	1.04192	
0.999995	4.00057e-06	0.0030135	3.99973e-06	0.999996	-0.00265481	-0.0030135	0.00265481	0.999992	-0.00313933	0.00276595	2.08383	
0.99999	9.00555e-06	0.0045216	9.0022e-06	0.999992	-0.00398257	-0.0045216	0.00398257	0.999982	-0.00706482	0.00622376	3.12574	
0.999982	1.60168e-05	0.0060305	1.60085e-05	0.999986	-0.00531047	-0.0060305	0.00531047	0.999968	-0.012562	0.0110651	4.16763	
0.999972	2.50364e-05	0.00754011	2.50196e-05	0.999978	-0.00663845	-0.00754011	0.00663845	0.99995	-0.0196318	0.01729	5.20951	
0.999959	3.60656e-05	0.00905037	3.60362e-05	0.999968	-0.00796644	-0.00905037	0.00796644	0.999927	-0.0282748	0.0248985	6.25136	
0.999944	4.91057e-05	0.0105612	4.90587e-05	0.999957	-0.00929436	-0.0105612	0.00929436	0.999901	-0.0384916	0.0338907	7.29319	
0.999927	6.41574e-05	0.0120725	6.40868e-05	0.999944	-0.0106222	-0.0120725	0.0106222	0.999871	-0.0502828	0.0442664	8.33499	
0.999908	8.1221e-05	0.0135842	8.11202e-05	0.999929	-0.0119498	-0.0135842	0.0119498	0.999836	-0.0636489	0.0560255	9.37676	
0.999886	0.000100297	0.0150963	0.000100158	0.999912	-0.0132771	-0.0150963	0.0132771	0.999798	-0.0785903	0.0691676	10.4185	
0.999862	0.000121384	0.0166086	0.000121199	0.999893	-0.0146041	-0.0166086	0.0146041	0.999755	-0.0951072	0.0836926	11.4602	
0.999836	0.000144481	0.018121	0.000144241	0.999873	-0.0159307	-0.018121	0.0159307	0.999709	-0.1132	0.0996	12.5018	
0.999807	0.000169588	0.0196336	0.000169282	0.999851	-0.0172568	-0.0196336	0.0172568	0.999658	-0.132869	0.116889	13.5434	
0.999776	0.000196703	0.0211462	0.000196321	0.999827	-0.0185824	-0.0211462	0.0185824	0.999604	-0.154113	0.13556	14.5849	
0.999743	0.000225824	0.0226587	0.000225353	0.999802	-0.0199074	-0.0226587	0.0199073	0.999545	-0.176934	0.155612	15.6264	
0.999708	0.000256948	0.0241711	0.000256377	0.999775	-0.0212317	-0.0241711	0.0212316	0.999482	-0.20133	0.177043	16.6678	
0.99967	0.000290073	0.0256833	0.000289388	0.999746	-0.0225552	-0.0256833	0.0225552	0.999416	-0.227302	0.199855	17.7092	
0.99963	0.000325196	0.0271952	0.000324382	0.999715	-0.023878	-0.0271952	0.023878	0.999345	-0.25485	0.224044	18.7505	
0.999588	0.000362313	0.0287067	0.000361355	0.999682	-0.0251998	-0.0287067	0.0251998	0.99927	-0.283973	0.249612	19.7916	
0.999543	0.00040142	0.0302178	0.000400302	0.999648	-0.0265208	-0.0302178	0.0265207	0.999191	-0.31467	0.276556	20.8328	
0.999496	0.000442512	0.0317283	0.000441219	0.999612	-0.0278407	-0.0317283	0.0278406	0.999109	-0.346941	0.304876	21.8738	
0.999447	0.000485586	0.0332382	0.000484099	0.999575	-0.0291595	-0.0332383	0.0291595	0.999022	-0.380786	0.334571	22.9147	
0.999396	0.000530635	0.0347475	0.000528936	0.999535	-0.0304772	-0.0347475	0.0304771	0.998931	-0.416204	0.365639	23.9556	
0.999342	0.000577656	0.036256	0.000575726	0.999494	-0.0317936	-0.036256	0.0317936	0.998837	-0.453194	0.39808	24.9964	
0.999287	0.00062664	0.0377637	0.000624459	0.999452	-0.0331088	-0.0377637	0.0331088	0.998738	-0.491755	0.431892	26.037	
0.999228	0.000677584	0.0392704	0.000675131	0.999407	-0.0344227	-0.0392705	0.0344226	0.998636	-0.531887	0.467073	27.0776	
0.999168	0.000730479	0.0407762	0.000727733	0.999361	-0.0357351	-0.0407762	0.035735	0.998529	-0.573588	0.503622	28.118	
0.999105	0.000785319	0.0422809	0.000782258	0.999313	-0.037046	-0.0422809	0.037046	0.998419	-0.616858	0.541538	29.1583	
0.999041	0.000842096	0.0437844	0.000838696	0.999264	-0.0383554	-0.0437845	0.0383553	0.998304	-0.661694	0.580819	30.1985	
0.998974	0.000900803	0.0452867	0.000897041	0.999213	-0.0396632	-0.0452868	0.0396631	0.998186	-0.708097	0.621463	31.2386	
0.998904	0.000961432	0.0467877	0.000957283	0.99916	-0.0409693	-0.0467878	0.0409692	0.998064	-0.756064	0.66347	32.2786	
0.998833	0.00102397	0.0482874	0.00101941	0.999106	-0.0422736	-0.0482875	0.0422735	0.997939	-0.805594	0.706836	33.3184	
0.998759	0.00108842	0.0497855	0.00108342	0.99905	-0.0435761	-0.0497856	0.043576	0.997809	-0.856686	0.75156	34.3581	
0.998684	0.00115476	0.0512822	0.0011493	0.998992	-0.0448768	-0.0512823	0.0448766	0.997675	-0.909339	0.79764	35.3977	
0.998606	0.00122299	0.0527772	0.00121703	0.998933	-0.0461755	-0.0527773	0.0461753	0.997538	-0.96355	0.845074	36.4371	
0.998525	0.00129309	0.0542705	0.00128661	0.998872	-0.0474722	-0.0542707	0.047472	0.997397	-1.01932	0.893861	37.4764	
0.998443	0.00136505	0.0557621	0.00135802	0.998809	-0.0487668	-0.0557623	0.0487666	0.997252	-1.07664	0.943997	38.5156	
0.998359	0.00143887	0.0572518	0.00143127	0.998745	-0.0500592	-0.057252	0.050059	0.997104	-1.13552	0.995482	39.5545	
0.998272	0.00151454	0.0587397	0.00150632	0.99868	-0.0513495	-0.0587399	0.0513493	0.996952	-1.19594	1.04831	40.5934	
0.998184	0.00159203	0.0602255	0.00158317	0.998612	-0.0526375	-0.0602257	0.0526372	0.996796	-1.25792	1.10248	41.632	
0.998093	0.00167135	0.0617092	0.00166181	0.998544	-0.0539232	-0.0617095	0.0539229	0.996636	-1.32144	1.158	42.6705	
0.998	0.00175247	0.0631908	0.00174223	0.998473	-0.0552064	-0.0631911	0.0552061	0.996473	-1.38651	1.21485	43.7088	
0.997905	0.00183538	0.0646702	0.00182441	0.998402	-0.0564872	-0.0646705	0.0564868	0.996307	-1.45312	1.27304	44.747	
0.997808	0.00192008	0.0661472	0.00190833	0.998328	-0.0577654	-0.0661476	0.0577651	0.996136	-1.52127	1.33256	45.785	
0.997709	0.00200655	0.0676219	0.001994	0.998254	-0.0590411	-0.0676223	0.0590407	0.995963	-1.59096	1.39341	46.8228	
0.997608	0.00209477	0.0690942	0.00208138	0.998177	-0.0603141	-0.0690946	0.0603136	0.995785	-1.66219	1.45559	47.8604	
0.997505	0.00218474	0.0705639	0.00217046	0.9981	-0.0615844	-0.0705643	0.0615839	0.995604	-1.73494	1.51909	48.8978	
0.9974	0.00227643	0.072031	0.00226124	0.99802	-0.0628519	-0.0720314	0.0628513	0.99542	-1.80923	1.58392	49.9351	
0.997293	0.00236983	0.0734954	0.00235369	0.99794	-0.0641165	-0.0734959	0.0641159	0.995232	-1.88504	1.65006	50.9721	
0.997184	0.00246493	0.074957	0.0024478	0.997858	-0.0653783	-0.0749576	0.0653776	0.995041	-1.96238	1.71752	52.009	
0.997073	0.00256171	0.0764158	0.00254356	0.997774	-0.066637	-0.0764164	0.0666363	0.994847	-2.04124	1.7863	53.0456	
0.99696	0.00266016	0.0778718	0.00264094	0.997689	-0.0678927	-0.0778724	0.067892	0.994649	-2.12162	1.85638	54.0821	
0.996845	0.00276026	0.0793247	0.00273994	0.997603	-0.0691454	-0.0793254	0.0691446	0.994448	-2.20351	1.92777	55.1183	
0.996728	0.00286199	0.0807746	0.00284053	0.997515	-0.0703948	-0.0807753	0.070394	0.994243	-2.28692	2.00046	56.1544	
0.99661	0.00296534	0.0822213	0.00294269	0.997426	-0.0716411	-0.0822221	0.0716401	0.994036	-2.37183	2.07446	57.1902	
0.996489	0.00307029	0.0836648	0.00304642	0.997336	-0.072884	-0.0836657	0.072883	0.993825	-2.45825	2.14975	58.2258	
0.996367	0.00317682	0.0851051	0.00315168	0.997244	-0.0741236	-0.085106	0.0741225	0.993611	-2.54618	2.22633	59.2611	
0.996243	0.00328491	0.086542	0.00325847	0.997151	-0.0753598	-0.086543	0.0753587	0.993394	-2.6356	2.30421	60.2963	
0.996117	0.00339456	0.0879754	0.00336677	0.997057	-0.0765925	-0.0879765	0.0765913	0.993174	-2.72652	2.38337	61.3312	
0.995989	0.00350573	0.0894054	0.00347655	0.996961	-0.0778217	-0.0894065	0.0778204	0.99295	-2.81893	2.46381	62.3659	
0.99586	0.00361841	0.0908318	0.0035878	0.996864	-0.0790473	-0.090833	0.0790459	0.992724	-2.91282	2.54553	63.4004	
0.995728	0.00373259	0.0922545	0.00370049	0.996766	-0.0802693	-0.0922558	0.0802678	0.992495	-3.00821	2.62853	64.4346	
0.995596	0.00384823	0.0936735	0.00381462	0.996667	-0.0814875	-0.0936749	0.0814859	0.992263	-3.10507	2.71279	65.4686	
0.995461	0.00396533	0.0950887	0.00393015	0.996567	-0.082702	-0.0950902	0.0827003	0.992027	-3.20341	2.79833	66.5023	
0.995325	0.00408386	0.0965	0.00404707	0.996465	-0.0839126	-0.0965016	0.0839108	0.991789	-3.30322	2.88513	67.5358	
0.995416	0.00400163	0.0955521	0.00445247	0.996102	-0.0880996	-0.0955321	0.0881212	0.991518	-3.40326	2.97475	68.569	
0.995508	0.00391508	0.0946011	0.00485344	0.995721	-0.0922819	-0.0945576	0.0923265	0.991229	-3.50229	3.06875	69.6019	
0.995598	0.00382417	0.0936468	0.00524994	0.995323	-0.0964594	-0.0935777	0.0965264	0.990922	-3.6003	3.16714	70.6346	
0.995688	0.00372883	0.0926891	0.00564194	0.994908	-0.100632	-0.0925923	0.100721	0.990597	-3.69729	3.2699	71.6669	
0.997052	0.00193798	0.0766998	0.00736876	0.992641	-0.120871	-0.0763696	0.12108	0.989701	-3.78532	3.38545	72.6986	
0.998154	-0.000180974	0.0607304	0.00876344	0.989959	-0.141084	-0.0600951	0.141356	0.988133	-3.85641	3.52218	73.729	
0.998993	-0.00262658	0.0447918	0.00982506	0.986863	-0.161259	-0.0437798	0.161537	0.985895	-3.91053	3.67998	74.7574	
0.999568	-0.0053972	0.0288947	0.0105529	0.983356	-0.181381	-0.0274348	0.181608	0.982988	-3.94763	3.85876	75.7832	
0.999879	-0.00849093	0.0130499	0.0109464	0.97944	-0.201437	-0.0110712	0.201556	0.979414	-3.96769	4.05838	76.8056	
0.999925	-0.0119057	-0.00273182	0.0110054	0.975118	-0.221414	0.00529993	0.221367	0.975176	-3.9707	4.27872	77.8239	
0.999708	-0.0156391	-0.0184397	0.0107298	0.970392	-0.241296	0.0216675	0.241028	0.970276	-3.95665	4.51962	78.8375	
0.999226	-0.0196888	-0.0340632	0.0101198	0.965266	-0.261072	0.0380203	0.260525	0.964718	-3.92555	4.78093	79.8456	
0.99848	-0.0240518	-0.0495917	0.00917577	0.959744	-0.280728	0.0543473	0.279846	0.958505	-3.87743	5.06245	80.8476	
0.997471	-0.0287253	-0.0650145	0.0078984	0.953828	-0.30025	0.0706375	0.298977	0.951642	-3.81232	5.36401	81.8427	
0.996199	-0.0337062	-0.0803214	0.00628856	0.947523	-0.319625	0.0868797	0.317905	0.944134	-3.73025	5.6854	82.8304	
0.994665	-0.0389909	-0.0955018	0.00434732	0.940834	-0.33884	0.103063	0.336617	0.935984	-3.63129	6.0264	83.8099	
0.992871	-0.0445759	-0.110545	0.002076	0.933764	-0.357882	0.119176	0.355101	0.9272	-3.51551	6.38678	84.7806	
0.990817	-0.0504575	-0.125442	-0.00052385	0.92632	-0.376738	0.135209	0.373344	0.917787	-3.38298	6.76629	85.7419	
0.988505	-0.0566317	-0.140182	-0.00345047	0.918505	-0.395395	0.15115	0.391334	0.907751	-3.23379	7.16468	86.6929	
0.985936	-0.0630942	-0.154755	-0.00670188	0.910324	-0.413841	0.166988	0.409058	0.897099	-3.06804	7.58168	87.6332	
0.983113	-0.0698407	-0.16915	-0.0102759	0.901785	-0.432063	0.182713	0.426505	0.885838	-2.88585	8.017	88.5621	
0.980036	-0.0768666	-0.183359	-0.01417	0.892892	-0.450049	0.198314	0.443662	0.873977	-2.68734	8.47034	89.479	
0.976709	-0.0841671	-0.197372	-0.0183817	0.883651	-0.467786	0.21378	0.460518	0.861522	-2.47264	8.94141	90.3832	
0.973133	-0.0917373	-0.211179	-0.022908	0.874069	-0.485262	0.229102	0.477062	0.848483	-2.24191	9.42988	91.274	
0.969311	-0.099572	-0.224771	-0.0277459	0.864152	-0.502466	0.244268	0.493282	0.834869	-1.99529	9.93542	92.1511	
0.965245	-0.107666	-0.238138	-0.0328921	0.853906	-0.519386	0.259268	0.509168	0.820688	-1.73295	10.4577	93.0136	
0.960939	-0.116014	-0.251272	-0.0383431	0.84334	-0.536011	0.274092	0.524708	0.80595	-1.45508	10.9963	93.861	
0.956394	-0.124609	-0.264163	-0.0440952	0.83246	-0.552328	0.28873	0.539892	0.790665	-1.16185	11.551	94.6929	
0.951615	-0.133447	-0.276803	-0.0501445	0.821273	-0.568328	0.303173	0.55471	0.774844	-0.853477	12.1212	95.5085	
0.946605	-0.142522	-0.289184	-0.056487	0.809787	-0.583999	0.31741	0.569151	0.758497	-0.53016	12.7068	96.3073	
0.941366	-0.151826	-0.301296	-0.0631182	0.798009	-0.59933	0.331431	0.583206	0.741636	-0.192121	13.3071	97.0889	
0.935902	-0.161354	-0.313132	-0.0700338	0.785949	-0.614312	0.345228	0.596866	0.724271	0.160411	13.9219	97.8526	
0.930218	-0.1711	-0.324684	-0.0772289	0.773613	-0.628934	0.35879	0.610121	0.706415	0.527196	14.5508	98.598	
0.924317	-0.181056	-0.335943	-0.0846988	0.761011	-0.643186	0.372109	0.622961	0.68808	0.907986	15.1932	99.3245	
