1	0	0	0	1	0	0	0	1	0	0	0	
0.99999	2.23949e-07	-0.00436267	2.23949e-07	1	0.000102666	0.00436267	-0.000102666	0.99999	0.00201058	-4.73144e-05	0.921714	
0.999962	8.995e-07	-0.00873029	9.0484e-07	1	0.000206672	0.00873029	-0.000206672	0.999962	0.00804459	-0.000189875	1.84341	
0.999914	2.03353e-06	-0.0131027	2.05492e-06	1	0.000312017	0.0131027	-0.000312018	0.999914	0.0181065	-0.000428918	2.76507	
0.999847	3.63293e-06	-0.0174798	3.68645e-06	1	0.000418702	0.0174798	-0.000418702	0.999847	0.0322008	-0.000765677	3.68668	
0.999761	5.70456e-06	-0.0218613	5.81171e-06	1	0.000526723	0.0218613	-0.000526725	0.999761	0.0503315	-0.00120139	4.60822	
0.999655	8.25528e-06	-0.0262472	8.443e-06	1	0.000636081	0.0262472	-0.000636084	0.999655	0.0725028	-0.00173728	5.52967	
0.999531	1.1292e-05	-0.0306373	1.15926e-05	1	0.000746774	0.0306373	-0.000746778	0.99953	0.0987185	-0.00237458	6.45101	
0.999386	1.48214e-05	-0.0350314	1.52729e-05	1	0.000858799	0.0350314	-0.000858807	0.999386	0.128983	-0.00311453	7.37223	
0.999222	1.88505e-05	-0.0394294	1.94962e-05	1	0.000972156	0.0394294	-0.000972169	0.999222	0.163299	-0.00395835	8.29331	
0.999039	2.33861e-05	-0.0438311	2.42748e-05	0.999999	0.00108684	0.0438311	-0.00108686	0.999038	0.20167	-0.00490728	9.21422	
0.998836	2.8435e-05	-0.0482364	2.96211e-05	0.999999	0.00120286	0.0482364	-0.00120289	0.998835	0.2441	-0.00596253	10.135	
0.998613	3.4004e-05	-0.0526451	3.55473e-05	0.999999	0.0013202	0.0526451	-0.00132024	0.998612	0.290592	-0.00712533	11.0555	
0.998371	4.00998e-05	-0.0570571	4.2066e-05	0.999999	0.00143886	0.0570571	-0.00143892	0.99837	0.34115	-0.00839692	11.9758	
0.998109	4.67293e-05	-0.0614722	4.91894e-05	0.999999	0.00155885	0.0614722	-0.00155892	0.998108	0.395775	-0.0097785	12.8959	
0.997827	5.38993e-05	-0.0658902	5.69299e-05	0.999999	0.00168015	0.0658902	-0.00168025	0.997825	0.454471	-0.0112713	13.8158	
0.997525	6.16165e-05	-0.0703111	6.52999e-05	0.999998	0.00180277	0.0703111	-0.0018029	0.997523	0.517241	-0.0128765	14.7353	
0.997203	6.98876e-05	-0.0747346	7.43116e-05	0.999998	0.0019267	0.0747346	-0.00192687	0.997202	0.584086	-0.0145954	15.6546	
0.996862	7.87194e-05	-0.0791606	8.39775e-05	0.999998	0.00205195	0.0791606	-0.00205215	0.99686	0.655011	-0.0164292	16.5736	
0.9965	8.81186e-05	-0.0835889	9.43099e-05	0.999998	0.0021785	0.0835889	-0.00217876	0.996498	0.730015	-0.0183791	17.4923	
0.996119	9.80919e-05	-0.0880195	0.000105321	0.999997	0.00230635	0.0880195	-0.00230667	0.996116	0.809102	-0.0204462	18.4106	
0.995717	0.000108646	-0.0924521	0.000117024	0.999997	0.00243551	0.092452	-0.0024359	0.995714	0.892274	-0.0226319	19.3285	
0.995295	0.000119787	-0.0968865	0.00012943	0.999997	0.00256597	0.0968865	-0.00256643	0.995292	0.979533	-0.0249372	20.2461	
0.994854	0.000131523	-0.101323	0.000142551	0.999996	0.00269772	0.101323	-0.00269828	0.99485	1.07088	-0.0273635	21.1633	
0.994392	0.000143859	-0.105761	0.000156401	0.999996	0.00283076	0.10576	-0.00283142	0.994388	1.16632	-0.029912	22.0801	
0.993909	0.000156803	-0.1102	0.000170991	0.999996	0.00296509	0.1102	-0.00296587	0.993905	1.26584	-0.0325837	22.9964	
0.993407	0.00017036	-0.11464	0.000186334	0.999995	0.0031007	0.11464	-0.00310162	0.993402	1.36946	-0.0353799	23.9122	
0.992884	0.000184538	-0.119082	0.000202442	0.999995	0.00323759	0.119082	-0.00323866	0.992879	1.47718	-0.0383019	24.8276	
0.992342	0.000199342	-0.123524	0.000219327	0.999994	0.00337576	0.123524	-0.003377	0.992336	1.58898	-0.0413508	25.7425	
0.991778	0.000214781	-0.127968	0.000237001	0.999994	0.00351519	0.127968	-0.00351662	0.991772	1.70489	-0.0445278	26.6569	
0.991195	0.000230859	-0.132412	0.000255477	0.999993	0.0036559	0.132412	-0.00365754	0.991188	1.82488	-0.0478341	27.5708	
0.990591	0.000247584	-0.136857	0.000274766	0.999993	0.00379787	0.136856	-0.00379974	0.990584	1.94898	-0.0512708	28.4841	
0.989967	0.000264961	-0.141301	0.000294882	0.999992	0.00394109	0.141301	-0.00394322	0.989959	2.07717	-0.0548392	29.3969	
0.989322	0.000282998	-0.145747	0.000315835	0.999992	0.00408557	0.145747	-0.00408798	0.989314	2.20946	-0.0585405	30.309	
0.988657	0.000301701	-0.150192	0.000337638	0.999991	0.0042313	0.150192	-0.00423401	0.988648	2.34585	-0.0623758	31.2206	
0.987971	0.000321076	-0.154637	0.000360304	0.99999	0.00437827	0.154637	-0.00438132	0.987962	2.48633	-0.0663462	32.1315	
0.987265	0.000341129	-0.159082	0.000383843	0.99999	0.00452648	0.159082	-0.0045299	0.987255	2.63091	-0.070453	33.0418	
0.986539	0.000361867	-0.163526	0.000408269	0.999989	0.00467592	0.163526	-0.00467974	0.986528	2.77959	-0.0746974	33.9515	
0.985792	0.000383296	-0.16797	0.000433593	0.999988	0.00482659	0.16797	-0.00483084	0.98578	2.93236	-0.0790804	34.8604	
0.985025	0.000405423	-0.172414	0.000459827	0.999988	0.00497848	0.172414	-0.00498321	0.985012	3.08923	-0.0836033	35.7687	
0.984237	0.000428253	-0.176856	0.000486983	0.999987	0.00513159	0.176856	-0.00513683	0.984223	3.25019	-0.0882672	36.6762	
0.983428	0.000451793	-0.181298	0.000515073	0.999986	0.00528591	0.181298	-0.0052917	0.983414	3.41525	-0.0930733	37.583	
0.982599	0.000476049	-0.185738	0.000544108	0.999985	0.00544144	0.185738	-0.00544782	0.982584	3.5844	-0.0980227	38.4891	
0.98175	0.000501026	-0.190177	0.000574101	0.999984	0.00559816	0.190177	-0.00560518	0.981734	3.75765	-0.103117	39.3944	
0.98088	0.000526733	-0.194615	0.000605063	0.999983	0.00575608	0.194614	-0.00576378	0.980863	3.93498	-0.108356	40.2988	
0.979989	0.000553173	-0.199051	0.000637006	0.999982	0.00591519	0.19905	-0.00592362	0.979971	4.1164	-0.113742	41.2025	
0.979078	0.000580354	-0.203485	0.000669942	0.999981	0.00607548	0.203485	-0.00608469	0.979059	4.30192	-0.119276	42.1053	
0.978146	0.000608281	-0.207917	0.000703881	0.99998	0.00623694	0.207917	-0.00624699	0.978127	4.49152	-0.12496	43.0073	
0.977194	0.000636961	-0.212348	0.000738837	0.999979	0.00639957	0.212347	-0.00641052	0.977173	4.6852	-0.130793	43.9085	
0.976221	0.000666398	-0.216776	0.000774819	0.999978	0.00656337	0.216775	-0.00657526	0.976199	4.88296	-0.136778	44.8087	
0.975228	0.000696601	-0.221202	0.000811841	0.999977	0.00672832	0.221201	-0.00674122	0.975205	5.08481	-0.142915	45.708	
0.974214	0.000727573	-0.225625	0.000849912	0.999976	0.00689441	0.225625	-0.00690839	0.97419	5.29073	-0.149205	46.6064	
0.97318	0.000759321	-0.230046	0.000889045	0.999975	0.00706165	0.230045	-0.00707677	0.973154	5.50073	-0.15565	47.5039	
0.972125	0.000791851	-0.234464	0.000929251	0.999973	0.00723002	0.234463	-0.00724636	0.972098	5.71481	-0.162251	48.4003	
0.971049	0.000825169	-0.238879	0.000970541	0.999972	0.00739952	0.238878	-0.00741714	0.971021	5.93295	-0.169009	49.2958	
0.969953	0.000859279	-0.243291	0.00101293	0.999971	0.00757014	0.24329	-0.00758912	0.969924	6.15516	-0.175925	50.1903	
0.968837	0.000894189	-0.247699	0.00105642	0.999969	0.00774187	0.247699	-0.00776228	0.968806	6.38144	-0.183	51.0838	
0.967699	0.000929904	-0.252105	0.00110103	0.999968	0.00791471	0.252104	-0.00793664	0.967668	6.61178	-0.190235	51.9763	
0.966542	0.000966429	-0.256507	0.00114676	0.999967	0.00808865	0.256506	-0.00811217	0.966509	6.84617	-0.197631	52.8677	
0.965364	0.00100377	-0.260905	0.00119364	0.999965	0.00826367	0.260904	-0.00828888	0.965329	7.08463	-0.20519	53.758	
0.964165	0.00104193	-0.265299	0.00124167	0.999964	0.00843978	0.265299	-0.00846675	0.964129	7.32713	-0.212912	54.6472	
0.962947	0.00108092	-0.26969	0.00129086	0.999962	0.00861696	0.269689	-0.0086458	0.962909	7.57369	-0.220798	55.5353	
0.961499	0.00113614	-0.274805	0.00224044	0.999926	0.011973	0.274798	-0.0121277	0.961425	7.82462	-0.230372	56.4221	
0.960023	0.00120998	-0.27992	0.00320773	0.999877	0.0153234	0.279904	-0.0156087	0.959901	8.08026	-0.243154	57.3076	
0.958517	0.00130248	-0.285034	0.00419271	0.999817	0.018668	0.285006	-0.0190887	0.958336	8.3406	-0.259145	58.1916	
0.956981	0.00141368	-0.290146	0.00519535	0.999744	0.0220068	0.290103	-0.0225675	0.956729	8.60565	-0.278343	59.0742	
0.955417	0.00154361	-0.295256	0.00621564	0.99966	0.0253394	0.295195	-0.0260449	0.955082	8.87539	-0.300746	59.9553	
0.953824	0.00169229	-0.300363	0.00725355	0.999563	0.0286659	0.30028	-0.0295209	0.953394	9.14982	-0.326354	60.8348	
0.952201	0.00185975	-0.305466	0.00830904	0.999454	0.031986	0.305358	-0.0329952	0.951666	9.42893	-0.355165	61.7128	
0.95055	0.00204599	-0.310564	0.00938208	0.999333	0.0352995	0.310429	-0.0364677	0.949897	9.71273	-0.387178	62.5891	
0.948871	0.00225102	-0.315657	0.0104726	0.9992	0.0386064	0.315491	-0.0399383	0.948088	10.0012	-0.42239	63.4638	
0.947163	0.00247485	-0.320745	0.0115807	0.999054	0.0419066	0.320545	-0.0434068	0.946238	10.2943	-0.460801	64.3369	
0.945426	0.00271747	-0.325825	0.0127062	0.998897	0.0451997	0.325589	-0.046873	0.944349	10.5921	-0.502407	65.2082	
0.943662	0.00297886	-0.330899	0.0138491	0.998728	0.0484858	0.330622	-0.0503369	0.94242	10.8945	-0.547207	66.0777	
0.941869	0.00325902	-0.335964	0.0150093	0.998547	0.0517647	0.335645	-0.0537982	0.940451	11.2016	-0.595199	66.9454	
0.940049	0.00355792	-0.341021	0.0161869	0.998353	0.0550362	0.340655	-0.0572568	0.938443	11.5132	-0.64638	67.8113	
0.938201	0.00387553	-0.346069	0.0173817	0.998148	0.0583003	0.345654	-0.0607127	0.936396	11.8295	-0.700747	68.6754	
0.936326	0.00421181	-0.351106	0.0185938	0.99793	0.0615567	0.350639	-0.0641656	0.93431	12.1504	-0.758299	69.5375	
0.934424	0.00456674	-0.356134	0.019823	0.997701	0.0648054	0.355611	-0.0676153	0.932185	12.4759	-0.819031	70.3977	
0.932452	0.00500053	-0.361258	0.0278317	0.995939	0.085623	0.360219	-0.0898938	0.928526	12.8058	-0.891624	71.2553	
0.930456	0.0055569	-0.366361	0.0359414	0.993679	0.106353	0.364636	-0.112125	0.924375	13.1399	-0.98473	72.1092	
0.928436	0.00623555	-0.37144	0.0441477	0.990922	0.126985	0.36886	-0.134296	0.919732	13.4779	-1.0983	72.9591	
0.926393	0.00703614	-0.376492	0.0524464	0.987669	0.147508	0.372887	-0.156396	0.914601	13.8198	-1.23227	73.8045	
0.924329	0.00795822	-0.381514	0.060833	0.983924	0.16791	0.376717	-0.178413	0.908985	14.1653	-1.38658	74.645	
0.922244	0.00900131	-0.386504	0.069303	0.979686	0.188181	0.380346	-0.200335	0.902886	14.5142	-1.56114	75.48	
0.920139	0.0101649	-0.391459	0.0778519	0.974959	0.20831	0.383774	-0.22215	0.896307	14.8664	-1.75585	76.3093	
0.918017	0.0114482	-0.396377	0.0864753	0.969746	0.228287	0.386998	-0.243848	0.889253	15.2216	-1.97062	77.1322	
0.915877	0.0128508	-0.401254	0.0951686	0.964048	0.248101	0.390016	-0.265417	0.881726	15.5797	-2.20533	77.9484	
0.913721	0.0143717	-0.406089	0.103927	0.957869	0.267741	0.392828	-0.286844	0.873732	15.9405	-2.45985	78.7574	
0.91155	0.0160103	-0.410878	0.112746	0.951213	0.287197	0.39543	-0.308119	0.865273	16.3038	-2.73406	79.5589	
0.909365	0.0177656	-0.415619	0.121621	0.944082	0.306458	0.397823	-0.329231	0.856355	16.6694	-3.0278	80.3524	
0.907168	0.0196367	-0.42031	0.130547	0.936481	0.325515	0.400005	-0.350167	0.846982	17.0371	-3.34092	81.1374	
0.904959	0.0216226	-0.424949	0.13952	0.928414	0.344358	0.401974	-0.370918	0.83716	17.4067	-3.67325	81.9136	
0.90274	0.0237223	-0.429532	0.148534	0.919884	0.362975	0.40373	-0.391472	0.826893	17.778	-4.02462	82.6805	
0.900512	0.0259346	-0.434057	0.157585	0.910897	0.381358	0.405271	-0.411818	0.816187	18.1509	-4.39484	83.4378	
0.898276	0.0282584	-0.438522	0.166668	0.901457	0.399496	0.406597	-0.431945	0.805048	18.5251	-4.78372	84.185	
0.896034	0.0306924	-0.442924	0.175778	0.891569	0.41738	0.407708	-0.451843	0.793481	18.9004	-5.19104	84.9217	
0.893785	0.0332353	-0.447262	0.184911	0.881239	0.435001	0.408602	-0.471501	0.781493	19.2766	-5.61659	85.6476	
0.891533	0.0358858	-0.451532	0.194062	0.870471	0.452349	0.409279	-0.490909	0.76909	19.6535	-6.06014	86.3622	
0.889277	0.0386426	-0.455733	0.203225	0.859273	0.469415	0.409738	-0.510056	0.756279	20.031	-6.52147	87.0652	
