1	0	0	0	1	0	0	0	1	0	0	0	
0.999996	2.37918e-06	0.00279973	2.37918e-06	0.999999	-0.00169957	-0.00279973	0.00169957	0.999995	-0.00106263	0.000645066	0.75909	
0.999984	9.53061e-06	0.0056035	9.53077e-06	0.999994	-0.00340165	-0.0056035	0.00340165	0.999979	-0.00425204	0.00258122	1.51817	
0.999965	2.14749e-05	0.00841123	2.14755e-05	0.999987	-0.00510619	-0.00841123	0.00510619	0.999952	-0.00957127	0.00581033	2.27724	
0.999937	3.82324e-05	0.0112229	3.8234e-05	0.999977	-0.00681315	-0.0112229	0.00681315	0.999914	-0.0170233	0.0103343	3.03628	
0.999901	5.9823e-05	0.0140383	5.98262e-05	0.999964	-0.00852249	-0.0140383	0.00852249	0.999865	-0.0266111	0.0161548	3.79528	
0.999858	8.62666e-05	0.0168575	8.62721e-05	0.999948	-0.0102342	-0.0168575	0.0102342	0.999806	-0.0383374	0.0232739	4.55425	
0.999806	0.000117582	0.0196803	0.000117591	0.999929	-0.0119481	-0.0196803	0.0119481	0.999735	-0.0522052	0.031693	5.31317	
0.999747	0.00015379	0.0225068	0.000153803	0.999907	-0.0136643	-0.0225068	0.0136643	0.999653	-0.0682172	0.0414141	6.07203	
0.999679	0.000194907	0.0253368	0.000194926	0.999882	-0.0153827	-0.0253368	0.0153827	0.999561	-0.086376	0.0524388	6.83082	
0.999603	0.000240953	0.0281702	0.00024098	0.999854	-0.0171032	-0.0281702	0.0171032	0.999457	-0.106684	0.0647687	7.58954	
0.999519	0.000291946	0.0310071	0.000291981	0.999823	-0.0188259	-0.0310071	0.0188259	0.999342	-0.129145	0.0784054	8.34817	
0.999427	0.000347904	0.0338472	0.00034795	0.999789	-0.0205506	-0.0338472	0.0205506	0.999216	-0.15376	0.0933506	9.10672	
0.999327	0.000408844	0.0366906	0.000408902	0.999752	-0.0222774	-0.0366906	0.0222774	0.999078	-0.180532	0.109606	9.86516	
0.999218	0.000474784	0.0395371	0.000474857	0.999712	-0.0240061	-0.0395371	0.0240061	0.99893	-0.209464	0.127172	10.6235	
0.999101	0.00054574	0.0423868	0.00054583	0.999669	-0.0257368	-0.0423868	0.0257368	0.99877	-0.240558	0.146052	11.3817	
0.998976	0.000621729	0.0452394	0.000621838	0.999622	-0.0274693	-0.0452394	0.0274693	0.998598	-0.273816	0.166246	12.1398	
0.998843	0.000702768	0.048095	0.000702899	0.999573	-0.0292037	-0.048095	0.0292037	0.998416	-0.309241	0.187756	12.8978	
0.998701	0.000788873	0.0509535	0.000789029	0.999521	-0.0309399	-0.0509535	0.03094	0.998222	-0.346834	0.210584	13.6556	
0.998551	0.000880059	0.0538148	0.000880242	0.999466	-0.0326779	-0.0538148	0.0326779	0.998016	-0.386599	0.23473	14.4132	
0.998392	0.000976342	0.0566788	0.000976556	0.999407	-0.0344176	-0.0566788	0.0344176	0.997799	-0.428536	0.260195	15.1708	
0.998225	0.00107774	0.0595455	0.00107799	0.999345	-0.036159	-0.0595455	0.036159	0.99757	-0.472649	0.286982	15.9281	
0.99805	0.00118426	0.0624147	0.00118454	0.999281	-0.037902	-0.0624147	0.037902	0.99733	-0.518938	0.315092	16.6852	
0.997866	0.00129592	0.0652865	0.00129625	0.999213	-0.0396465	-0.0652865	0.0396465	0.997079	-0.567407	0.344525	17.4422	
0.997673	0.00141274	0.0681607	0.00141311	0.999142	-0.0413926	-0.0681607	0.0413927	0.996815	-0.618056	0.375283	18.199	
0.997472	0.00153473	0.0710373	0.00153515	0.999068	-0.0431402	-0.0710373	0.0431403	0.99654	-0.670888	0.407367	18.9556	
0.997263	0.0016619	0.0739162	0.00166237	0.998991	-0.0448893	-0.0739162	0.0448893	0.996254	-0.725904	0.440779	19.7119	
0.997045	0.00179427	0.0767973	0.0017948	0.99891	-0.0466398	-0.0767973	0.0466398	0.995955	-0.783107	0.475518	20.468	
0.996819	0.00193185	0.0796806	0.00193244	0.998827	-0.0483916	-0.0796805	0.0483916	0.995645	-0.842498	0.511587	21.2239	
0.996583	0.00207465	0.0825659	0.00207531	0.99874	-0.0501448	-0.0825659	0.0501448	0.995323	-0.904077	0.548986	21.9796	
0.99634	0.00222268	0.0854532	0.00222341	0.99865	-0.0518992	-0.0854532	0.0518992	0.99499	-0.967848	0.587716	22.735	
0.996087	0.00237596	0.0883425	0.00237677	0.998557	-0.0536549	-0.0883425	0.0536549	0.994644	-1.03381	0.627779	23.4902	
0.995826	0.0025345	0.0912336	0.00253539	0.99846	-0.0554117	-0.0912336	0.0554117	0.994287	-1.10197	0.669175	24.2451	
0.995557	0.00269831	0.0941265	0.00269929	0.998361	-0.0571697	-0.0941265	0.0571697	0.993917	-1.17232	0.711905	24.9997	
0.995278	0.0028674	0.0970212	0.00286847	0.998258	-0.0589288	-0.0970211	0.0589288	0.993536	-1.24487	0.755969	25.754	
0.994991	0.00304179	0.0999174	0.00304296	0.998152	-0.0606889	-0.0999174	0.060689	0.993143	-1.31962	0.80137	26.5081	
0.994695	0.00322148	0.102815	0.00322275	0.998043	-0.0624501	-0.102815	0.0624502	0.992738	-1.39656	0.848107	27.2618	
0.994391	0.00340648	0.105715	0.00340786	0.99793	-0.0642122	-0.105715	0.0642123	0.992321	-1.47571	0.896181	28.0152	
0.994077	0.0035968	0.108615	0.0035983	0.997815	-0.0659753	-0.108615	0.0659754	0.991892	-1.55706	0.945593	28.7683	
0.993755	0.00379246	0.111518	0.00379408	0.997696	-0.0677392	-0.111517	0.0677393	0.991451	-1.64061	0.996344	29.5211	
0.993424	0.00399346	0.114421	0.00399521	0.997574	-0.069504	-0.114421	0.0695041	0.990998	-1.72636	1.04843	30.2735	
0.993085	0.00419981	0.117326	0.0042017	0.997448	-0.0712696	-0.117325	0.0712697	0.990533	-1.81432	1.10186	31.0256	
0.992736	0.00441153	0.120231	0.00441356	0.99732	-0.0730359	-0.120231	0.073036	0.990056	-1.90449	1.15663	31.7773	
0.992379	0.00462861	0.123138	0.00463079	0.997188	-0.0748029	-0.123138	0.0748031	0.989566	-1.99686	1.21275	32.5287	
0.992013	0.00485107	0.126046	0.00485341	0.997052	-0.0765706	-0.126046	0.0765708	0.989065	-2.09143	1.2702	33.2797	
0.991637	0.00507892	0.128955	0.00508142	0.996914	-0.0783389	-0.128955	0.0783391	0.988551	-2.18822	1.329	34.0302	
0.991254	0.00531215	0.131864	0.00531483	0.996772	-0.0801078	-0.131864	0.080108	0.988026	-2.28721	1.38913	34.7805	
0.990861	0.00555079	0.134775	0.00555366	0.996627	-0.0818772	-0.134774	0.0818774	0.987488	-2.38841	1.45061	35.5302	
0.990459	0.00579484	0.137686	0.00579789	0.996479	-0.0836471	-0.137686	0.0836473	0.986938	-2.49182	1.51344	36.2796	
0.990048	0.0060443	0.140597	0.00604755	0.996327	-0.0854175	-0.140597	0.0854177	0.986375	-2.59744	1.57761	37.0286	
0.989629	0.00629919	0.14351	0.00630264	0.996172	-0.0871882	-0.14351	0.0871885	0.985801	-2.70527	1.64312	37.7771	
0.9892	0.0065595	0.146422	0.00656317	0.996014	-0.0889593	-0.146422	0.0889596	0.985214	-2.81532	1.70997	38.5252	
0.988763	0.00682524	0.149336	0.00682913	0.995852	-0.0907307	-0.149335	0.090731	0.984615	-2.92757	1.77818	39.2729	
0.987935	0.0073276	0.154695	0.00729545	0.995569	-0.0937494	-0.154697	0.0937469	0.983504	-3.04296	1.84819	40.0199	
0.987078	0.00784654	0.16005	0.00777851	0.995277	-0.0967665	-0.160053	0.096761	0.982354	-3.16243	1.9205	40.766	
0.986191	0.00838207	0.1654	0.00827832	0.994975	-0.0997819	-0.165406	0.0997732	0.981166	-3.28595	1.99509	41.5112	
0.985275	0.00893418	0.170746	0.00879487	0.994664	-0.102795	-0.170753	0.102783	0.979938	-3.41354	2.07197	42.2556	
0.984329	0.00950287	0.176086	0.00932817	0.994343	-0.105807	-0.176095	0.105791	0.978672	-3.54519	2.15114	42.9989	
0.983354	0.0100881	0.181421	0.0098782	0.994013	-0.108816	-0.181432	0.108797	0.977367	-3.68089	2.23258	43.7414	
0.982349	0.0106899	0.18675	0.010445	0.993673	-0.111823	-0.186763	0.1118	0.976023	-3.82063	2.31631	44.4828	
0.981316	0.0113083	0.192073	0.0110284	0.993324	-0.114827	-0.192089	0.1148	0.97464	-3.96442	2.40232	45.2231	
0.980252	0.0119431	0.197389	0.0116286	0.992966	-0.117829	-0.197408	0.117797	0.973218	-4.11226	2.4906	45.9624	
0.97916	0.0125945	0.202699	0.0122455	0.992598	-0.120827	-0.202721	0.120791	0.971758	-4.26412	2.58115	46.7006	
0.978038	0.0132624	0.208003	0.0128791	0.992221	-0.123823	-0.208027	0.123782	0.970259	-4.42002	2.67398	47.4377	
0.976887	0.0139468	0.213299	0.0135294	0.991834	-0.126815	-0.213326	0.12677	0.968722	-4.57995	2.76908	48.1737	
0.975707	0.0146477	0.218588	0.0141963	0.991438	-0.129804	-0.218618	0.129754	0.967145	-4.74389	2.86644	48.9084	
0.974498	0.015365	0.22387	0.0148798	0.991033	-0.132789	-0.223902	0.132734	0.965531	-4.91185	2.96607	49.642	
0.97326	0.0160987	0.229143	0.01558	0.990618	-0.135771	-0.229179	0.135711	0.963877	-5.08381	3.06795	50.3743	
0.971992	0.0168488	0.234409	0.0162968	0.990194	-0.138749	-0.234448	0.138683	0.962186	-5.25978	3.1721	51.1053	
0.970696	0.0176154	0.239666	0.0170301	0.98976	-0.141722	-0.239708	0.141651	0.960456	-5.43974	3.2785	51.835	
0.96937	0.0183983	0.244914	0.01778	0.989317	-0.144692	-0.24496	0.144615	0.958687	-5.6237	3.38715	52.5634	
0.968016	0.0191975	0.250154	0.0185465	0.988865	-0.147657	-0.250203	0.147574	0.956881	-5.81164	3.49805	53.2905	
0.966632	0.020013	0.255385	0.0193294	0.988403	-0.150617	-0.255437	0.150528	0.955036	-6.00355	3.61119	54.0161	
0.96522	0.0208448	0.260606	0.0201288	0.987932	-0.153573	-0.260662	0.153478	0.953153	-6.19943	3.72658	54.7404	
0.963779	0.0216929	0.265817	0.0209447	0.987452	-0.156524	-0.265877	0.156422	0.951232	-6.39928	3.8442	55.4632	
0.96231	0.0225572	0.271019	0.021777	0.986963	-0.15947	-0.271083	0.159361	0.949272	-6.60308	3.96405	56.1845	
0.960811	0.0234377	0.27621	0.0226256	0.986464	-0.16241	-0.276278	0.162295	0.947275	-6.81083	4.08613	56.9043	
0.959284	0.0243343	0.281391	0.0234907	0.985956	-0.165345	-0.281463	0.165223	0.945241	-7.02252	4.21044	57.6226	
0.957729	0.025247	0.286562	0.024372	0.985439	-0.168275	-0.286637	0.168146	0.943168	-7.23814	4.33697	58.3394	
0.956145	0.0261759	0.291721	0.0252696	0.984912	-0.171199	-0.291801	0.171063	0.941058	-7.45768	4.46572	59.0545	
0.954533	0.0271207	0.296869	0.0261834	0.984377	-0.174117	-0.296954	0.173973	0.93891	-7.68114	4.59668	59.7681	
0.952892	0.0280816	0.302006	0.0271135	0.983832	-0.177029	-0.302095	0.176878	0.936725	-7.90851	4.72984	60.48	
0.951223	0.0290585	0.307131	0.0280597	0.983278	-0.179935	-0.307224	0.179776	0.934502	-8.13978	4.86521	61.1902	
0.949526	0.0300513	0.312245	0.029022	0.982715	-0.182834	-0.312342	0.182668	0.932242	-8.37493	5.00277	61.8987	
0.947801	0.0310599	0.317346	0.0300004	0.982143	-0.185727	-0.317448	0.185553	0.929945	-8.61397	5.14253	62.6055	
0.946048	0.0320844	0.322435	0.0309948	0.981562	-0.188613	-0.322541	0.188431	0.92761	-8.85687	5.28447	63.3105	
0.944267	0.0331248	0.327511	0.0320052	0.980972	-0.191493	-0.327622	0.191302	0.925239	-9.10364	5.4286	64.0137	
0.942458	0.0341808	0.332574	0.0330315	0.980373	-0.194365	-0.33269	0.194166	0.922831	-9.35426	5.5749	64.7152	
0.940621	0.0352526	0.337624	0.0340737	0.979765	-0.197231	-0.337745	0.197023	0.920386	-9.60872	5.72338	65.4148	
0.938756	0.03634	0.34266	0.0351318	0.979148	-0.200089	-0.342786	0.199873	0.917904	-9.86701	5.87402	66.1125	
0.936864	0.037443	0.347683	0.0362056	0.978522	-0.202939	-0.347814	0.202714	0.915386	-10.1291	6.02682	66.8083	
0.934944	0.0385616	0.352692	0.0372951	0.977887	-0.205782	-0.352828	0.205549	0.912832	-10.3951	6.18177	67.5022	
0.932997	0.0396957	0.357687	0.0384003	0.977243	-0.208617	-0.357829	0.208375	0.910241	-10.6648	6.33888	68.1941	
0.931023	0.0408452	0.362668	0.0395211	0.976591	-0.211445	-0.362814	0.211193	0.907614	-10.9383	6.49812	68.8841	
0.929021	0.0420101	0.367634	0.0406574	0.975929	-0.214264	-0.367786	0.214003	0.904951	-11.2156	6.6595	69.572	
0.922691	0.0456843	0.382825	0.0439256	0.974033	-0.222106	-0.383031	0.221751	0.896724	-11.5006	6.8249	70.2559	
0.916104	0.0494884	0.397874	0.0473258	0.972069	-0.229875	-0.398137	0.229419	0.888174	-11.7971	6.99614	70.9334	
0.909264	0.0534211	0.412777	0.050857	0.970038	-0.237569	-0.413101	0.237005	0.879304	-12.105	7.17318	71.6042	
0.902173	0.0574811	0.427528	0.0545177	0.967943	-0.245184	-0.427916	0.244506	0.870118	-12.4242	7.35594	72.2682	
0.894833	0.0616667	0.442121	0.0583068	0.965782	-0.252717	-0.442576	0.251918	0.860618	-12.7546	7.54436	72.9251	
