1	0	0	0	1	0	0	0	1	0	0	0	
0.999985	5.90827e-06	-0.00549966	5.90827e-06	0.999998	0.00214858	0.00549966	-0.00214858	0.999983	0.002904	-0.00113452	1.05605	
0.999939	2.36354e-05	-0.0110002	2.36312e-05	0.999991	0.00429673	0.0110002	-0.00429673	0.99993	0.0116164	-0.00453785	2.11207	
0.999864	5.31833e-05	-0.0165014	5.31664e-05	0.999979	0.00644438	0.0165014	-0.00644438	0.999843	0.0261382	-0.0102095	3.16802	
0.999758	9.45534e-05	-0.0220031	9.45114e-05	0.999963	0.00859145	0.0220031	-0.00859145	0.999721	0.0464698	-0.0181489	4.22385	
0.999622	0.000147747	-0.027505	0.000147663	0.999942	0.0107379	0.027505	-0.0107379	0.999564	0.0726116	-0.0283554	5.27954	
0.999455	0.000212764	-0.033007	0.000212616	0.999917	0.0128835	0.033007	-0.0128835	0.999372	0.104564	-0.0408282	6.33504	
0.999258	0.000289604	-0.0385088	0.000289368	0.999887	0.0150284	0.0385088	-0.0150284	0.999145	0.142326	-0.0555666	7.39032	
0.999031	0.000378267	-0.0440103	0.000377914	0.999852	0.0171723	0.0440103	-0.0171723	0.998883	0.185899	-0.0725696	8.44534	
0.998773	0.000478751	-0.0495112	0.000478247	0.999813	0.0193153	0.0495112	-0.0193152	0.998587	0.235282	-0.0918362	9.50007	
0.998486	0.000591056	-0.0550114	0.000590362	0.99977	0.0214572	0.0550114	-0.0214571	0.998255	0.290473	-0.113365	10.5545	
0.998167	0.000715178	-0.0605106	0.000714253	0.999721	0.0235979	0.0605106	-0.0235979	0.997889	0.351472	-0.137156	11.6085	
0.997819	0.000851115	-0.0660086	0.000849912	0.999668	0.0257374	0.0660086	-0.0257374	0.997487	0.418278	-0.163206	12.6621	
0.99744	0.000998864	-0.0715052	0.000997333	0.999611	0.0278757	0.0715052	-0.0278756	0.997051	0.49089	-0.191516	13.7153	
0.99703	0.00115842	-0.0770002	0.00115651	0.999549	0.0300125	0.0770003	-0.0300124	0.996579	0.569306	-0.222082	14.768	
0.996591	0.00132978	-0.0824935	0.00132743	0.999482	0.0321479	0.0824935	-0.0321478	0.996073	0.653523	-0.254905	15.8202	
0.996121	0.00151294	-0.0879847	0.00151008	0.999411	0.0342818	0.0879848	-0.0342816	0.995532	0.743541	-0.289982	16.8718	
0.99562	0.00170789	-0.0934738	0.00170446	0.999335	0.036414	0.0934738	-0.0364138	0.994956	0.839357	-0.327311	17.9228	
0.99509	0.00191463	-0.0989604	0.00191056	0.999255	0.0385445	0.0989605	-0.0385443	0.994345	0.940969	-0.366892	18.9733	
0.994528	0.00213315	-0.104444	0.00212836	0.99917	0.0406733	0.104445	-0.040673	0.993699	1.04837	-0.408721	20.023	
0.993937	0.00236345	-0.109926	0.00235786	0.999081	0.0428002	0.109926	-0.0427999	0.993018	1.16157	-0.452797	21.0721	
0.993315	0.00260551	-0.115404	0.00259904	0.998987	0.0449252	0.115404	-0.0449248	0.992302	1.28055	-0.499119	22.1204	
0.992663	0.00285934	-0.120879	0.00285189	0.998889	0.0470482	0.120879	-0.0470477	0.991552	1.40531	-0.547683	23.1679	
0.991981	0.00312491	-0.12635	0.0031164	0.998786	0.049169	0.126351	-0.0491685	0.990766	1.53586	-0.598488	24.2146	
0.991268	0.00340223	-0.131818	0.00339256	0.998678	0.0512878	0.131819	-0.0512871	0.989946	1.67218	-0.651532	25.2605	
0.990525	0.00369127	-0.137282	0.00368035	0.998566	0.0534042	0.137283	-0.0534035	0.989091	1.81427	-0.706812	26.3055	
0.989752	0.00399205	-0.142742	0.00397976	0.99845	0.0555184	0.142743	-0.0555175	0.988202	1.96214	-0.764326	27.3496	
0.988948	0.00430453	-0.148198	0.00429077	0.998329	0.0576301	0.148199	-0.0576291	0.987277	2.11576	-0.824071	28.3927	
0.988115	0.00462872	-0.15365	0.00461337	0.998203	0.0597394	0.15365	-0.0597382	0.986318	2.27515	-0.886045	29.4348	
0.987251	0.00496459	-0.159096	0.00494754	0.998073	0.0618461	0.159097	-0.0618448	0.985324	2.44029	-0.950244	30.4759	
0.986356	0.00531215	-0.164538	0.00529327	0.997939	0.0639502	0.164539	-0.0639487	0.984295	2.61118	-1.01667	31.5159	
0.985432	0.00567137	-0.169975	0.00565055	0.9978	0.0660516	0.169976	-0.0660498	0.983232	2.78781	-1.08531	32.5549	
0.984478	0.00604224	-0.175406	0.00601934	0.997657	0.0681502	0.175407	-0.0681482	0.982134	2.97019	-1.15617	33.5926	
0.983493	0.00642475	-0.180833	0.00639965	0.997509	0.070246	0.180833	-0.0702437	0.981002	3.15829	-1.22925	34.6292	
0.982478	0.00681889	-0.186253	0.00679144	0.997357	0.0723388	0.186254	-0.0723362	0.979835	3.35213	-1.30453	35.6646	
0.981433	0.00722465	-0.191668	0.0071947	0.9972	0.0744286	0.191669	-0.0744257	0.978634	3.55168	-1.38203	36.6987	
0.980358	0.007642	-0.197076	0.00760942	0.997039	0.0765153	0.197077	-0.076512	0.977398	3.75695	-1.46173	37.7316	
0.979253	0.00807093	-0.202478	0.00803557	0.996874	0.0785988	0.20248	-0.0785952	0.976127	3.96793	-1.54363	38.7631	
0.978119	0.00851142	-0.207874	0.00847313	0.996704	0.0806791	0.207876	-0.0806751	0.974823	4.18461	-1.62773	39.7933	
0.976954	0.00896347	-0.213263	0.00892209	0.99653	0.0827561	0.213265	-0.0827516	0.973484	4.40699	-1.71402	40.822	
0.975759	0.00942705	-0.218645	0.00938241	0.996351	0.0848297	0.218647	-0.0848247	0.97211	4.63505	-1.80251	41.8494	
0.974534	0.00990215	-0.224021	0.00985409	0.996168	0.0868998	0.224023	-0.0868943	0.970702	4.86879	-1.89318	42.8753	
0.973279	0.0103887	-0.229389	0.0103371	0.995981	0.0889664	0.229391	-0.0889604	0.96926	5.10821	-1.98604	43.8996	
0.971995	0.0108868	-0.234749	0.0108314	0.995789	0.0910294	0.234752	-0.0910227	0.967784	5.35329	-2.08108	44.9224	
0.970681	0.0113963	-0.240102	0.011337	0.995593	0.0930886	0.240105	-0.0930814	0.966274	5.60403	-2.17829	45.9437	
0.969337	0.0119173	-0.245447	0.0118539	0.995393	0.0951441	0.24545	-0.0951362	0.96473	5.86042	-2.27767	46.9633	
0.967963	0.0124497	-0.250784	0.012382	0.995188	0.0971958	0.250787	-0.0971872	0.963151	6.12245	-2.37923	47.9813	
0.96656	0.0129935	-0.256112	0.0129213	0.994979	0.0992436	0.256116	-0.0992341	0.961539	6.39011	-2.48294	48.9976	
0.965127	0.0135487	-0.261432	0.0134718	0.994766	0.101287	0.261436	-0.101277	0.959893	6.6634	-2.58882	50.0122	
0.963664	0.0141153	-0.266744	0.0140335	0.994548	0.103327	0.266748	-0.103316	0.958213	6.94229	-2.69685	51.025	
0.962172	0.0146931	-0.272047	0.0146063	0.994327	0.105363	0.272051	-0.105351	0.956498	7.2268	-2.80703	52.036	
0.96065	0.0152824	-0.27734	0.0151902	0.9941	0.107394	0.277345	-0.107381	0.954751	7.5169	-2.91936	53.0452	
0.959099	0.0158829	-0.282625	0.0157852	0.99387	0.109421	0.28263	-0.109407	0.952969	7.81258	-3.03383	54.0526	
0.957519	0.0164946	-0.287899	0.0163913	0.993636	0.111444	0.287905	-0.111429	0.951154	8.11384	-3.15044	55.058	
0.955909	0.0171176	-0.293165	0.0170084	0.993397	0.113462	0.293171	-0.113446	0.949305	8.42067	-3.26918	56.0615	
0.95427	0.0177519	-0.29842	0.0176365	0.993154	0.115476	0.298427	-0.115458	0.947423	8.73305	-3.39005	57.063	
0.952601	0.0183973	-0.303666	0.0182756	0.992906	0.117485	0.303673	-0.117466	0.945507	9.05098	-3.51304	58.0626	
0.950903	0.019054	-0.308901	0.0189257	0.992655	0.11949	0.308909	-0.11947	0.943558	9.37444	-3.63815	59.06	
0.949177	0.0197217	-0.314126	0.0195867	0.992399	0.12149	0.314134	-0.121468	0.941576	9.70343	-3.76538	60.0555	
0.947421	0.0204006	-0.31934	0.0202585	0.99214	0.123485	0.319349	-0.123462	0.93956	10.0379	-3.89471	61.0488	
0.945636	0.0210906	-0.324543	0.0209413	0.991876	0.125475	0.324553	-0.12545	0.937511	10.3779	-4.02614	62.0399	
0.943822	0.0217917	-0.329735	0.0216349	0.991608	0.127461	0.329746	-0.127434	0.935429	10.7234	-4.15967	63.0289	
0.941979	0.0225038	-0.334917	0.0223392	0.991335	0.129441	0.334928	-0.129412	0.933314	11.0744	-4.29529	64.0156	
0.940107	0.023227	-0.340086	0.0230544	0.991059	0.131416	0.340098	-0.131386	0.931166	11.4308	-4.433	65.0001	
0.938207	0.0239611	-0.345245	0.0237803	0.990779	0.133386	0.345257	-0.133354	0.928986	11.7927	-4.57279	65.9824	
0.936278	0.0247062	-0.350391	0.0245169	0.990494	0.135351	0.350404	-0.135317	0.926772	12.16	-4.71466	66.9623	
0.935302	0.0250806	-0.35296	0.0243058	0.990575	0.134795	0.353015	-0.134653	0.925877	12.5315	-4.85721	67.9405	
0.934319	0.0254532	-0.355528	0.0240929	0.990656	0.13424	0.355623	-0.133988	0.924976	12.9057	-4.99907	68.9178	
0.933329	0.0258241	-0.358093	0.0238784	0.990736	0.133684	0.358228	-0.133322	0.924066	13.2826	-5.14021	69.8942	
0.939921	0.0234784	-0.340583	0.017418	0.993035	0.116525	0.340947	-0.115456	0.932966	13.6518	-5.27158	70.8748	
0.946185	0.0214703	-0.322912	0.0112792	0.995003	0.0992075	0.323428	-0.0975109	0.941215	14.0026	-5.38404	71.8645	
0.952117	0.0198014	-0.305091	0.00546623	0.996638	0.0817437	0.305684	-0.0794973	0.948808	14.3348	-5.47751	72.8625	
0.957712	0.0184726	-0.287134	-1.68781e-05	0.997941	0.0641457	0.287727	-0.0614283	0.95574	14.6482	-5.55193	73.8682	
0.962967	0.017485	-0.269051	-0.00516629	0.998908	0.0464258	0.269569	-0.0433165	0.962006	14.9425	-5.60724	74.8809	
0.967878	0.0168392	-0.250857	-0.0099784	0.999541	0.0285963	0.251224	-0.0251745	0.967602	15.2175	-5.64341	75.8999	
0.97244	0.0165357	-0.232564	-0.0144499	0.999839	0.0106696	0.232703	-0.00701499	0.972522	15.473	-5.66041	76.9244	
0.976653	0.0165747	-0.214185	-0.0185776	0.9998	-0.00734181	0.21402	0.0111494	0.976766	15.7089	-5.65823	77.9537	
0.980511	0.0169561	-0.195732	-0.0223587	0.999427	-0.0254253	0.195188	0.0293061	0.980328	15.925	-5.63686	78.9872	
0.984013	0.0176798	-0.177218	-0.0257905	0.998718	-0.0435683	0.17622	0.0474423	0.983207	16.1211	-5.59633	80.0241	
0.987156	0.0187451	-0.158656	-0.0288706	0.997673	-0.0617582	0.157129	0.0655455	0.985401	16.2972	-5.53667	81.0636	
0.989938	0.0201514	-0.14006	-0.031597	0.996295	-0.0799823	0.137929	0.083603	0.986907	16.453	-5.45791	82.1051	
0.992357	0.0218977	-0.121441	-0.0339676	0.994584	-0.0982278	0.118632	0.101602	0.987726	16.5885	-5.36011	83.1478	
0.994411	0.0239827	-0.102814	-0.0359808	0.992541	-0.116482	0.0992531	0.119531	0.987857	16.7035	-5.24334	84.1911	
0.9961	0.026405	-0.0841901	-0.0376353	0.990167	-0.134733	0.0798047	0.137376	0.987299	16.7981	-5.10768	85.2341	
0.997421	0.029163	-0.0655837	-0.0389299	0.987464	-0.152966	0.0603006	0.155125	0.986053	16.8721	-4.95322	86.2761	
0.998374	0.0322546	-0.0470073	-0.0398636	0.984435	-0.171171	0.0407545	0.172766	0.984119	16.9254	-4.78007	87.3165	
0.998958	0.0356778	-0.0284737	-0.0404359	0.98108	-0.189333	0.02118	0.190287	0.9815	16.9581	-4.58836	88.3545	
0.999172	0.0394301	-0.00999607	-0.0406463	0.977403	-0.20744	0.00159079	0.207675	0.978197	16.9701	-4.37821	89.3893	
0.999018	0.0435089	0.00841288	-0.0404947	0.973406	-0.225481	-0.0179996	0.224918	0.974211	16.9615	-4.14977	90.4203	
0.998494	0.0479115	0.0267403	-0.0399812	0.969091	-0.243441	-0.0375774	0.242005	0.969547	16.9321	-3.90321	91.4467	
0.997601	0.0526347	0.0449733	-0.0391061	0.964463	-0.261309	-0.057129	0.258923	0.964207	16.8821	-3.63869	92.4678	
0.996339	0.0576752	0.0630994	-0.0378701	0.959523	-0.279072	-0.0766408	0.275661	0.958195	16.8115	-3.3564	93.483	
0.994711	0.0630295	0.0811057	-0.0362739	0.954276	-0.296717	-0.0960992	0.292206	0.951515	16.7203	-3.05653	94.4914	
0.992716	0.0686939	0.0989799	-0.0343189	0.948725	-0.314234	-0.115491	0.308548	0.944172	16.6085	-2.73929	95.4925	
0.990356	0.0746645	0.116709	-0.0320062	0.942874	-0.331608	-0.134802	0.324674	0.93617	16.4764	-2.40491	96.4854	
0.987632	0.080937	0.134282	-0.0293375	0.936727	-0.348828	-0.154018	0.340575	0.927517	16.3239	-2.05362	97.4695	
0.984548	0.0875071	0.151685	-0.0263146	0.930289	-0.365883	-0.173128	0.356238	0.918216	16.1511	-1.68566	98.4442	
0.981104	0.0943703	0.168907	-0.0229398	0.923563	-0.38276	-0.192117	0.371652	0.908276	15.9582	-1.30129	99.4087	
0.977303	0.101522	0.185935	-0.0192153	0.916555	-0.399447	-0.210972	0.386808	0.897703	15.7454	-0.90078	100.362	
0.973148	0.108956	0.202758	-0.0151436	0.909269	-0.415933	-0.22968	0.401694	0.886504	15.5127	-0.484403	101.305	
