1	0	0	0	1	0	0	0	1	0	0	0	
0.99999	4.3503e-06	0.00443123	4.3503e-06	0.999998	-0.00196346	-0.00443123	0.00196346	0.999988	-0.00237116	0.00105065	1.0702	
0.999961	1.74239e-05	0.00886792	1.74259e-05	0.999992	-0.00392978	-0.00886792	0.00392978	0.999953	-0.00948756	0.00420414	2.14037	
0.999911	3.92548e-05	0.0133099	3.92626e-05	0.999983	-0.00589888	-0.0133099	0.00589888	0.999894	-0.0213549	0.00946348	3.21049	
0.999842	6.98757e-05	0.0177568	6.98953e-05	0.999969	-0.00787065	-0.0177568	0.00787065	0.999811	-0.0379788	0.0168316	4.28054	
0.999753	0.000109319	0.0222087	0.000109358	0.999952	-0.00984501	-0.0222087	0.00984501	0.999705	-0.0593644	0.0263113	5.35048	
0.999644	0.000157615	0.0266651	0.000157684	0.99993	-0.0118219	-0.0266651	0.0118219	0.999575	-0.0855168	0.0379053	6.4203	
0.999515	0.000214793	0.0311259	0.000214904	0.999905	-0.0138011	-0.0311259	0.0138011	0.99942	-0.116441	0.0516162	7.48997	
0.999366	0.000280884	0.035591	0.00028105	0.999875	-0.0157827	-0.035591	0.0157827	0.999242	-0.152141	0.0674465	8.55946	
0.999197	0.000355915	0.04006	0.000356152	0.999842	-0.0177665	-0.04006	0.0177665	0.999039	-0.192622	0.0853988	9.62874	
0.999008	0.000439913	0.0445329	0.00044024	0.999805	-0.0197524	-0.0445329	0.0197524	0.998813	-0.237888	0.105475	10.6978	
0.998798	0.000532905	0.0490093	0.000533341	0.999764	-0.0217403	-0.0490093	0.0217403	0.998562	-0.287943	0.127678	11.7666	
0.998568	0.000634915	0.0534891	0.000635482	0.999718	-0.0237302	-0.0534891	0.0237302	0.998286	-0.34279	0.152009	12.8351	
0.998318	0.000745967	0.057972	0.000746689	0.999669	-0.025722	-0.057972	0.025722	0.997987	-0.402433	0.178471	13.9033	
0.998047	0.000866085	0.0624579	0.000866989	0.999615	-0.0277155	-0.0624579	0.0277155	0.997663	-0.466875	0.207066	14.9712	
0.997756	0.000995292	0.0669465	0.000996406	0.999558	-0.0297106	-0.0669465	0.0297106	0.997314	-0.53612	0.237795	16.0387	
0.997444	0.00113361	0.0714377	0.00113496	0.999497	-0.0317073	-0.0714376	0.0317074	0.996941	-0.610169	0.27066	17.1058	
0.997112	0.00128105	0.0759311	0.00128268	0.999431	-0.0337056	-0.0759311	0.0337056	0.996543	-0.689027	0.305662	18.1726	
0.996759	0.00143765	0.0804267	0.00143958	0.999361	-0.0357052	-0.0804267	0.0357052	0.996121	-0.772694	0.342804	19.2388	
0.996386	0.00160341	0.0849242	0.00160569	0.999288	-0.0377061	-0.0849242	0.0377061	0.995674	-0.861174	0.382087	20.3047	
0.995992	0.00177836	0.0894234	0.00178102	0.99921	-0.0397081	-0.0894233	0.0397083	0.995202	-0.954467	0.423511	21.37	
0.995577	0.00196251	0.0939241	0.00196559	0.999128	-0.0417114	-0.093924	0.0417115	0.994705	-1.05258	0.467079	22.4348	
0.995142	0.00215588	0.098426	0.00215942	0.999042	-0.0437156	-0.0984259	0.0437158	0.994184	-1.1555	0.512792	23.499	
0.994686	0.00235848	0.102929	0.00236254	0.998951	-0.0457207	-0.102929	0.0457209	0.993637	-1.26325	0.560649	24.5627	
0.994209	0.00257033	0.107433	0.00257494	0.998857	-0.0477267	-0.107433	0.047727	0.993066	-1.37581	0.610654	25.6258	
0.993711	0.00279144	0.111937	0.00279665	0.998759	-0.0497335	-0.111937	0.0497337	0.99247	-1.4932	0.662805	26.6883	
0.993193	0.00302181	0.116442	0.00302768	0.998656	-0.0517408	-0.116442	0.0517412	0.991849	-1.61541	0.717104	27.7501	
0.992654	0.00326147	0.120948	0.00326805	0.998549	-0.0537488	-0.120947	0.0537492	0.991203	-1.74243	0.773553	28.8112	
0.992093	0.00351042	0.125453	0.00351777	0.998438	-0.0557572	-0.125453	0.0557576	0.990532	-1.87428	0.83215	29.8717	
0.991512	0.00376868	0.129958	0.00377684	0.998323	-0.0577659	-0.129958	0.0577665	0.989835	-2.01095	0.892897	30.9314	
0.99091	0.00403624	0.134463	0.00404528	0.998204	-0.059775	-0.134462	0.0597756	0.989114	-2.15245	0.955794	31.9903	
0.990288	0.00431312	0.138967	0.0043231	0.99808	-0.0617842	-0.138966	0.0617849	0.988368	-2.29876	1.02084	33.0485	
0.989644	0.00459932	0.14347	0.00461031	0.997952	-0.0637936	-0.14347	0.0637943	0.987596	-2.44989	1.08804	34.1058	
0.988979	0.00489485	0.147972	0.00490691	0.997821	-0.0658029	-0.147972	0.0658038	0.9868	-2.60584	1.15739	35.1623	
0.988294	0.00519971	0.152473	0.00521291	0.997684	-0.0678122	-0.152473	0.0678132	0.985978	-2.76661	1.22889	36.2179	
0.987587	0.00551391	0.156973	0.00552831	0.997544	-0.0698212	-0.156973	0.0698224	0.985132	-2.93219	1.30253	37.2727	
0.98686	0.00583745	0.161471	0.00585313	0.9974	-0.07183	-0.161471	0.0718313	0.98426	-3.10259	1.37833	38.3265	
0.986112	0.00617032	0.165968	0.00618736	0.997251	-0.0738385	-0.165967	0.0738399	0.983363	-3.27781	1.45628	39.3794	
0.985343	0.00651254	0.170462	0.00653101	0.997098	-0.0758465	-0.170461	0.0758481	0.982441	-3.45783	1.53638	40.4313	
0.984553	0.0068641	0.174954	0.00688408	0.996941	-0.0778539	-0.174953	0.0778557	0.981494	-3.64266	1.61863	41.4822	
0.983742	0.00722501	0.179443	0.00724656	0.99678	-0.0798607	-0.179443	0.0798627	0.980521	-3.8323	1.70302	42.5321	
0.98291	0.00759525	0.18393	0.00761847	0.996614	-0.0818668	-0.18393	0.081869	0.979524	-4.02674	1.78957	43.5809	
0.982057	0.00797482	0.188415	0.0079998	0.996444	-0.0838721	-0.188414	0.0838745	0.978502	-4.22598	1.87826	44.6286	
0.981184	0.00836373	0.192896	0.00839055	0.99627	-0.0858765	-0.192895	0.0858791	0.977454	-4.43002	1.96909	45.6753	
0.980289	0.00876197	0.197374	0.00879071	0.996092	-0.0878798	-0.197372	0.0878827	0.976381	-4.63885	2.06207	46.7208	
0.979374	0.00916953	0.201848	0.00920028	0.99591	-0.0898821	-0.201847	0.0898852	0.975284	-4.85248	2.1572	47.7651	
0.978438	0.0095864	0.206319	0.00961926	0.995723	-0.0918832	-0.206317	0.0918866	0.974161	-5.07089	2.25446	48.8083	
0.977481	0.0100126	0.210786	0.0100476	0.995533	-0.093883	-0.210784	0.0938868	0.973013	-5.29408	2.35387	49.8502	
0.976503	0.0104481	0.215249	0.0104854	0.995338	-0.0958815	-0.215247	0.0958856	0.971841	-5.52205	2.45542	50.8909	
0.975505	0.0108928	0.219708	0.0109326	0.995138	-0.0978785	-0.219706	0.097883	0.970643	-5.75479	2.5591	51.9303	
0.974486	0.0113469	0.224162	0.0113891	0.994935	-0.099874	-0.22416	0.0998788	0.969421	-5.99231	2.66493	52.9685	
0.973446	0.0118102	0.228612	0.011855	0.994727	-0.101868	-0.228609	0.101873	0.968173	-6.23458	2.77288	54.0053	
0.972386	0.0122828	0.233057	0.0123303	0.994515	-0.10386	-0.233054	0.103866	0.966901	-6.48162	2.88298	55.0407	
0.971305	0.0127646	0.237496	0.012815	0.994299	-0.10585	-0.237494	0.105856	0.965604	-6.73341	2.9952	56.0748	
0.970203	0.0132557	0.241931	0.0133089	0.994079	-0.107839	-0.241928	0.107845	0.964282	-6.98995	3.10955	57.1075	
0.969081	0.013756	0.24636	0.0138122	0.993855	-0.109825	-0.246357	0.109832	0.962936	-7.25124	3.22603	58.1388	
0.967938	0.0142654	0.250784	0.0143248	0.993626	-0.11181	-0.250781	0.111817	0.961564	-7.51725	3.34464	59.1686	
0.966775	0.0147841	0.255202	0.0148467	0.993394	-0.113792	-0.255198	0.1138	0.960168	-7.788	3.46536	60.1969	
0.965591	0.0153119	0.259614	0.0153779	0.993157	-0.115772	-0.25961	0.115781	0.958748	-8.06348	3.58821	61.2237	
0.964387	0.0158489	0.264019	0.0159184	0.992916	-0.11775	-0.264015	0.117759	0.957303	-8.34367	3.71318	62.249	
0.963163	0.016395	0.268418	0.0164681	0.992671	-0.119725	-0.268414	0.119735	0.955833	-8.62858	3.84026	63.2727	
0.961918	0.0169503	0.272811	0.017027	0.992421	-0.121698	-0.272806	0.121708	0.954339	-8.91818	3.96946	64.2949	
0.960653	0.0175146	0.277197	0.0175952	0.992168	-0.123668	-0.277192	0.123679	0.952821	-9.21249	4.10077	65.3154	
0.959368	0.018088	0.281576	0.0181726	0.99191	-0.125635	-0.281571	0.125647	0.951278	-9.51148	4.23418	66.3343	
0.958063	0.0186704	0.285948	0.0187591	0.991648	-0.1276	-0.285942	0.127613	0.949712	-9.81516	4.3697	67.3515	
0.956738	0.0192619	0.290313	0.0193548	0.991382	-0.129562	-0.290306	0.129575	0.94812	-10.1235	4.50733	68.367	
0.955393	0.0198624	0.29467	0.0199596	0.991112	-0.13152	-0.294663	0.131535	0.946505	-10.4365	4.64705	69.3808	
0.95338	0.0207465	0.301058	0.0195955	0.991272	-0.130365	-0.301135	0.130187	0.944653	-10.7553	4.78709	70.3928	
0.948857	0.0224912	0.314903	0.0126971	0.993933	-0.109248	-0.31545	0.107659	0.942815	-11.0853	4.91437	71.4029	
0.944126	0.0239048	0.328717	0.00548091	0.99609	-0.0881793	-0.329539	0.085054	0.940303	-11.4305	5.0175	72.4106	
0.93919	0.0249863	0.342488	-0.0020479	0.997739	-0.0671745	-0.343392	0.0623883	0.937118	-11.7906	5.0964	73.4152	
0.934052	0.025735	0.356208	-0.00988393	0.998881	-0.0462486	-0.356999	0.0396779	0.933262	-12.1654	5.15102	74.4162	
0.928717	0.0261503	0.369866	-0.0180216	0.999514	-0.0254164	-0.370351	0.0169391	0.928737	-12.5546	5.18132	75.4126	
0.923188	0.0262319	0.383453	-0.026455	0.999639	-0.00469288	-0.383438	-0.00581186	0.923548	-12.958	5.18727	76.4038	
0.917468	0.0259798	0.396959	-0.0351782	0.999254	0.0159071	-0.39625	-0.0285586	0.917698	-13.3752	5.16888	77.3891	
0.911563	0.0253941	0.410375	-0.044185	0.998361	0.0363689	-0.408779	-0.0512849	0.911192	-13.806	5.12615	78.3678	
0.905477	0.0244753	0.42369	-0.0534687	0.99696	0.0566778	-0.421014	-0.0739745	0.904032	-14.2501	5.05912	79.3392	
0.899213	0.023224	0.436895	-0.063023	0.995051	0.0768192	-0.432949	-0.0966112	0.896226	-14.707	4.96784	80.3026	
0.892776	0.0216411	0.449981	-0.0728408	0.992637	0.0967788	-0.444574	-0.119179	0.887778	-15.1766	4.85236	81.2572	
0.886171	0.0197278	0.462939	-0.0829151	0.989719	0.116542	-0.45588	-0.141661	0.878695	-15.6585	4.71278	82.2025	
0.879402	0.0174854	0.475759	-0.0932388	0.986298	0.136095	-0.46686	-0.164042	0.868983	-16.1523	4.54918	83.1378	
0.872475	0.0149155	0.488431	-0.103804	0.982379	0.155424	-0.477506	-0.186305	0.858649	-16.6576	4.3617	84.0623	
0.865394	0.01202	0.500948	-0.114604	0.977962	0.174515	-0.487811	-0.208435	0.8477	-17.1742	4.15046	84.9754	
0.858164	0.00880086	0.5133	-0.125631	0.973052	0.193354	-0.497766	-0.230416	0.836145	-17.7016	3.91562	85.8765	
0.850791	0.0052605	0.525477	-0.136877	0.967653	0.211928	-0.507364	-0.252232	0.823991	-18.2395	3.65734	86.7649	
0.84328	0.00140141	0.537472	-0.148333	0.961766	0.230223	-0.5166	-0.273867	0.811247	-18.7875	3.37581	87.64	
0.835637	-0.00277364	0.549276	-0.159992	0.955399	0.248226	-0.525466	-0.295307	0.797922	-19.3451	3.07122	88.5011	
0.827865	-0.00726167	0.56088	-0.171844	0.948553	0.265925	-0.533955	-0.316534	0.784027	-19.912	2.74381	89.3476	
0.819973	-0.0120595	0.572276	-0.183883	0.941235	0.283307	-0.542063	-0.337536	0.76957	-20.4879	2.39379	90.179	
0.811963	-0.0171636	0.583456	-0.196099	0.93345	0.300359	-0.549782	-0.358296	0.754562	-21.0721	2.02143	90.9946	
0.803844	-0.0225704	0.594412	-0.208483	0.925204	0.317069	-0.557108	-0.378799	0.739014	-21.6645	1.62699	91.7939	
0.79562	-0.028276	0.605135	-0.221026	0.916501	0.333426	-0.564035	-0.399031	0.722937	-22.2644	1.21074	92.5762	
0.787298	-0.0342763	0.61562	-0.23372	0.907349	0.349417	-0.570559	-0.418978	0.706343	-22.8716	0.773001	93.3411	
0.778882	-0.0405671	0.625857	-0.246555	0.897754	0.365031	-0.576674	-0.438624	0.689243	-23.4855	0.31407	94.0879	
0.77038	-0.0471438	0.635839	-0.259523	0.887723	0.380256	-0.582376	-0.457957	0.67165	-24.1058	-0.165721	94.8162	
0.761798	-0.0540017	0.64556	-0.272613	0.877263	0.395083	-0.587661	-0.476962	0.653576	-24.7319	-0.666026	95.5253	
0.753141	-0.0611359	0.655012	-0.285817	0.866382	0.4095	-0.592526	-0.495625	0.635034	-25.3634	-1.18649	96.2149	
0.744416	-0.0685413	0.664189	-0.299126	0.855087	0.423497	-0.596967	-0.513934	0.616038	-26	-1.72674	96.8844	
0.735628	-0.0762126	0.673084	-0.312528	0.843386	0.437064	-0.60098	-0.531875	0.5966	-26.641	-2.28638	97.5333	
0.726785	-0.0841443	0.681691	-0.326016	0.831289	0.450192	-0.604563	-0.549435	0.576736	-27.2862	-2.86503	98.1612	
