1	0	0	0	1	0	0	0	1	0	0	0	
0.999995	9.55413e-08	-0.00308922	9.55413e-08	1	6.18545e-05	0.00308922	-6.18545e-05	0.999995	0.00134724	-2.69754e-05	0.872221	
0.999981	3.81772e-07	-0.00618486	3.79397e-07	1	0.000123069	0.00618486	-0.000123069	0.999981	0.00539178	-0.000107623	1.74443	
0.999957	8.57481e-07	-0.00928681	8.47961e-07	1	0.000183637	0.00928681	-0.000183637	0.999957	0.0121391	-0.000241381	2.61663	
0.999923	1.52141e-06	-0.012395	1.49756e-06	1	0.000243555	0.012395	-0.000243555	0.999923	0.0215948	-0.000427684	3.4888	
0.99988	2.37226e-06	-0.0155092	2.32447e-06	1	0.000302817	0.0155092	-0.000302817	0.99988	0.0337641	-0.000665963	4.36094	
0.999826	3.40869e-06	-0.0186294	3.32489e-06	1	0.000361418	0.0186294	-0.000361417	0.999826	0.0486524	-0.000955643	5.23303	
0.999763	4.62932e-06	-0.0217555	4.49498e-06	1	0.000419353	0.0217555	-0.000419351	0.999763	0.0662647	-0.00129615	6.10508	
0.99969	6.03272e-06	-0.0248874	5.83082e-06	1	0.000476617	0.0248874	-0.000476614	0.99969	0.0866062	-0.00168689	6.97706	
0.999607	7.61743e-06	-0.0280249	7.32845e-06	1	0.000533205	0.0280249	-0.0005332	0.999607	0.109682	-0.00212728	7.84898	
0.999514	9.38193e-06	-0.0311679	8.98383e-06	1	0.000589112	0.0311679	-0.000589106	0.999514	0.135497	-0.00261673	8.72082	
0.999411	1.13247e-05	-0.0343164	1.07929e-05	1	0.000644334	0.0343164	-0.000644325	0.999411	0.164055	-0.00315464	9.59257	
0.999298	1.34441e-05	-0.0374702	1.27515e-05	1	0.000698866	0.0374702	-0.000698853	0.999298	0.195362	-0.00374042	10.4642	
0.999174	1.57386e-05	-0.0406292	1.48555e-05	1	0.000752704	0.0406292	-0.000752686	0.999174	0.229422	-0.00437345	11.3358	
0.999041	1.82064e-05	-0.0437933	1.71005e-05	1	0.000805843	0.0437933	-0.000805819	0.99904	0.26624	-0.00505313	12.2072	
0.998897	2.08459e-05	-0.0469624	1.94824e-05	1	0.000858279	0.0469624	-0.000858247	0.998896	0.305819	-0.00577885	13.0786	
0.998742	2.36554e-05	-0.0501364	2.19968e-05	1	0.000910008	0.0501364	-0.000909966	0.998742	0.348165	-0.00654999	13.9497	
0.998578	2.6633e-05	-0.0533151	2.46392e-05	1	0.000961025	0.0533151	-0.000960971	0.998577	0.393282	-0.00736593	14.8208	
0.998403	2.97769e-05	-0.0564985	2.74052e-05	0.999999	0.00101133	0.0564985	-0.00101126	0.998402	0.441172	-0.00822604	15.6917	
0.998217	3.30853e-05	-0.0596864	3.02904e-05	0.999999	0.00106091	0.0596864	-0.00106082	0.998217	0.491842	-0.0091297	16.5625	
0.998021	3.65563e-05	-0.0628788	3.32902e-05	0.999999	0.00110976	0.0628788	-0.00110966	0.998021	0.545294	-0.0100763	17.433	
0.997815	4.0188e-05	-0.0660755	3.63999e-05	0.999999	0.00115789	0.0660755	-0.00115777	0.997814	0.601533	-0.0110651	18.3034	
0.997598	4.39784e-05	-0.0692764	3.9615e-05	0.999999	0.00120529	0.0692764	-0.00120514	0.997597	0.660561	-0.0120956	19.1737	
0.99737	4.79256e-05	-0.0724813	4.29308e-05	0.999999	0.00125196	0.0724814	-0.00125177	0.997369	0.722383	-0.0131671	20.0437	
0.997131	5.20274e-05	-0.0756903	4.63426e-05	0.999999	0.00129788	0.0756903	-0.00129766	0.997131	0.787003	-0.0142789	20.9135	
0.996882	5.62819e-05	-0.0789032	4.98455e-05	0.999999	0.00134306	0.0789032	-0.00134281	0.996881	0.854423	-0.0154305	21.7831	
0.996622	6.06869e-05	-0.0821198	5.34348e-05	0.999999	0.0013875	0.0821198	-0.0013872	0.996622	0.924647	-0.0166211	22.6525	
0.996352	6.52403e-05	-0.0853401	5.71056e-05	0.999999	0.00143119	0.0853401	-0.00143084	0.996351	0.997678	-0.0178501	23.5217	
0.99607	6.994e-05	-0.0885639	6.08531e-05	0.999999	0.00147412	0.0885639	-0.00147372	0.996069	1.07352	-0.0191168	24.3906	
0.995778	7.47837e-05	-0.0917911	6.46723e-05	0.999999	0.0015163	0.0917911	-0.00151584	0.995777	1.15217	-0.0204205	25.2593	
0.995475	7.97693e-05	-0.0950217	6.85583e-05	0.999999	0.00155772	0.0950217	-0.00155719	0.995474	1.23365	-0.0217607	26.1277	
0.995161	8.48945e-05	-0.0982554	7.2506e-05	0.999999	0.00159838	0.0982554	-0.00159777	0.99516	1.31794	-0.0231366	26.9958	
0.994836	9.0157e-05	-0.101492	7.65104e-05	0.999999	0.00163827	0.101492	-0.00163758	0.994835	1.40505	-0.0245476	27.8637	
0.9945	9.55545e-05	-0.104732	8.05664e-05	0.999999	0.0016774	0.104732	-0.00167661	0.994499	1.49498	-0.025993	28.7312	
0.994154	0.000101085	-0.107975	8.4669e-05	0.999999	0.00171576	0.107975	-0.00171487	0.994152	1.58775	-0.027472	29.5985	
0.993796	0.000106745	-0.11122	8.88129e-05	0.999998	0.00175334	0.11122	-0.00175234	0.993794	1.68334	-0.0289841	30.4655	
0.993427	0.000112534	-0.114468	9.29931e-05	0.999998	0.00179015	0.114468	-0.00178902	0.993425	1.78177	-0.0305285	31.3321	
0.993047	0.000118447	-0.117719	9.72043e-05	0.999998	0.00182617	0.117719	-0.00182492	0.993045	1.88303	-0.0321046	32.1984	
0.992656	0.000124484	-0.120972	0.000101441	0.999998	0.00186142	0.120972	-0.00186002	0.992654	1.98712	-0.0337117	33.0644	
0.992254	0.000130642	-0.124228	0.000105699	0.999998	0.00189589	0.124228	-0.00189433	0.992252	2.09406	-0.035349	33.9301	
0.99184	0.000136917	-0.127485	0.000109972	0.999998	0.00192957	0.127485	-0.00192784	0.991839	2.20383	-0.0370159	34.7954	
0.991416	0.000143308	-0.130745	0.000114254	0.999998	0.00196246	0.130745	-0.00196055	0.991414	2.31645	-0.0387117	35.6603	
0.99098	0.000149812	-0.134007	0.000118541	0.999998	0.00199456	0.134007	-0.00199246	0.990978	2.43191	-0.0404356	36.5248	
0.990534	0.000156427	-0.13727	0.000122828	0.999998	0.00202587	0.13727	-0.00202355	0.990532	2.55022	-0.042187	37.389	
0.990076	0.000163149	-0.140535	0.000127108	0.999998	0.00205639	0.140535	-0.00205384	0.990074	2.67137	-0.0439652	38.2527	
0.989606	0.000169976	-0.143802	0.000131377	0.999998	0.00208611	0.143802	-0.00208332	0.989604	2.79538	-0.0457695	39.1161	
0.989126	0.000176906	-0.147071	0.000135629	0.999998	0.00211503	0.147071	-0.00211198	0.989124	2.92223	-0.0475991	39.9791	
0.988634	0.000183936	-0.150341	0.000139858	0.999998	0.00214315	0.150341	-0.00213982	0.988632	3.05193	-0.0494534	40.8416	
0.988131	0.000191062	-0.153612	0.000144059	0.999998	0.00217048	0.153612	-0.00216685	0.988129	3.18449	-0.0513316	41.7037	
0.987617	0.000198284	-0.156884	0.000148227	0.999998	0.002197	0.156885	-0.00219305	0.987615	3.3199	-0.053233	42.5653	
0.987091	0.000205597	-0.160158	0.000152356	0.999998	0.00222271	0.160158	-0.00221842	0.987089	3.45817	-0.0551569	43.4265	
0.986554	0.000212999	-0.163432	0.00015644	0.999997	0.00224763	0.163433	-0.00224297	0.986552	3.59929	-0.0571025	44.2872	
0.986006	0.000220487	-0.166708	0.000160475	0.999997	0.00227173	0.166708	-0.00226669	0.986004	3.74327	-0.0590692	45.1475	
0.985447	0.000228059	-0.169984	0.000164453	0.999997	0.00229503	0.169984	-0.00228958	0.985444	3.8901	-0.0610563	46.0073	
0.984876	0.000235711	-0.173261	0.000168371	0.999997	0.00231752	0.173261	-0.00231164	0.984873	4.0398	-0.0630629	46.8665	
0.984294	0.000243441	-0.176538	0.000172222	0.999997	0.0023392	0.176538	-0.00233286	0.984291	4.19235	-0.0650884	47.7253	
0.9837	0.000251246	-0.179816	0.000176001	0.999997	0.00236006	0.179816	-0.00235324	0.983697	4.34776	-0.0671321	48.5836	
0.983095	0.000259123	-0.183094	0.000179701	0.999997	0.00238012	0.183094	-0.00237279	0.983093	4.50603	-0.0691932	49.4413	
0.982479	0.000267069	-0.186372	0.000183319	0.999997	0.00239936	0.186373	-0.00239149	0.982476	4.66716	-0.0712709	50.2985	
0.981578	0.000271691	-0.191064	-0.000353912	1	-0.000396207	0.191064	0.000456528	0.981578	4.83176	-0.0721148	51.1551	
0.980652	0.000262698	-0.195758	-0.000904119	0.999995	-0.00318725	0.195756	0.00330257	0.980647	5.00046	-0.0704754	52.0108	
0.979703	0.000240059	-0.200455	-0.0014673	0.999981	-0.00597374	0.20045	0.00614662	0.979685	5.17325	-0.0663545	52.8657	
0.97873	0.000203746	-0.205153	-0.00204346	0.99996	-0.00875566	0.205143	0.00898865	0.978691	5.35013	-0.0597538	53.7198	
0.977733	0.000153734	-0.209853	-0.00263258	0.99993	-0.011533	0.209837	0.0118286	0.977665	5.53111	-0.0506752	54.573	
0.976712	9.00015e-05	-0.214554	-0.00323467	0.999892	-0.0143057	0.21453	0.0146666	0.976607	5.71618	-0.0391203	55.4253	
0.975667	1.25295e-05	-0.219256	-0.00384973	0.999847	-0.0170738	0.219222	0.0175024	0.975518	5.90534	-0.025091	56.2766	
0.974599	-7.86977e-05	-0.223957	-0.00447774	0.999793	-0.0198372	0.223912	0.0203362	0.974397	6.0986	-0.00858909	57.127	
0.973507	-0.000183693	-0.228657	-0.00511871	0.999732	-0.022596	0.2286	0.0231678	0.973245	6.29595	0.0103835	57.9764	
0.972391	-0.000302465	-0.233357	-0.00577263	0.999662	-0.0253501	0.233285	0.0259973	0.972061	6.49738	0.0318251	58.8248	
0.971252	-0.000435022	-0.238055	-0.0064395	0.999584	-0.0280995	0.237968	0.0288247	0.970845	6.7029	0.0557336	59.6721	
0.970089	-0.000581367	-0.24275	-0.00711932	0.999499	-0.0308442	0.242647	0.0316498	0.969598	6.9125	0.0821073	60.5183	
0.968902	-0.0007415	-0.247443	-0.00781207	0.999405	-0.0335842	0.247321	0.0344728	0.96832	7.12618	0.110944	61.3635	
0.967692	-0.00091542	-0.252134	-0.00851776	0.999304	-0.0363194	0.251991	0.0372936	0.967011	7.34394	0.142242	62.2075	
0.966459	-0.00110312	-0.25682	-0.00923638	0.999195	-0.0390499	0.256656	0.0401122	0.96567	7.56577	0.176	63.0504	
0.965202	-0.00130459	-0.261503	-0.00996792	0.999077	-0.0417757	0.261316	0.0429286	0.964298	7.79166	0.212215	63.8921	
0.963922	-0.00151983	-0.266181	-0.0107124	0.998952	-0.0444966	0.265969	0.0457427	0.962896	8.02162	0.250886	64.7325	
0.962619	-0.00174881	-0.270854	-0.0114698	0.998819	-0.0472128	0.270616	0.0485546	0.961462	8.25563	0.29201	65.5718	
0.961293	-0.00199153	-0.275521	-0.01224	0.998678	-0.0499242	0.275256	0.0513642	0.959998	8.49369	0.335586	66.4097	
0.959944	-0.00224796	-0.280182	-0.0130232	0.998529	-0.0526308	0.279889	0.0541715	0.958503	8.7358	0.381611	67.2464	
0.958573	-0.00251807	-0.284838	-0.0138193	0.998372	-0.0553326	0.284513	0.0569766	0.956977	8.98194	0.430084	68.0818	
0.957178	-0.00280185	-0.289486	-0.0146283	0.998208	-0.0580295	0.289129	0.0597793	0.955422	9.23211	0.481003	68.9158	
0.955762	-0.00309926	-0.294126	-0.0154502	0.998035	-0.0607217	0.293737	0.0625797	0.953836	9.48631	0.534365	69.7485	
0.954322	-0.00341027	-0.298759	-0.0162849	0.997855	-0.063409	0.298335	0.0653779	0.95222	9.74451	0.590169	70.5797	
0.951231	-0.00417507	-0.308451	-0.0221248	0.99641	-0.0817177	0.307684	0.0845568	0.947724	10.0088	0.65556	71.4083	
0.948045	-0.00513532	-0.318094	-0.0281434	0.994596	-0.0999354	0.316888	0.103696	0.942777	10.2812	0.737662	72.2328	
0.944766	-0.00629056	-0.327684	-0.034338	0.992413	-0.118053	0.325941	0.122785	0.937383	10.5616	0.836437	73.0528	
0.941396	-0.00764025	-0.337217	-0.0407056	0.989864	-0.136063	0.334839	0.141816	0.931542	10.8498	0.951837	73.8679	
0.937935	-0.00918375	-0.346689	-0.0472431	0.986948	-0.153956	0.343577	0.16078	0.925259	11.1456	1.08381	74.6777	
0.934387	-0.0109203	-0.356094	-0.0539475	0.983667	-0.171724	0.352153	0.179667	0.918536	11.4491	1.23229	75.4819	
0.930751	-0.0128491	-0.365428	-0.0608155	0.980023	-0.189358	0.360561	0.198469	0.911376	11.7599	1.3972	76.2799	
0.927031	-0.0149693	-0.374686	-0.067844	0.976018	-0.206849	0.368797	0.217176	0.903783	12.078	1.57848	77.0716	
0.923227	-0.0172797	-0.383866	-0.0750294	0.971653	-0.224191	0.376858	0.23578	0.89576	12.4032	1.77602	77.8564	
0.919342	-0.0197794	-0.392961	-0.0823685	0.96693	-0.241373	0.38474	0.254272	0.887311	12.7353	1.98975	78.6341	
0.915378	-0.0224671	-0.401968	-0.0898578	0.961853	-0.258389	0.392439	0.272643	0.87844	13.0743	2.21955	79.4042	
0.911336	-0.0253416	-0.410882	-0.0974936	0.956422	-0.275229	0.399951	0.290885	0.869152	13.4199	2.46532	80.1663	
0.907219	-0.0284015	-0.419699	-0.105272	0.950642	-0.291887	0.407274	0.308988	0.85945	13.7719	2.72694	80.9202	
0.903028	-0.0316453	-0.428416	-0.11319	0.944514	-0.308354	0.414402	0.326944	0.84934	14.1303	3.00429	81.6655	
0.898765	-0.0350715	-0.437027	-0.121244	0.938041	-0.324622	0.421334	0.344745	0.838826	14.4948	3.29723	82.4017	
0.894432	-0.0386784	-0.445528	-0.129429	0.931227	-0.340683	0.428065	0.362382	0.827913	14.8652	3.60563	83.1286	
0.890032	-0.0424644	-0.453917	-0.137742	0.924074	-0.35653	0.434593	0.379847	0.816606	15.2414	3.92934	83.8459	
