1	0	0	0	1	0	0	0	1	0	0	0	
0.999995	-4.24412e-06	-0.00314013	-4.24412e-06	0.999996	-0.00270314	0.00314013	0.00270314	0.999991	0.00131949	0.00113586	0.840402	
0.99998	-1.69923e-05	-0.00628409	-1.69821e-05	0.999985	-0.00540631	0.00628409	0.00540631	0.999966	0.00527958	0.00454348	1.68079	
0.999956	-3.82653e-05	-0.00943179	-3.82244e-05	0.999967	-0.00810946	0.00943179	0.00810946	0.999923	0.0118834	0.0102228	2.52115	
0.999921	-6.80834e-05	-0.0125832	-6.79811e-05	0.999942	-0.0108125	0.0125832	0.0108125	0.999862	0.0211342	0.0181739	3.36146	
0.999876	-0.000106466	-0.0157381	-0.000106262	0.999909	-0.0135153	0.0157381	0.0135153	0.999785	0.0330348	0.0283965	4.20172	
0.999821	-0.000153434	-0.0188965	-0.000153075	0.999868	-0.0162179	0.0188965	0.0162179	0.99969	0.0475884	0.0408905	5.0419	
0.999757	-0.000209004	-0.0220583	-0.00020843	0.999821	-0.0189201	0.0220583	0.0189201	0.999578	0.0647977	0.0556556	5.882	
0.999682	-0.000273196	-0.0252235	-0.000272334	0.999766	-0.0216219	0.0252235	0.0216219	0.999448	0.0846656	0.0726914	6.722	
0.999597	-0.000346027	-0.0283918	-0.000344795	0.999704	-0.0243232	0.0283918	0.0243232	0.999301	0.107195	0.0919977	7.56188	
0.999502	-0.000427514	-0.0315633	-0.00042582	0.999635	-0.027024	0.0315633	0.0270239	0.999136	0.132388	0.113574	8.40162	
0.999396	-0.000517675	-0.0347379	-0.000515415	0.999558	-0.029724	0.0347379	0.029724	0.998954	0.160248	0.13742	9.24123	
0.999281	-0.000616526	-0.0379154	-0.000613586	0.999474	-0.0324234	0.0379155	0.0324233	0.998755	0.190777	0.163534	10.0807	
0.999155	-0.000724083	-0.0410958	-0.000720338	0.999383	-0.0351219	0.0410959	0.0351219	0.998538	0.223978	0.191917	10.9199	
0.999019	-0.00084036	-0.044279	-0.000835677	0.999284	-0.0378196	0.0442791	0.0378195	0.998303	0.259853	0.222567	11.759	
0.998872	-0.000965374	-0.047465	-0.000959607	0.999178	-0.0405163	0.0474651	0.0405162	0.998051	0.298404	0.255484	12.5979	
0.998716	-0.00109914	-0.0506535	-0.00109213	0.999065	-0.043212	0.0506537	0.0432118	0.997781	0.339634	0.290666	13.4365	
0.998549	-0.00124167	-0.0538446	-0.00123325	0.998945	-0.0459066	0.0538448	0.0459063	0.997494	0.383544	0.328114	14.275	
0.998371	-0.00139297	-0.0570382	-0.00138298	0.998817	-0.0486	0.0570384	0.0485997	0.997188	0.430138	0.367826	15.1131	
0.998183	-0.00155307	-0.0602341	-0.00154131	0.998683	-0.0512921	0.0602344	0.0512917	0.996866	0.479416	0.4098	15.951	
0.997985	-0.00172197	-0.0634322	-0.00170824	0.99854	-0.0539829	0.0634326	0.0539825	0.996525	0.531381	0.454037	16.7887	
0.997776	-0.00189969	-0.0666326	-0.00188378	0.998391	-0.0566723	0.0666331	0.0566718	0.996167	0.586035	0.500534	17.626	
0.997556	-0.00208623	-0.0698351	-0.00206793	0.998234	-0.0593602	0.0698356	0.0593596	0.995791	0.64338	0.549291	18.463	
0.997326	-0.00228161	-0.0730396	-0.00226069	0.998071	-0.0620466	0.0730402	0.0620458	0.995397	0.703417	0.600306	19.2997	
0.997086	-0.00248584	-0.076246	-0.00246205	0.9979	-0.0647313	0.0762467	0.0647304	0.994986	0.766147	0.653577	20.1361	
0.996835	-0.00269893	-0.0794542	-0.00267203	0.997721	-0.0674143	0.0794551	0.0674133	0.994556	0.831574	0.709104	20.9721	
0.996573	-0.00292089	-0.0826642	-0.00289061	0.997536	-0.0700956	0.0826653	0.0700943	0.994109	0.899697	0.766886	21.8077	
0.996301	-0.00315173	-0.0858759	-0.0031178	0.997344	-0.072775	0.0858771	0.0727735	0.993644	0.970519	0.826919	22.643	
0.996018	-0.00339145	-0.0890891	-0.00335359	0.997144	-0.0754525	0.0890906	0.0754508	0.993162	1.04404	0.889203	23.4779	
0.995724	-0.00364007	-0.0923039	-0.00359798	0.996937	-0.078128	0.0923055	0.078126	0.992661	1.12026	0.953737	24.3123	
0.99542	-0.00389759	-0.09552	-0.00385097	0.996723	-0.0808014	0.0955219	0.0807991	0.992143	1.19919	1.02052	25.1463	
0.995105	-0.00416401	-0.0987375	-0.00411256	0.996502	-0.0834727	0.0987396	0.0834701	0.991606	1.28082	1.08954	25.9799	
0.994779	-0.00443936	-0.101956	-0.00438274	0.996273	-0.0861417	0.101959	0.0861388	0.991052	1.36515	1.16081	26.813	
0.994442	-0.00472363	-0.105176	-0.00466151	0.996038	-0.0888085	0.105179	0.0888052	0.99048	1.45219	1.23433	27.6457	
0.994095	-0.00501683	-0.108397	-0.00494886	0.995795	-0.0914729	0.1084	0.0914692	0.98989	1.54194	1.31008	28.4778	
0.993737	-0.00531896	-0.111619	-0.00524479	0.995546	-0.0941349	0.111622	0.0941307	0.989283	1.63439	1.38807	29.3095	
0.993368	-0.00563003	-0.114841	-0.0055493	0.995289	-0.0967944	0.114845	0.0967897	0.988657	1.72955	1.46829	30.1406	
0.992988	-0.00595004	-0.118065	-0.00586236	0.995025	-0.0994513	0.118069	0.0994461	0.988013	1.82743	1.55075	30.9712	
0.992597	-0.006279	-0.121289	-0.00618399	0.994754	-0.102106	0.121294	0.1021	0.987352	1.92801	1.63544	31.8013	
0.992196	-0.00661692	-0.124514	-0.00651418	0.994477	-0.104757	0.124519	0.104751	0.986672	2.0313	1.72236	32.6308	
0.991783	-0.00696379	-0.127739	-0.0068529	0.994192	-0.107406	0.127745	0.107399	0.985975	2.1373	1.81151	33.4597	
0.99136	-0.00731961	-0.130965	-0.00720017	0.9939	-0.110052	0.130971	0.110044	0.98526	2.24601	1.90288	34.288	
0.990926	-0.00768439	-0.134191	-0.00755596	0.993601	-0.112695	0.134198	0.112686	0.984527	2.35744	1.99647	35.1157	
0.99048	-0.00805814	-0.137417	-0.00792028	0.993295	-0.115335	0.137425	0.115325	0.983776	2.47158	2.09228	35.9428	
0.990024	-0.00844085	-0.140644	-0.00829311	0.992982	-0.117972	0.140653	0.117961	0.983007	2.58842	2.19031	36.7692	
0.989557	-0.00883252	-0.14387	-0.00867444	0.992663	-0.120606	0.14388	0.120594	0.98222	2.70799	2.29055	37.595	
0.989079	-0.00923315	-0.147097	-0.00906426	0.992336	-0.123236	0.147107	0.123224	0.981415	2.83026	2.393	38.4202	
0.98859	-0.00964274	-0.150323	-0.00946257	0.992002	-0.125863	0.150335	0.12585	0.980592	2.95525	2.49766	39.2446	
0.98809	-0.0100613	-0.15355	-0.00986934	0.991662	-0.128487	0.153562	0.128473	0.979752	3.08294	2.60453	40.0683	
0.987579	-0.0104888	-0.156776	-0.0102846	0.991315	-0.131108	0.156789	0.131092	0.978893	3.21335	2.7136	40.8914	
0.987056	-0.0109253	-0.160001	-0.0107083	0.990961	-0.133725	0.160016	0.133708	0.978017	3.34648	2.82487	41.7137	
0.986523	-0.0113707	-0.163227	-0.0111404	0.9906	-0.136339	0.163243	0.13632	0.977123	3.48231	2.93833	42.5352	
0.985979	-0.0118251	-0.166451	-0.0115809	0.990232	-0.138949	0.166468	0.138928	0.976211	3.62086	3.05399	43.356	
0.985423	-0.0122885	-0.169675	-0.0120299	0.989857	-0.141555	0.169694	0.141533	0.975281	3.76211	3.17184	44.176	
0.984857	-0.0127608	-0.172899	-0.0124872	0.989476	-0.144157	0.172919	0.144133	0.974333	3.90608	3.29188	44.9953	
0.984279	-0.013242	-0.176121	-0.012953	0.989088	-0.146756	0.176143	0.14673	0.973367	4.05276	3.4141	45.8137	
0.983691	-0.0137322	-0.179343	-0.0134271	0.988693	-0.149351	0.179366	0.149323	0.972384	4.20214	3.53851	46.6313	
0.983091	-0.0142313	-0.182563	-0.0139095	0.988292	-0.151942	0.182588	0.151912	0.971383	4.35424	3.66509	47.4481	
0.982093	-0.0150504	-0.187793	-0.0139783	0.988235	-0.152302	0.187876	0.1522	0.970329	4.50991	3.79288	48.264	
0.981065	-0.0158724	-0.193026	-0.01405	0.988178	-0.152667	0.193167	0.152488	0.969244	4.67002	3.92091	49.079	
0.980007	-0.0166973	-0.198261	-0.0141246	0.98812	-0.153036	0.198461	0.152777	0.968128	4.83459	4.04918	49.8931	
0.978918	-0.0175251	-0.203498	-0.0142021	0.988061	-0.153409	0.203757	0.153065	0.966982	5.0036	4.1777	50.7062	
0.977799	-0.0183556	-0.208737	-0.0142827	0.988001	-0.153786	0.209055	0.153354	0.965805	5.17706	4.30645	51.5184	
0.97665	-0.0191889	-0.213977	-0.0143662	0.98794	-0.154167	0.214355	0.153641	0.964596	5.35498	4.43545	52.3296	
0.975471	-0.0200249	-0.219217	-0.0144527	0.987879	-0.154551	0.219655	0.153929	0.963358	5.53735	4.5647	53.1397	
0.974261	-0.0208635	-0.224457	-0.0145422	0.987817	-0.154939	0.224955	0.154215	0.962088	5.72418	4.69418	53.9488	
0.97302	-0.0217046	-0.229697	-0.0146346	0.987754	-0.155329	0.230255	0.1545	0.960787	5.91546	4.8239	54.7568	
0.97175	-0.0225483	-0.234935	-0.01473	0.987691	-0.155723	0.235554	0.154784	0.959456	6.1112	4.95386	55.5637	
0.970449	-0.0233945	-0.240171	-0.0148284	0.987627	-0.156119	0.240852	0.155067	0.958094	6.31138	5.08406	56.3694	
0.969117	-0.0242431	-0.245406	-0.0149298	0.987562	-0.156517	0.246148	0.155348	0.956702	6.51602	5.2145	57.174	
0.967756	-0.025094	-0.250638	-0.0150341	0.987497	-0.156918	0.251442	0.155626	0.955279	6.72511	5.34517	57.9775	
0.966364	-0.0259472	-0.255866	-0.0151413	0.987431	-0.157321	0.256732	0.155903	0.953825	6.93865	5.47608	58.7797	
0.964942	-0.0268026	-0.261091	-0.0152514	0.987365	-0.157725	0.262019	0.156178	0.952341	7.15663	5.60722	59.5806	
0.96349	-0.0276602	-0.266311	-0.0153644	0.987298	-0.158132	0.267303	0.15645	0.950827	7.37905	5.73858	60.3804	
0.962008	-0.0285198	-0.271527	-0.0154802	0.987231	-0.158539	0.272582	0.156719	0.949283	7.60591	5.87018	61.1788	
0.960496	-0.0293815	-0.276738	-0.0155988	0.987164	-0.158948	0.277856	0.156986	0.947709	7.83721	6.002	61.9759	
0.958954	-0.0302452	-0.281943	-0.0157202	0.987096	-0.159358	0.283124	0.157249	0.946104	8.07293	6.13404	62.7717	
0.957383	-0.0311107	-0.287142	-0.0158443	0.987027	-0.159768	0.288387	0.157509	0.94447	8.31308	6.2663	63.5661	
0.955782	-0.031978	-0.292334	-0.0159711	0.986959	-0.16018	0.293643	0.157766	0.942806	8.55766	6.39878	64.3592	
0.954151	-0.0328471	-0.297518	-0.0161005	0.98689	-0.160591	0.298893	0.158018	0.941113	8.80664	6.53148	65.1508	
0.952491	-0.0337179	-0.302696	-0.0162326	0.98682	-0.161003	0.304135	0.158267	0.93939	9.06003	6.66438	65.941	
0.950801	-0.0345902	-0.307865	-0.0163671	0.986751	-0.161414	0.309369	0.158512	0.937638	9.31783	6.79749	66.7297	
0.949083	-0.0354641	-0.313025	-0.0165041	0.986681	-0.161826	0.314595	0.158752	0.935857	9.58002	6.93081	67.517	
0.947335	-0.0363394	-0.318176	-0.0166435	0.986611	-0.162237	0.319812	0.158988	0.934047	9.8466	7.06432	68.3027	
0.945558	-0.0372161	-0.323318	-0.0167853	0.986542	-0.162647	0.32502	0.159219	0.932208	10.1176	7.19803	69.0869	
0.943753	-0.0380941	-0.32845	-0.0169293	0.986471	-0.163056	0.330218	0.159445	0.93034	10.3929	7.33194	69.8696	
0.938795	-0.0403252	-0.342109	-0.0118674	0.988749	-0.149112	0.344273	0.144045	0.927754	10.6763	7.45947	70.6504	
0.93363	-0.0423294	-0.355728	-0.00659574	0.990795	-0.135209	0.358177	0.128582	0.924757	10.9715	7.57403	71.4288	
0.928263	-0.0441058	-0.369299	-0.00111655	0.992609	-0.121355	0.371922	0.113062	0.921353	11.2783	7.67558	72.2046	
0.922695	-0.0456537	-0.382818	0.00456772	0.994189	-0.107554	0.385503	0.0974913	0.917542	11.5966	7.76405	72.9773	
0.916928	-0.0469723	-0.396277	0.0104546	0.995535	-0.0938142	0.398915	0.081878	0.913325	11.9262	7.83943	73.7467	
0.910966	-0.0480611	-0.409672	0.0165414	0.996646	-0.0801404	0.41215	0.0662286	0.908706	12.267	7.90166	74.5123	
0.90481	-0.0489196	-0.422996	0.0228255	0.997523	-0.0665389	0.425203	0.05055	0.903685	12.6189	7.95074	75.2739	
0.898464	-0.0495474	-0.436242	0.0293041	0.998164	-0.0530158	0.438068	0.0348491	0.898266	12.9817	7.98662	76.0311	
0.89193	-0.0499442	-0.449407	0.0359743	0.998569	-0.0395769	0.45074	0.0191327	0.89245	13.3552	8.00931	76.7836	
0.885211	-0.0501099	-0.462483	0.0428333	0.998738	-0.0262283	0.463213	0.00340797	0.88624	13.7392	8.01878	77.5311	
0.87831	-0.0500444	-0.475464	0.0498779	0.998671	-0.0129759	0.475482	-0.0123183	0.879639	14.1337	8.01504	78.2731	
0.871231	-0.0497477	-0.488346	0.0571052	0.998368	0.00017453	0.487541	-0.0280391	0.87265	14.5384	7.99808	79.0095	
0.863976	-0.04922	-0.501122	0.0645118	0.997829	0.0132172	0.499384	-0.0437476	0.865275	14.9531	7.96791	79.7398	
0.856548	-0.0484614	-0.513787	0.0720945	0.997055	0.0261463	0.511007	-0.0594368	0.857519	15.3777	7.92455	80.4637	
