1	0	0	0	1	0	0	0	1	0	0	0	
0.999999	-1.74249e-07	0.00102587	-1.74249e-07	1	0.000339708	-0.00102587	-0.000339708	0.999999	-0.000501797	-0.000166165	0.978283	
0.999998	-7.01343e-07	0.00205826	-7.01179e-07	1	0.000681411	-0.00205826	-0.000681411	0.999998	-0.00201037	-0.000665637	1.95656	
0.999995	-1.58774e-06	0.0030971	-1.58708e-06	0.999999	0.00102509	-0.0030971	-0.00102509	0.999995	-0.00453208	-0.00150036	2.93484	
0.999991	-2.83988e-06	0.00414236	-2.83822e-06	0.999999	0.00137073	-0.00414236	-0.00137073	0.99999	-0.0080732	-0.00267226	3.91312	
0.999987	-4.46415e-06	0.00519398	-4.4608e-06	0.999999	0.00171831	-0.00519398	-0.00171831	0.999985	-0.01264	-0.00418323	4.89139	
0.99998	-6.46692e-06	0.00625192	-6.46102e-06	0.999998	0.00206781	-0.00625192	-0.00206781	0.999978	-0.0182387	-0.00603519	5.86965	
0.999973	-8.85452e-06	0.00731611	-8.84502e-06	0.999997	0.00241922	-0.00731611	-0.00241922	0.99997	-0.0248753	-0.00822998	6.84791	
0.999965	-1.16332e-05	0.00838651	-1.16189e-05	0.999996	0.00277251	-0.00838651	-0.00277251	0.999961	-0.0325561	-0.0107695	7.82616	
0.999955	-1.48093e-05	0.00946308	-1.47887e-05	0.999995	0.00312767	-0.00946308	-0.00312767	0.99995	-0.0412871	-0.0136555	8.8044	
0.999944	-1.8389e-05	0.0105457	-1.83605e-05	0.999994	0.00348467	-0.0105457	-0.00348467	0.999938	-0.0510743	-0.0168899	9.78263	
0.999932	-2.23785e-05	0.0116345	-2.23403e-05	0.999993	0.0038435	-0.0116345	-0.0038435	0.999925	-0.0619235	-0.0204744	10.7608	
0.999919	-2.67838e-05	0.0127292	-2.67339e-05	0.999991	0.00420414	-0.0127292	-0.00420414	0.99991	-0.0738408	-0.0244108	11.739	
0.999904	-3.16112e-05	0.0138299	-3.15473e-05	0.99999	0.00456657	-0.0138299	-0.00456657	0.999894	-0.086832	-0.0287009	12.7172	
0.999888	-3.68666e-05	0.0149365	-3.67862e-05	0.999988	0.00493077	-0.0149365	-0.00493077	0.999876	-0.100903	-0.0333465	13.6954	
0.999871	-4.2556e-05	0.0160489	-4.24566e-05	0.999986	0.00529672	-0.0160489	-0.00529672	0.999857	-0.116059	-0.0383492	14.6736	
0.999853	-4.86854e-05	0.0171671	-4.8564e-05	0.999984	0.00566441	-0.0171671	-0.00566441	0.999837	-0.132306	-0.0437107	15.6517	
0.999833	-5.52607e-05	0.0182911	-5.51142e-05	0.999982	0.0060338	-0.0182911	-0.0060338	0.999814	-0.14965	-0.0494328	16.6298	
0.999811	-6.22878e-05	0.0194207	-6.21129e-05	0.999979	0.00640489	-0.0194207	-0.00640489	0.999791	-0.168097	-0.0555171	17.6079	
0.999789	-6.97724e-05	0.020556	-6.95655e-05	0.999977	0.00677766	-0.020556	-0.00677766	0.999766	-0.187651	-0.0619652	18.586	
0.999765	-7.77202e-05	0.0216968	-7.74776e-05	0.999974	0.00715208	-0.0216969	-0.00715208	0.999739	-0.208319	-0.0687788	19.564	
0.999739	-8.61371e-05	0.0228432	-8.58546e-05	0.999972	0.00752813	-0.0228432	-0.00752813	0.999711	-0.230105	-0.0759595	20.542	
0.999712	-9.50285e-05	0.0239951	-9.4702e-05	0.999969	0.0079058	-0.0239951	-0.0079058	0.999681	-0.253016	-0.0835089	21.52	
0.999684	-0.0001044	0.0251523	-0.000104025	0.999966	0.00828507	-0.0251523	-0.00828506	0.999649	-0.277056	-0.0914285	22.498	
0.999654	-0.000114258	0.026315	-0.000113829	0.999962	0.00866591	-0.026315	-0.0086659	0.999616	-0.30223	-0.0997199	23.4759	
0.999622	-0.000124606	0.0274829	-0.000124119	0.999959	0.00904831	-0.0274829	-0.0090483	0.999581	-0.328545	-0.108385	24.4538	
0.999589	-0.000135451	0.028656	-0.000134901	0.999956	0.00943224	-0.028656	-0.00943223	0.999545	-0.356005	-0.117424	25.4316	
0.999555	-0.000146798	0.0298344	-0.000146179	0.999952	0.00981769	-0.0298344	-0.00981768	0.999507	-0.384615	-0.12684	26.4094	
0.999519	-0.000158653	0.0310179	-0.000157958	0.999948	0.0102046	-0.0310179	-0.0102046	0.999467	-0.414381	-0.136634	27.3872	
0.999481	-0.000171019	0.0322065	-0.000170244	0.999944	0.0105931	-0.0322065	-0.010593	0.999425	-0.445306	-0.146807	28.365	
0.999442	-0.000183903	0.0334001	-0.000183041	0.99994	0.0109829	-0.0334001	-0.0109829	0.999382	-0.477397	-0.157361	29.3427	
0.999401	-0.00019731	0.0345986	-0.000196354	0.999935	0.0113743	-0.0345986	-0.0113742	0.999337	-0.510658	-0.168296	30.3203	
0.999359	-0.000211245	0.0358021	-0.000210188	0.999931	0.011767	-0.0358021	-0.011767	0.99929	-0.545094	-0.179616	31.2979	
0.999315	-0.000225712	0.0370104	-0.000224547	0.999926	0.0121611	-0.0370104	-0.0121611	0.999241	-0.58071	-0.19132	32.2755	
0.999269	-0.000240716	0.0382235	-0.000239436	0.999921	0.0125566	-0.0382236	-0.0125566	0.99919	-0.61751	-0.20341	33.253	
0.999222	-0.000256263	0.0394414	-0.00025486	0.999916	0.0129535	-0.0394414	-0.0129535	0.999138	-0.655499	-0.215888	34.2305	
0.999173	-0.000272357	0.0406639	-0.000270823	0.999911	0.0133517	-0.0406639	-0.0133516	0.999084	-0.694682	-0.228755	35.2079	
0.999122	-0.000289002	0.0418911	-0.000287329	0.999905	0.0137512	-0.0418911	-0.0137511	0.999028	-0.735063	-0.242012	36.1852	
0.99907	-0.000306203	0.0431228	-0.000304383	0.9999	0.014152	-0.0431228	-0.0141519	0.99897	-0.776647	-0.255661	37.1626	
0.999016	-0.000323965	0.044359	-0.000321989	0.999894	0.0145541	-0.044359	-0.014554	0.99891	-0.819438	-0.269702	38.1398	
0.99896	-0.000342293	0.0455996	-0.000340151	0.999888	0.0149574	-0.0455997	-0.0149573	0.998848	-0.86344	-0.284138	39.117	
0.998902	-0.000361189	0.0468447	-0.000358873	0.999882	0.015362	-0.0468447	-0.0153619	0.998784	-0.908659	-0.298968	40.0941	
0.998843	-0.00038066	0.0480941	-0.000378159	0.999876	0.0157677	-0.0480941	-0.0157677	0.998718	-0.955097	-0.314195	41.0712	
0.998782	-0.000400708	0.0493477	-0.000398013	0.999869	0.0161747	-0.0493477	-0.0161746	0.998651	-1.00276	-0.329819	42.0482	
0.998719	-0.000421339	0.0506055	-0.000418439	0.999862	0.0165828	-0.0506055	-0.0165828	0.998581	-1.05165	-0.345842	43.0251	
0.998654	-0.000442555	0.0518675	-0.00043944	0.999856	0.0169921	-0.0518675	-0.016992	0.998509	-1.10177	-0.362265	44.002	
0.998587	-0.000464361	0.0531336	-0.00046102	0.999848	0.0174025	-0.0531336	-0.0174025	0.998436	-1.15314	-0.379089	44.9787	
0.998519	-0.000486761	0.0544037	-0.000483183	0.999841	0.0178141	-0.0544037	-0.017814	0.99836	-1.20574	-0.396314	45.9555	
0.998449	-0.000509759	0.0556778	-0.000505932	0.999834	0.0182267	-0.0556778	-0.0182266	0.998282	-1.25958	-0.413943	46.9321	
0.998377	-0.000533358	0.0569557	-0.00052927	0.999826	0.0186404	-0.0569558	-0.0186403	0.998203	-1.31468	-0.431976	47.9087	
0.998303	-0.000557562	0.0582375	-0.000553201	0.999818	0.0190551	-0.0582376	-0.019055	0.998121	-1.37102	-0.450415	48.8851	
0.998227	-0.000582374	0.0595231	-0.000577728	0.99981	0.0194709	-0.0595232	-0.0194707	0.998037	-1.42862	-0.469259	49.8616	
0.998149	-0.000607797	0.0608125	-0.000602854	0.999802	0.0198876	-0.0608125	-0.0198875	0.997951	-1.48748	-0.488511	50.8379	
0.998069	-0.000633836	0.0621055	-0.000628582	0.999794	0.0203054	-0.0621055	-0.0203052	0.997863	-1.54761	-0.508171	51.8141	
0.997988	-0.000660494	0.0634021	-0.000654915	0.999785	0.0207241	-0.0634021	-0.0207239	0.997773	-1.609	-0.52824	52.7903	
0.997904	-0.000687772	0.0647022	-0.000681856	0.999776	0.0211437	-0.0647023	-0.0211435	0.997681	-1.67166	-0.548719	53.7663	
0.997819	-0.000715675	0.0660058	-0.000709407	0.999767	0.0215643	-0.0660059	-0.0215641	0.997586	-1.7356	-0.569609	54.7423	
0.997732	-0.000744206	0.0673128	-0.000737572	0.999758	0.0219858	-0.0673129	-0.0219855	0.99749	-1.80081	-0.590911	55.7182	
0.997642	-0.000773367	0.0686232	-0.000766352	0.999749	0.0224081	-0.0686233	-0.0224079	0.997391	-1.8673	-0.612626	56.6939	
0.997551	-0.000803161	0.0699369	-0.00079575	0.999739	0.0228313	-0.069937	-0.0228311	0.99729	-1.93507	-0.634754	57.6696	
0.997458	-0.000833591	0.0712538	-0.000825769	0.999729	0.0232554	-0.0712539	-0.0232551	0.997187	-2.00414	-0.657297	58.6452	
0.997363	-0.000864659	0.0725739	-0.000856411	0.999719	0.0236802	-0.072574	-0.0236799	0.997082	-2.07449	-0.680254	59.6207	
0.997265	-0.000896367	0.0738971	-0.000887677	0.999709	0.0241059	-0.0738972	-0.0241056	0.996974	-2.14613	-0.703628	60.5961	
0.997166	-0.000928719	0.0752233	-0.00091957	0.999699	0.0245323	-0.0752234	-0.024532	0.996865	-2.21908	-0.727419	61.5713	
0.996854	-0.00102398	0.0792532	-0.000769998	0.999744	0.0226022	-0.0792561	-0.0225921	0.996598	-2.29464	-0.750469	62.5464	
0.996525	-0.00111148	0.0832856	-0.000612742	0.999786	0.0206742	-0.0832907	-0.0206534	0.996311	-2.37415	-0.771623	63.5212	
0.99618	-0.00119121	0.0873202	-0.000447802	0.999824	0.0187481	-0.0873272	-0.0187156	0.996004	-2.4576	-0.79088	64.4958	
0.995817	-0.00126315	0.0913566	-0.000275173	0.999858	0.016824	-0.091365	-0.0167788	0.995676	-2.54501	-0.808241	65.47	
0.995439	-0.00132728	0.0953947	-9.48504e-05	0.999889	0.0149018	-0.0954039	-0.0148428	0.995328	-2.63637	-0.823709	66.4439	
0.995043	-0.0013836	0.099434	9.31723e-05	0.999916	0.0129812	-0.0994436	-0.0129076	0.994959	-2.73167	-0.837283	67.4174	
0.994631	-0.00143209	0.103474	0.000288902	0.999939	0.0110622	-0.103484	-0.0109729	0.994571	-2.83093	-0.848964	68.3905	
0.994202	-0.00147275	0.107515	0.000492347	0.999958	0.00914477	-0.107524	-0.00903882	0.994161	-2.93415	-0.858752	69.3633	
0.993757	-0.00150557	0.111556	0.000703516	0.999974	0.00722873	-0.111564	-0.00710512	0.993732	-3.04131	-0.866649	70.3357	
0.993295	-0.00153054	0.115597	0.000922421	0.999985	0.00531399	-0.115604	-0.00517173	0.993282	-3.15243	-0.872654	71.3076	
0.990994	-0.00147758	0.133901	0.00292542	0.999939	-0.0106166	-0.133877	0.0109127	0.990938	-3.27447	-0.869846	72.2782	
0.988356	-0.00112794	0.152156	0.00522119	0.999635	-0.0265048	-0.15207	0.0269906	0.988001	-3.41434	-0.851305	73.2463	
0.985383	-0.000481825	0.170351	0.00780837	0.999073	-0.0423411	-0.170173	0.0430524	0.984473	-3.57197	-0.817042	74.2111	
0.982078	0.000460381	0.188476	0.0106854	0.998253	-0.0581161	-0.188173	0.0590884	0.980357	-3.74726	-0.767078	75.1723	
0.978441	0.00169811	0.206519	0.0138506	0.997175	-0.0738202	-0.206061	0.0750891	0.975654	-3.94011	-0.701443	76.1291	
0.974476	0.00323063	0.22447	0.017302	0.995842	-0.0894441	-0.223826	0.0910449	0.970367	-4.1504	-0.620176	77.081	
0.970184	0.00505701	0.242319	0.0210376	0.994252	-0.104978	-0.241457	0.106946	0.9645	-4.378	-0.523326	78.0275	
0.965568	0.00717617	0.260054	0.0250551	0.992408	-0.120414	-0.258943	0.122784	0.958057	-4.62277	-0.41095	78.9679	
0.96063	0.00958684	0.277664	0.0293522	0.990309	-0.135741	-0.276275	0.138547	0.95104	-4.88459	-0.283116	79.9018	
0.955375	0.0122876	0.29514	0.0339262	0.987959	-0.150952	-0.293441	0.154228	0.943454	-5.16327	-0.1399	80.8285	
0.949805	0.0152768	0.312471	0.0387745	0.985357	-0.166036	-0.310432	0.169817	0.935304	-5.45866	0.0186123	81.7475	
0.943922	0.0185526	0.329646	0.0438941	0.982506	-0.180984	-0.327237	0.185305	0.926595	-5.77059	0.192326	82.6583	
0.937732	0.0221132	0.346655	0.049282	0.979407	-0.195788	-0.343846	0.200681	0.917331	-6.09886	0.381137	83.5603	
0.931237	0.0259563	0.363489	0.054935	0.976062	-0.210439	-0.36025	0.215937	0.907519	-6.44328	0.584932	84.4529	
0.924441	0.0300797	0.380136	0.0608496	0.972473	-0.224929	-0.376438	0.231064	0.897164	-6.80364	0.80359	85.3357	
0.917349	0.0344809	0.396588	0.0670223	0.968643	-0.239247	-0.392401	0.246053	0.886272	-7.17973	1.03698	86.2081	
0.909964	0.0391573	0.412833	0.0734495	0.964573	-0.253387	-0.40813	0.260895	0.874851	-7.57133	1.28496	87.0696	
0.902292	0.044106	0.428863	0.0801273	0.960265	-0.267339	-0.423614	0.275581	0.862906	-7.97819	1.54739	87.9197	
0.894336	0.0493242	0.444668	0.0870517	0.955724	-0.281094	-0.438845	0.290102	0.850445	-8.40007	1.8241	88.7578	
0.886102	0.0548087	0.460239	0.0942185	0.95095	-0.294646	-0.453813	0.304449	0.837475	-8.83673	2.11493	89.5834	
0.877594	0.0605562	0.475565	0.101624	0.945948	-0.307986	-0.46851	0.318615	0.824004	-9.2879	2.41972	90.3962	
0.868817	0.0665633	0.490639	0.109262	0.94072	-0.321105	-0.482927	0.33259	0.810041	-9.75331	2.73826	91.1955	
0.859777	0.0728264	0.50545	0.11713	0.935269	-0.333996	-0.497055	0.346365	0.795592	-10.2327	3.07038	91.9809	
0.850479	0.0793417	0.51999	0.125223	0.929598	-0.346651	-0.510886	0.359934	0.780669	-10.7257	3.41588	92.752	
0.840929	0.0861053	0.534251	0.133535	0.923711	-0.359063	-0.524411	0.373287	0.765278	-11.2322	3.77455	93.5082	
0.831132	0.0931133	0.548223	0.142061	0.917612	-0.371224	-0.537622	0.386418	0.749429	-11.7517	4.14617	94.2491	
