1	0	0	0	1	0	0	0	1	0	0	0	
0.999998	-1.45732e-06	-0.00188874	-1.45732e-06	0.999999	-0.00154317	0.00188874	0.00154317	0.999997	0.000937215	0.000765739	0.992423	
0.999993	-5.84245e-06	-0.00378181	-5.84193e-06	0.999995	-0.00308961	0.00378181	0.00308961	0.999988	0.00375101	0.00306458	1.98484	
0.999984	-1.31747e-05	-0.00567914	-1.31726e-05	0.999989	-0.00463924	0.00567914	0.00463924	0.999973	0.00844565	0.00689973	2.97725	
0.999971	-2.34728e-05	-0.00758063	-2.34676e-05	0.999981	-0.006192	0.00758063	0.006192	0.999952	0.0150253	0.0122743	3.96963	
0.999955	-3.67552e-05	-0.0094862	-3.67448e-05	0.99997	-0.00774781	0.0094862	0.00774781	0.999925	0.0234941	0.0191914	4.962	
0.999935	-5.30399e-05	-0.0113958	-5.30216e-05	0.999957	-0.0093066	0.0113958	0.0093066	0.999892	0.033856	0.027654	5.95433	
0.999911	-7.23442e-05	-0.0133092	-7.23149e-05	0.999941	-0.0108683	0.0133092	0.0108683	0.999852	0.0461149	0.0376651	6.94663	
0.999884	-9.46852e-05	-0.0152265	-9.46411e-05	0.999923	-0.0124328	0.0152265	0.0124328	0.999807	0.0602746	0.0492274	7.93888	
0.999853	-0.000120079	-0.0171475	-0.000120016	0.999902	-0.0140001	0.0171475	0.0140001	0.999755	0.076339	0.0623437	8.93109	
0.999818	-0.000148543	-0.0190721	-0.000148456	0.999879	-0.0155701	0.0190721	0.0155701	0.999697	0.0943115	0.0770168	9.92324	
0.999779	-0.000180091	-0.0210002	-0.000179975	0.999853	-0.0171427	0.0210002	0.0171427	0.999632	0.114196	0.0932493	10.9153	
0.999737	-0.000214739	-0.0229318	-0.000214588	0.999825	-0.0187178	0.0229318	0.0187178	0.999562	0.135996	0.111044	11.9074	
0.999691	-0.000252502	-0.0248668	-0.000252309	0.999794	-0.0202954	0.0248668	0.0202954	0.999485	0.159714	0.130403	12.8993	
0.999641	-0.000293394	-0.0268051	-0.000293152	0.999761	-0.0218754	0.0268051	0.0218753	0.999401	0.185354	0.151328	13.8912	
0.999587	-0.000337428	-0.0287465	-0.00033713	0.999725	-0.0234576	0.0287465	0.0234576	0.999311	0.212919	0.173823	14.883	
0.999529	-0.000384617	-0.0306911	-0.000384255	0.999686	-0.0250422	0.0306911	0.0250422	0.999215	0.242413	0.197889	15.8747	
0.999467	-0.000434975	-0.0326386	-0.00043454	0.999645	-0.0266289	0.0326386	0.0266289	0.999112	0.273838	0.223529	16.8663	
0.999402	-0.000488514	-0.0345891	-0.000487995	0.999602	-0.0282177	0.0345891	0.0282177	0.999003	0.307197	0.250745	17.8577	
0.999332	-0.000545245	-0.0365423	-0.000544634	0.999555	-0.0298085	0.0365424	0.0298085	0.998887	0.342494	0.279538	18.8491	
0.999258	-0.000605179	-0.0384984	-0.000604465	0.999507	-0.0314012	0.0384984	0.0314012	0.998765	0.37973	0.309911	19.8404	
0.999181	-0.000668327	-0.040457	-0.000667499	0.999455	-0.0329959	0.0404571	0.0329959	0.998636	0.418908	0.341865	20.8315	
0.9991	-0.0007347	-0.0424183	-0.000733746	0.999401	-0.0345923	0.0424183	0.0345923	0.998501	0.460032	0.375404	21.8225	
0.999014	-0.000804307	-0.044382	-0.000803216	0.999345	-0.0361905	0.044382	0.0361904	0.998359	0.503104	0.410527	22.8134	
0.998925	-0.000877158	-0.046348	-0.000875915	0.999285	-0.0377903	0.0463481	0.0377902	0.99821	0.548125	0.447237	23.8041	
0.998832	-0.00095326	-0.0483164	-0.000951854	0.999223	-0.0393916	0.0483164	0.0393916	0.998055	0.595099	0.485536	24.7947	
0.998734	-0.00103262	-0.0502869	-0.00103104	0.999159	-0.0409945	0.050287	0.0409945	0.997893	0.644027	0.525424	25.7851	
0.998633	-0.00111525	-0.0522596	-0.00111348	0.999092	-0.0425988	0.0522596	0.0425988	0.997725	0.694912	0.566904	26.7754	
0.998528	-0.00120116	-0.0542343	-0.00119918	0.999022	-0.0442045	0.0542343	0.0442044	0.997549	0.747755	0.609977	27.7654	
0.998418	-0.00129035	-0.0562108	-0.00128814	0.998949	-0.0458114	0.0562109	0.0458114	0.997367	0.80256	0.654644	28.7553	
0.998305	-0.00138283	-0.0581893	-0.00138038	0.998874	-0.0474196	0.0581893	0.0474195	0.997179	0.859326	0.700906	29.7451	
0.998187	-0.0014786	-0.0601694	-0.00147589	0.998796	-0.0490288	0.0601695	0.0490287	0.996983	0.918058	0.748765	30.7346	
0.998065	-0.00157767	-0.0621512	-0.00157469	0.998716	-0.0506392	0.0621513	0.0506391	0.996781	0.978755	0.798221	31.7239	
0.99794	-0.00168004	-0.0641346	-0.00167677	0.998633	-0.0522505	0.0641347	0.0522504	0.996572	1.04142	0.849276	32.713	
0.99781	-0.00178573	-0.0661195	-0.00178214	0.998547	-0.0538627	0.0661196	0.0538626	0.996357	1.10605	0.901931	33.702	
0.997676	-0.00189472	-0.0681057	-0.00189081	0.998458	-0.0554757	0.0681058	0.0554756	0.996135	1.17266	0.956186	34.6907	
0.997538	-0.00200703	-0.0700932	-0.00200276	0.998367	-0.0570895	0.0700933	0.0570894	0.995905	1.24123	1.01204	35.6791	
0.997396	-0.00212265	-0.0720819	-0.00211802	0.998273	-0.058704	0.072082	0.0587038	0.99567	1.31178	1.0695	36.6674	
0.99725	-0.0022416	-0.0740717	-0.00223657	0.998177	-0.0603191	0.0740718	0.0603189	0.995427	1.38431	1.12856	37.6554	
0.9971	-0.00236387	-0.0760625	-0.00235843	0.998077	-0.0619347	0.0760627	0.0619345	0.995178	1.4588	1.18922	38.6431	
0.996946	-0.00248946	-0.0780543	-0.00248358	0.997976	-0.0635508	0.0780544	0.0635506	0.994922	1.53528	1.25149	39.6307	
0.996788	-0.00261837	-0.0800468	-0.00261203	0.997871	-0.0651673	0.080047	0.0651671	0.994659	1.61373	1.31536	40.6179	
0.996625	-0.0027506	-0.0820402	-0.00274379	0.997764	-0.0667841	0.0820404	0.0667838	0.994389	1.69416	1.38084	41.6049	
0.996459	-0.00288616	-0.0840341	-0.00287884	0.997654	-0.0684011	0.0840344	0.0684008	0.994112	1.77657	1.44792	42.5916	
0.996288	-0.00302504	-0.0860287	-0.00301719	0.997541	-0.0700183	0.0860289	0.070018	0.993829	1.86096	1.5166	43.5781	
0.996113	-0.00316723	-0.0880237	-0.00315883	0.997426	-0.0716356	0.088024	0.0716353	0.993539	1.94732	1.58689	44.5642	
0.995935	-0.00331275	-0.090019	-0.00330376	0.997308	-0.073253	0.0900194	0.0732526	0.993242	2.03567	1.65879	45.5501	
0.995752	-0.00346158	-0.0920147	-0.00345199	0.997187	-0.0748702	0.0920151	0.0748698	0.992939	2.126	1.73229	46.5356	
0.995565	-0.00361372	-0.0940106	-0.00360349	0.997064	-0.0764874	0.094011	0.0764869	0.992629	2.21831	1.80739	47.5209	
0.995374	-0.00376917	-0.0960065	-0.00375828	0.996938	-0.0781043	0.096007	0.0781038	0.992312	2.3126	1.8841	48.5059	
0.995178	-0.00392792	-0.0980025	-0.00391635	0.99681	-0.079721	0.098003	0.0797204	0.991988	2.40887	1.96242	49.4905	
0.994979	-0.00408998	-0.0999984	-0.00407768	0.996678	-0.0813373	0.0999989	0.0813367	0.991657	2.50712	2.04234	50.4748	
0.994776	-0.00425532	-0.101994	-0.00424228	0.996544	-0.0829532	0.101995	0.0829525	0.99132	2.60735	2.12386	51.4588	
0.994569	-0.00442396	-0.10399	-0.00441014	0.996408	-0.0845686	0.10399	0.0845678	0.990976	2.70956	2.20698	52.4424	
0.994357	-0.00459588	-0.105985	-0.00458126	0.996269	-0.0861834	0.105985	0.0861826	0.990626	2.81375	2.29171	53.4257	
0.994142	-0.00477107	-0.10798	-0.00475561	0.996127	-0.0877976	0.10798	0.0877968	0.990269	2.91993	2.37804	54.4087	
0.993922	-0.00494953	-0.109974	-0.00493321	0.995983	-0.0894111	0.109974	0.0894102	0.989905	3.02808	2.46598	55.3913	
0.993699	-0.00513125	-0.111967	-0.00511403	0.995836	-0.0910238	0.111968	0.0910228	0.989534	3.13821	2.55551	56.3735	
0.993471	-0.00531623	-0.11396	-0.00529807	0.995686	-0.0926356	0.113961	0.0926346	0.989157	3.25032	2.64664	57.3553	
0.99324	-0.00550444	-0.115952	-0.00548532	0.995534	-0.0942465	0.115953	0.0942454	0.988773	3.3644	2.73937	58.3368	
0.993004	-0.00569589	-0.117943	-0.00567578	0.995379	-0.0958564	0.117944	0.0958552	0.988383	3.48047	2.83371	59.3179	
0.992764	-0.00589057	-0.119934	-0.00586942	0.995222	-0.0974653	0.119935	0.097464	0.987986	3.59851	2.92963	60.2986	
0.992521	-0.00608846	-0.121923	-0.00606624	0.995062	-0.099073	0.121924	0.0990716	0.987583	3.71852	3.02716	61.2789	
0.992273	-0.00628955	-0.123911	-0.00626623	0.994899	-0.100679	0.123912	0.100678	0.987173	3.84051	3.12627	62.2588	
0.991572	-0.00684919	-0.129378	-0.00635426	0.994829	-0.101365	0.129404	0.101333	0.986401	3.96621	3.22651	63.2381	
0.990839	-0.00741243	-0.134841	-0.00644623	0.994758	-0.102052	0.134891	0.101986	0.985598	4.09735	3.3274	64.2166	
0.990077	-0.00797923	-0.140299	-0.0065421	0.994687	-0.102738	0.140374	0.102636	0.984764	4.23394	3.42894	65.1944	
0.989284	-0.00854957	-0.145752	-0.00664183	0.994615	-0.103424	0.145851	0.103283	0.9839	4.37597	3.53112	66.1712	
0.988461	-0.00912338	-0.151199	-0.00674535	0.994543	-0.104109	0.151323	0.103928	0.983006	4.52343	3.63394	67.1472	
0.987608	-0.00970064	-0.156639	-0.00685263	0.99447	-0.104793	0.15679	0.104568	0.982081	4.67632	3.7374	68.1223	
0.986725	-0.0102813	-0.162073	-0.00696359	0.994397	-0.105476	0.16225	0.105204	0.981125	4.83463	3.84149	69.0965	
0.985812	-0.0108653	-0.167501	-0.00707818	0.994324	-0.106157	0.167703	0.105836	0.98014	4.99836	3.94621	70.0697	
0.984869	-0.0114526	-0.172921	-0.00719631	0.994251	-0.106836	0.17315	0.106464	0.979124	5.1675	4.05156	71.0419	
0.98043	-0.0139292	-0.196376	-0.00603323	0.994899	-0.100691	0.196777	0.0999053	0.975345	5.35107	4.15397	72.0118	
0.975425	-0.0162477	-0.219734	-0.00472196	0.995507	-0.0945717	0.220283	0.0932851	0.970965	5.55803	4.24984	72.9776	
0.969857	-0.0184065	-0.242979	-0.00326331	0.996072	-0.0884818	0.243653	0.0866076	0.965988	5.78825	4.33911	73.9388	
0.96373	-0.0204045	-0.266097	-0.00165818	0.996596	-0.082425	0.266873	0.0798767	0.960416	6.04159	4.42172	74.8948	
0.957048	-0.0222403	-0.289075	9.24556e-05	0.997077	-0.0764051	0.28993	0.0730967	0.954252	6.3179	4.49763	75.8449	
0.949815	-0.0239129	-0.311898	0.00198751	0.997515	-0.0704259	0.312807	0.0662716	0.947502	6.617	4.56679	76.7886	
0.942034	-0.0254211	-0.334552	0.00402581	0.99791	-0.0644909	0.335492	0.0594058	0.940168	6.93871	4.62916	77.7254	
0.933712	-0.0267641	-0.357023	0.00620611	0.998262	-0.0586038	0.357971	0.0525034	0.932256	7.28283	4.68469	78.6545	
0.924853	-0.0279411	-0.379297	0.00852707	0.99857	-0.0527683	0.380229	0.0455687	0.923769	7.64916	4.73336	79.5756	
0.915463	-0.0289513	-0.40136	0.0109873	0.998835	-0.046988	0.402253	0.0386059	0.914714	8.03745	4.77513	80.4879	
0.905547	-0.029794	-0.4232	0.0135851	0.999056	-0.0412664	0.424029	0.0316194	0.905096	8.44749	4.80998	81.3909	
0.895111	-0.0304689	-0.444801	0.0163192	0.999233	-0.035607	0.445545	0.0246134	0.894921	8.879	4.83788	82.2842	
0.884162	-0.0309754	-0.466152	0.0191876	0.999365	-0.0300133	0.466786	0.0175923	0.884195	9.33173	4.85883	83.167	
0.872707	-0.0313132	-0.487239	0.0221887	0.999454	-0.0244888	0.48774	0.0105603	0.872925	9.80541	4.8728	84.039	
0.860752	-0.0314822	-0.50805	0.0253206	0.999498	-0.0190368	0.508394	0.00352185	0.861117	10.2997	4.87978	84.8995	
0.848306	-0.0314823	-0.52857	0.0285814	0.999498	-0.0136608	0.528735	-0.00351879	0.84878	10.8144	4.87979	85.748	
0.835375	-0.0313134	-0.548788	0.0319691	0.999454	-0.00836394	0.54875	-0.0105573	0.83592	11.3491	4.8728	86.584	
0.821968	-0.0309756	-0.568691	0.0354816	0.999365	-0.00314959	0.568428	-0.0175892	0.822545	11.9035	4.85883	87.407	
0.808093	-0.0304691	-0.588267	0.0391168	0.999233	0.00197906	0.587755	-0.0246104	0.808664	12.4772	4.83789	88.2165	
0.793758	-0.0297944	-0.607504	0.0428723	0.999056	0.00701886	0.606721	-0.0316164	0.794286	13.0699	4.80999	89.0119	
0.778972	-0.0289517	-0.62639	0.0467459	0.998835	0.0119667	0.625314	-0.0386029	0.779418	13.6813	4.77515	89.7929	
0.763745	-0.0279416	-0.644913	0.0507352	0.99857	0.0168196	0.643521	-0.0455657	0.764071	14.311	4.73338	90.5588	
0.748086	-0.0267647	-0.663062	0.0548378	0.998262	0.0215744	0.661333	-0.0525004	0.748253	14.9585	4.68471	91.3093	
0.732003	-0.0254217	-0.680826	0.0590511	0.99791	0.0262284	0.678737	-0.0594028	0.731975	15.6235	4.62918	92.0438	
0.715509	-0.0239136	-0.698194	0.0633725	0.997515	0.0307786	0.695724	-0.0662686	0.715246	16.3055	4.56682	92.762	
0.698611	-0.0222411	-0.715156	0.0677994	0.997077	0.0352222	0.712282	-0.0730937	0.698077	17.0042	4.49766	93.4633	
0.681322	-0.0204053	-0.7317	0.072329	0.996596	0.0395564	0.728402	-0.0798738	0.680479	17.7192	4.42176	94.1474	
