1	0	0	0	1	0	0	0	1	0	0	0	
1	-3.77075e-08	0.00027375	-3.77075e-08	1	0.000275488	-0.00027375	-0.000275488	1	-0.000103417	-0.000104073	0.755556	
1	-1.49959e-07	0.000545922	-1.49953e-07	1	0.000549368	-0.000545922	-0.000549368	1	-0.00041307	-0.000415686	1.51111	
1	-3.35445e-07	0.000816507	-3.35422e-07	1	0.000821631	-0.000816507	-0.000821631	0.999999	-0.000927766	-0.000933619	2.26667	
0.999999	-5.92857e-07	0.0010855	-5.92801e-07	0.999999	0.00109227	-0.0010855	-0.00109227	0.999999	-0.0016463	-0.00165665	3.02222	
0.999999	-9.20884e-07	0.00135289	-9.20773e-07	0.999999	0.00136128	-0.00135289	-0.00136128	0.999998	-0.00256747	-0.00258354	3.77778	
0.999999	-1.31822e-06	0.00161867	-1.31802e-06	0.999999	0.00162864	-0.00161867	-0.00162864	0.999997	-0.00369006	-0.00371307	4.53333	
0.999998	-1.78354e-06	0.00188283	-1.78324e-06	0.999998	0.00189436	-0.00188283	-0.00189436	0.999996	-0.00501285	-0.00504398	5.28888	
0.999998	-2.31555e-06	0.00214537	-2.3151e-06	0.999998	0.00215843	-0.00214537	-0.00215843	0.999995	-0.00653461	-0.00657504	6.04444	
0.999997	-2.91294e-06	0.00240628	-2.91229e-06	0.999997	0.00242084	-0.00240628	-0.00242084	0.999994	-0.00825413	-0.00830499	6.79999	
0.999996	-3.57439e-06	0.00266555	-3.5735e-06	0.999996	0.00268158	-0.00266555	-0.00268158	0.999993	-0.0101701	-0.0102326	7.55554	
0.999996	-4.2986e-06	0.00292317	-4.29742e-06	0.999996	0.00294064	-0.00292317	-0.00294064	0.999991	-0.0122814	-0.0123565	8.31109	
0.999995	-5.08425e-06	0.00317913	-5.08273e-06	0.999995	0.00319802	-0.00317913	-0.00319802	0.99999	-0.0145868	-0.0146756	9.06664	
0.999994	-5.93004e-06	0.00343344	-5.92812e-06	0.999994	0.00345371	-0.00343344	-0.00345371	0.999988	-0.0170848	-0.0171884	9.82218	
0.999993	-6.83467e-06	0.00368608	-6.83228e-06	0.999993	0.0037077	-0.00368608	-0.0037077	0.999986	-0.0197744	-0.0198938	10.5777	
0.999992	-7.79682e-06	0.00393704	-7.7939e-06	0.999992	0.00395998	-0.00393704	-0.00395998	0.999984	-0.0226543	-0.0227905	11.3333	
0.999991	-8.81521e-06	0.00418631	-8.81168e-06	0.999991	0.00421056	-0.00418631	-0.00421056	0.999982	-0.0257231	-0.0258772	12.0888	
0.99999	-9.88851e-06	0.0044339	-9.8843e-06	0.99999	0.00445942	-0.0044339	-0.00445942	0.99998	-0.0289796	-0.0291525	12.8444	
0.999989	-1.10154e-05	0.00467979	-1.10105e-05	0.999989	0.00470655	-0.00467979	-0.00470655	0.999978	-0.0324226	-0.0326152	13.5999	
0.999988	-1.21947e-05	0.00492397	-1.21889e-05	0.999988	0.00495195	-0.00492397	-0.00495195	0.999976	-0.0360507	-0.036264	14.3554	
0.999987	-1.3425e-05	0.00516645	-1.34183e-05	0.999987	0.00519562	-0.00516645	-0.00519562	0.999973	-0.0398626	-0.0400975	15.111	
0.999985	-1.4705e-05	0.0054072	-1.46973e-05	0.999985	0.00543754	-0.0054072	-0.00543754	0.999971	-0.0438571	-0.0441145	15.8665	
0.999984	-1.60335e-05	0.00564623	-1.60246e-05	0.999984	0.0056777	-0.00564623	-0.0056777	0.999968	-0.0480328	-0.0483136	16.622	
0.999983	-1.74091e-05	0.00588353	-1.73991e-05	0.999982	0.00591611	-0.00588353	-0.00591611	0.999965	-0.0523885	-0.0526934	17.3776	
0.999981	-1.88306e-05	0.00611908	-1.88193e-05	0.999981	0.00615275	-0.00611908	-0.00615275	0.999962	-0.0569228	-0.0572528	18.1331	
0.99998	-2.02967e-05	0.00635289	-2.0284e-05	0.99998	0.00638762	-0.00635289	-0.00638762	0.999959	-0.0616345	-0.0619903	18.8886	
0.999978	-2.18061e-05	0.00658495	-2.17919e-05	0.999978	0.00662072	-0.00658495	-0.00662072	0.999956	-0.0665221	-0.0669045	19.6441	
0.999977	-2.33576e-05	0.00681525	-2.33418e-05	0.999977	0.00685203	-0.00681525	-0.00685203	0.999953	-0.0715844	-0.0719942	20.3997	
0.999975	-2.49498e-05	0.00704379	-2.49323e-05	0.999975	0.00708154	-0.00704379	-0.00708154	0.99995	-0.07682	-0.077258	21.1552	
0.999974	-2.65815e-05	0.00727055	-2.65622e-05	0.999973	0.00730926	-0.00727055	-0.00730926	0.999947	-0.0822277	-0.0826946	21.9107	
0.999972	-2.82515e-05	0.00749553	-2.82303e-05	0.999972	0.00753518	-0.00749553	-0.00753518	0.999944	-0.087806	-0.0883025	22.6662	
0.99997	-2.99584e-05	0.00771873	-2.99352e-05	0.99997	0.00775929	-0.00771873	-0.00775929	0.99994	-0.0935536	-0.0940804	23.4217	
0.999968	-3.17011e-05	0.00794013	-3.16757e-05	0.999968	0.00798158	-0.00794013	-0.00798158	0.999937	-0.0994691	-0.100027	24.1772	
0.999967	-3.34782e-05	0.00815974	-3.34506e-05	0.999966	0.00820205	-0.00815974	-0.00820205	0.999933	-0.105551	-0.106141	24.9327	
0.999965	-3.52886e-05	0.00837754	-3.52586e-05	0.999965	0.00842069	-0.00837754	-0.00842069	0.999929	-0.111799	-0.11242	25.6882	
0.999963	-3.71309e-05	0.00859353	-3.70984e-05	0.999963	0.00863749	-0.00859353	-0.00863749	0.999926	-0.11821	-0.118865	26.4437	
0.999961	-3.9004e-05	0.00880771	-3.89689e-05	0.999961	0.00885246	-0.00880771	-0.00885246	0.999922	-0.124784	-0.125472	27.1992	
0.999959	-4.09066e-05	0.00902006	-4.08688e-05	0.999959	0.00906558	-0.00902006	-0.00906558	0.999918	-0.131519	-0.132241	27.9547	
0.999957	-4.28375e-05	0.00923058	-4.27968e-05	0.999957	0.00927685	-0.00923058	-0.00927685	0.999914	-0.138413	-0.13917	28.7102	
0.999955	-4.47955e-05	0.00943927	-4.47519e-05	0.999955	0.00948626	-0.00943927	-0.00948626	0.99991	-0.145466	-0.146259	29.4657	
0.999953	-4.67793e-05	0.00964611	-4.67326e-05	0.999953	0.00969381	-0.00964611	-0.00969381	0.999906	-0.152677	-0.153504	30.2212	
0.999951	-4.87878e-05	0.00985111	-4.87379e-05	0.999951	0.00989949	-0.00985111	-0.00989949	0.999902	-0.160042	-0.160906	30.9767	
0.999949	-5.08198e-05	0.0100543	-5.07665e-05	0.999949	0.0101033	-0.0100543	-0.0101033	0.999898	-0.167562	-0.168463	31.7322	
0.999947	-5.28739e-05	0.0102555	-5.28172e-05	0.999947	0.0103052	-0.0102555	-0.0103052	0.999894	-0.175235	-0.176173	32.4877	
0.999945	-5.49492e-05	0.010455	-5.48889e-05	0.999945	0.0105053	-0.010455	-0.0105053	0.99989	-0.183059	-0.184035	33.2431	
0.999943	-5.70443e-05	0.0106525	-5.69803e-05	0.999943	0.0107034	-0.0106525	-0.0107034	0.999886	-0.191032	-0.192047	33.9986	
0.999941	-5.91581e-05	0.0108482	-5.90903e-05	0.999941	0.0108997	-0.0108482	-0.0108997	0.999882	-0.199155	-0.200208	34.7541	
0.999939	-6.12895e-05	0.011042	-6.12177e-05	0.999938	0.011094	-0.011042	-0.011094	0.999877	-0.207425	-0.208517	35.5095	
0.999937	-6.34372e-05	0.0112339	-6.33614e-05	0.999936	0.0112864	-0.0112339	-0.0112864	0.999873	-0.21584	-0.216971	36.265	
0.999935	-6.56002e-05	0.0114239	-6.55201e-05	0.999934	0.011477	-0.0114239	-0.011477	0.999869	-0.224399	-0.225571	37.0204	
0.999933	-6.77772e-05	0.011612	-6.76928e-05	0.999932	0.0116656	-0.011612	-0.0116656	0.999865	-0.233102	-0.234314	37.7759	
0.99993	-6.99671e-05	0.0117982	-6.98783e-05	0.99993	0.0118523	-0.0117982	-0.0118523	0.99986	-0.241946	-0.243198	38.5314	
0.999928	-7.21688e-05	0.0119825	-7.20755e-05	0.999928	0.012037	-0.0119825	-0.012037	0.999856	-0.25093	-0.252223	39.2868	
0.999932	-6.90122e-05	0.0116892	-4.18486e-05	0.999955	0.00948353	-0.0116893	-0.00948337	0.999887	-0.259872	-0.260353	40.0423	
0.999935	-6.65929e-05	0.0113944	-1.23504e-05	0.999976	0.00692805	-0.0113946	-0.00692774	0.999911	-0.268593	-0.266553	40.7977	
0.999938	-6.49191e-05	0.0110981	1.64134e-05	0.99999	0.00437066	-0.0110983	-0.00437021	0.999929	-0.27709	-0.270821	41.5532	
0.999942	-6.3999e-05	0.0108004	4.44376e-05	0.999998	0.0018114	-0.0108005	-0.00181082	0.99994	-0.285363	-0.273156	42.3087	
0.999945	-6.38404e-05	0.0105013	7.17167e-05	1	-0.000749652	-0.0105013	0.000750364	0.999945	-0.29341	-0.273557	43.0643	
0.999948	-6.44509e-05	0.0102009	9.82455e-05	0.999995	-0.00331245	-0.0102006	0.00331328	0.999942	-0.301231	-0.272021	43.8198	
0.999951	-6.58379e-05	0.00989908	0.000124019	0.999983	-0.00587693	-0.00989853	0.00587787	0.999934	-0.308824	-0.268549	44.5753	
0.999954	-6.80084e-05	0.009596	0.000149032	0.999964	-0.00844304	-0.00959509	0.00844408	0.999918	-0.316188	-0.263139	45.3308	
0.999957	-7.09694e-05	0.00929166	0.00017328	0.999939	-0.0110107	-0.00929031	0.0110118	0.999896	-0.323323	-0.255789	46.0863	
0.99996	-7.47273e-05	0.00898608	0.000196758	0.999908	-0.0135799	-0.00898423	0.0135811	0.999867	-0.330227	-0.246498	46.8417	
0.999962	-7.92887e-05	0.0086793	0.000219462	0.99987	-0.0161505	-0.00867689	0.0161518	0.999832	-0.336899	-0.235266	47.5972	
0.999965	-8.46596e-05	0.00837136	0.000241386	0.999825	-0.0187225	-0.00836831	0.0187239	0.99979	-0.343338	-0.22209	48.3526	
0.999967	-9.08458e-05	0.00806228	0.000262527	0.999773	-0.0212958	-0.00805852	0.0212973	0.999741	-0.349544	-0.206971	49.108	
0.99997	-9.78529e-05	0.00775211	0.00028288	0.999715	-0.0238704	-0.00774757	0.0238719	0.999685	-0.355515	-0.189907	49.8633	
0.999972	-0.000105686	0.00744088	0.000302441	0.99965	-0.0264463	-0.00743548	0.0264478	0.999623	-0.361251	-0.170898	50.6186	
0.999975	-0.000114351	0.00712861	0.000321206	0.999579	-0.0290232	-0.00712229	0.0290248	0.999553	-0.36675	-0.149941	51.3738	
0.999977	-0.000123852	0.00681535	0.000339171	0.9995	-0.0316013	-0.00680803	0.0316028	0.999477	-0.372013	-0.127037	52.129	
0.999979	-0.000134193	0.00650112	0.000356333	0.999416	-0.0341803	-0.00649274	0.0341819	0.999395	-0.377038	-0.102185	52.8842	
0.999981	-0.00014538	0.00618597	0.000372687	0.999324	-0.0367604	-0.00617644	0.036762	0.999305	-0.381824	-0.0753844	53.6392	
0.999983	-0.000157415	0.00586992	0.00038823	0.999226	-0.0393413	-0.00585918	0.0393429	0.999209	-0.38637	-0.0466337	54.3942	
0.999985	-0.000170303	0.00555301	0.000402959	0.999121	-0.0419231	-0.00554099	0.0419247	0.999105	-0.390677	-0.0159325	55.1491	
0.999986	-0.000184047	0.00523528	0.00041687	0.999009	-0.0445057	-0.0052219	0.0445073	0.998995	-0.394743	0.0167195	55.904	
0.999988	-0.00019865	0.00491676	0.000429961	0.998891	-0.047089	-0.00490195	0.0470905	0.998879	-0.398568	0.0513232	56.6587	
0.999989	-0.000214116	0.00459748	0.000442227	0.998765	-0.049673	-0.00458117	0.0496745	0.998755	-0.40215	0.0878789	57.4134	
0.999991	-0.000230447	0.00427748	0.000453667	0.998634	-0.0522575	-0.0042596	0.052259	0.998624	-0.40549	0.126387	58.168	
0.999992	-0.000247645	0.0039568	0.000464277	0.998495	-0.0548427	-0.00393726	0.0548441	0.998487	-0.408587	0.166848	58.9224	
0.999993	-0.000265712	0.00363546	0.000474055	0.99835	-0.0574283	-0.00361421	0.0574296	0.998343	-0.41144	0.209263	59.6768	
0.999994	-0.000284651	0.00331351	0.000482999	0.998197	-0.0600143	-0.00329046	0.0600156	0.998192	-0.414048	0.253631	60.431	
0.999995	-0.000304462	0.00299098	0.000491105	0.998039	-0.0626007	-0.00296606	0.0626019	0.998034	-0.416412	0.299953	61.1852	
0.999996	-0.000325148	0.0026679	0.000498372	0.997873	-0.0651874	-0.00264103	0.0651885	0.997869	-0.41853	0.34823	61.9392	
0.999997	-0.000346708	0.00234432	0.000504797	0.997701	-0.0677744	-0.00231543	0.0677754	0.997698	-0.420402	0.39846	62.6931	
0.999998	-0.000369145	0.00202025	0.000510379	0.997521	-0.0703615	-0.00198927	0.0703624	0.99752	-0.422028	0.450646	63.4468	
0.999998	-0.000392457	0.00169575	0.000515115	0.997336	-0.0729488	-0.0016626	0.0729496	0.997334	-0.423408	0.504786	64.2004	
0.999999	-0.000416646	0.00137084	0.000519004	0.997143	-0.0755361	-0.00133545	0.0755368	0.997142	-0.424541	0.560881	64.9539	
0.999999	-0.000441712	0.00104556	0.000522045	0.996944	-0.0781235	-0.00100786	0.078124	0.996943	-0.425426	0.618931	65.7072	
1	-0.000467653	0.000719952	0.000524235	0.996737	-0.0807107	-0.000679859	0.0807111	0.996737	-0.426063	0.678935	66.4604	
1	-0.000494469	0.000394043	0.000525574	0.996525	-0.0832979	-0.000351485	0.0832981	0.996525	-0.426453	0.740894	67.2134	
1	-0.00052216	6.78707e-05	0.00052606	0.996305	-0.0858849	-2.27743e-05	0.0858849	0.996305	-0.426594	0.804808	67.9662	
1	-0.000550724	-0.000258529	0.000525692	0.996079	-0.0884716	0.000306239	0.0884715	0.996079	-0.426487	0.870676	68.7189	
1	-0.000580159	-0.000585121	0.000524469	0.995845	-0.0910581	0.000635518	0.0910577	0.995845	-0.426132	0.938498	69.4714	
0.999999	-0.000610464	-0.000911869	0.00052239	0.995606	-0.0936441	0.000965028	0.0936436	0.995605	-0.425527	1.00827	70.2237	
0.999999	-0.000641636	-0.00123874	0.000519456	0.995359	-0.0962298	0.00129473	0.0962291	0.995358	-0.424673	1.08	70.9759	
0.999999	-0.000673674	-0.00156569	0.000515664	0.995106	-0.098815	0.0016246	0.0988141	0.995105	-0.42357	1.15369	71.7278	
0.999988	-0.00101821	-0.004735	0.000455653	0.993094	-0.117323	0.00482176	0.11732	0.993082	-0.421135	1.23534	72.4789	
0.999968	-0.00142167	-0.0078973	0.000336132	0.990737	-0.135791	0.0080172	0.135784	0.990706	-0.416285	1.33096	73.2284	
0.999937	-0.00188393	-0.0110515	0.000157144	0.988038	-0.154211	0.0112098	0.1542	0.987976	-0.409021	1.44051	73.9759	
0.999896	-0.00240481	-0.0141964	-8.12483e-05	0.984996	-0.172577	0.0143984	0.17256	0.984894	-0.399346	1.56396	74.7213	
