1	0	0	0	1	0	0	0	1	0	0	0	
0.999999	3.17648e-06	-0.0012942	3.17648e-06	0.999988	0.00490876	0.0012942	-0.00490876	0.999987	0.000619323	-0.00234902	0.957067	
0.999997	1.27029e-05	-0.00258768	1.27107e-05	0.999952	0.00982073	0.00258768	-0.00982073	0.999948	0.00247695	-0.00939761	1.91411	
0.999992	2.85765e-05	-0.00388039	2.86074e-05	0.999891	0.0147358	0.00388039	-0.0147358	0.999884	0.00557216	-0.0211488	2.8711	
0.999987	5.07938e-05	-0.00517229	5.08711e-05	0.999807	0.0196537	0.00517229	-0.0196537	0.999793	0.0099042	-0.0376054	3.82802	
0.999979	7.93513e-05	-0.00646332	7.95059e-05	0.999698	0.0245743	0.00646332	-0.0245743	0.999677	0.0154723	-0.05877	4.78484	
0.99997	0.000114245	-0.00775345	0.000114515	0.999565	0.0294974	0.00775345	-0.0294975	0.999535	0.0222755	-0.0846453	5.74153	
0.999959	0.00015547	-0.00904263	0.000155903	0.999407	0.034423	0.00904262	-0.034423	0.999366	0.030313	-0.115234	6.69808	
0.999947	0.000203022	-0.0103308	0.000203672	0.999225	0.0393508	0.0103308	-0.0393508	0.999172	0.0395839	-0.150537	7.65445	
0.999932	0.000256895	-0.011618	0.000257824	0.999019	0.0442806	0.0116179	-0.0442806	0.998952	0.0500872	-0.190558	8.61063	
0.999917	0.000317084	-0.012904	0.000318362	0.998788	0.0492122	0.012904	-0.0492123	0.998705	0.0618218	-0.235297	9.56658	
0.999899	0.000383582	-0.0141889	0.000385288	0.998533	0.0541456	0.0141889	-0.0541457	0.998432	0.0747867	-0.284758	10.5223	
0.99988	0.000456384	-0.0154727	0.000458603	0.998253	0.0590806	0.0154726	-0.0590806	0.998133	0.0889808	-0.338941	11.4777	
0.999859	0.000535483	-0.0167552	0.000538307	0.997949	0.0640169	0.0167551	-0.0640169	0.997808	0.104403	-0.397847	12.4328	
0.999837	0.000620871	-0.0180365	0.000624403	0.99762	0.0689544	0.0180364	-0.0689544	0.997457	0.121052	-0.461479	13.3877	
0.999813	0.000712541	-0.0193164	0.00071689	0.997266	0.073893	0.0193163	-0.073893	0.997079	0.138927	-0.529837	14.3421	
0.999788	0.000810485	-0.020595	0.000815767	0.996888	0.0788324	0.0205948	-0.0788324	0.996675	0.158025	-0.602921	15.2962	
0.99976	0.000914694	-0.0218723	0.000921036	0.996484	0.0837725	0.021872	-0.0837726	0.996245	0.178347	-0.680734	16.2499	
0.999732	0.00102516	-0.023148	0.00103269	0.996057	0.0887132	0.0231477	-0.0887133	0.995788	0.199891	-0.763275	17.2031	
0.999701	0.00114188	-0.0244223	0.00115074	0.995604	0.0936542	0.0244219	-0.0936544	0.995305	0.222655	-0.850544	18.1559	
0.999669	0.00126483	-0.0256951	0.00127518	0.995127	0.0985955	0.0256946	-0.0985956	0.994796	0.246637	-0.942543	19.1083	
0.999635	0.00139401	-0.0269663	0.001406	0.994625	0.103537	0.0269657	-0.103537	0.99426	0.271837	-1.03927	20.0601	
0.9996	0.00152941	-0.0282359	0.0015432	0.994098	0.108478	0.0282351	-0.108478	0.993698	0.298253	-1.14073	21.0114	
0.999563	0.00167102	-0.0295038	0.00168679	0.993546	0.113419	0.0295029	-0.113419	0.993109	0.325882	-1.24691	21.9622	
0.999525	0.00181883	-0.0307701	0.00183675	0.992969	0.118359	0.030769	-0.118359	0.992494	0.354725	-1.35783	22.9124	
0.999485	0.00197283	-0.0320346	0.00199309	0.992368	0.123299	0.0320333	-0.123299	0.991852	0.384778	-1.47347	23.862	
0.999443	0.002133	-0.0332973	0.0021558	0.991741	0.128238	0.0332958	-0.128238	0.991184	0.41604	-1.59384	24.8109	
0.9994	0.00229933	-0.0345582	0.00232487	0.99109	0.133176	0.0345565	-0.133176	0.99049	0.44851	-1.71894	25.7592	
0.999355	0.00247182	-0.0358173	0.00250031	0.990413	0.138113	0.0358153	-0.138113	0.989769	0.482186	-1.84876	26.7068	
0.999309	0.00265044	-0.0370744	0.00268211	0.989712	0.143048	0.0370721	-0.143049	0.989021	0.517065	-1.9833	27.6538	
0.999261	0.00283519	-0.0383296	0.00287026	0.988986	0.147982	0.038327	-0.147983	0.988247	0.553146	-2.12257	28.6	
0.999212	0.00302606	-0.0395828	0.00306476	0.988235	0.152915	0.0395798	-0.152916	0.987446	0.590427	-2.26657	29.5454	
0.999161	0.00322302	-0.040834	0.00326561	0.987458	0.157846	0.0408306	-0.157846	0.986619	0.628907	-2.41528	30.4901	
0.999108	0.00342607	-0.0420831	0.00347279	0.986657	0.162774	0.0420793	-0.162775	0.985765	0.668582	-2.56871	31.4339	
0.999054	0.0036352	-0.0433301	0.0036863	0.985831	0.167701	0.0433258	-0.167702	0.984885	0.709452	-2.72685	32.3769	
0.998999	0.00385038	-0.044575	0.00390613	0.98498	0.172625	0.0445701	-0.172626	0.983978	0.751513	-2.88971	33.3191	
0.998942	0.0040716	-0.0458177	0.00413229	0.984104	0.177547	0.0458122	-0.177548	0.983045	0.794764	-3.05728	34.2604	
0.998883	0.00429886	-0.0470581	0.00436475	0.983202	0.182466	0.0470521	-0.182468	0.982085	0.839203	-3.22956	35.2008	
0.998823	0.00453212	-0.0482963	0.00460352	0.982276	0.187383	0.0482895	-0.187384	0.981099	0.884828	-3.40655	36.1403	
0.998761	0.00477139	-0.0495322	0.00484858	0.981325	0.192296	0.0495247	-0.192298	0.980086	0.931635	-3.58824	37.0788	
0.998698	0.00501663	-0.0507657	0.00509993	0.980349	0.197207	0.0507574	-0.197209	0.979047	0.979624	-3.77464	38.0163	
0.998633	0.00526784	-0.0519969	0.00535755	0.979347	0.202114	0.0519877	-0.202116	0.977981	1.02879	-3.96573	38.9528	
0.998567	0.005525	-0.0532256	0.00562145	0.978321	0.207017	0.0532155	-0.20702	0.976888	1.07913	-4.16151	39.8883	
0.9985	0.0057881	-0.0544518	0.0058916	0.97727	0.211917	0.0544407	-0.21192	0.975769	1.13065	-4.36199	40.8227	
0.998431	0.0060571	-0.0556756	0.00616801	0.976194	0.216814	0.0556634	-0.216817	0.974624	1.18334	-4.56716	41.756	
0.99836	0.00633201	-0.0568968	0.00645066	0.975092	0.221706	0.0568835	-0.221709	0.973452	1.2372	-4.77701	42.6882	
0.998288	0.0066128	-0.0581155	0.00673953	0.973966	0.226594	0.0581009	-0.226598	0.972254	1.29222	-4.99154	43.6193	
0.998214	0.00689945	-0.0593315	0.00703463	0.972815	0.231478	0.0593156	-0.231482	0.971029	1.34841	-5.21075	44.5493	
0.99814	0.00719194	-0.0605449	0.00733594	0.971638	0.236358	0.0605276	-0.236362	0.969778	1.40576	-5.43463	45.478	
0.998063	0.00749026	-0.0617556	0.00764345	0.970437	0.241233	0.0617368	-0.241238	0.9685	1.46427	-5.66318	46.4055	
0.997985	0.00779439	-0.0629635	0.00795715	0.969211	0.246103	0.0629432	-0.246108	0.967196	1.52393	-5.89639	47.3318	
0.997906	0.0081043	-0.0641687	0.00827702	0.96796	0.250968	0.0641467	-0.250974	0.965866	1.58475	-6.13426	48.2569	
0.997825	0.00841999	-0.0653712	0.00860306	0.966684	0.255829	0.0653473	-0.255835	0.964509	1.64672	-6.37679	49.1806	
0.997743	0.00874142	-0.0665707	0.00893525	0.965383	0.260684	0.066545	-0.26069	0.963126	1.70983	-6.62397	50.1031	
0.99766	0.00906859	-0.0677674	0.00927358	0.964057	0.265533	0.0677397	-0.265541	0.961717	1.77409	-6.87579	51.0242	
0.997575	0.00940146	-0.0689612	0.00961804	0.962706	0.270378	0.0689313	-0.270385	0.960281	1.83949	-7.13225	51.9439	
0.997489	0.00974003	-0.0701521	0.00996861	0.961331	0.275216	0.07012	-0.275224	0.95882	1.90604	-7.39334	52.8623	
0.997401	0.0100843	-0.0713399	0.0103253	0.95993	0.280048	0.0713055	-0.280057	0.957331	1.97371	-7.65906	53.7792	
0.997312	0.0104341	-0.0725248	0.010688	0.958505	0.284875	0.0724878	-0.284884	0.955817	2.04252	-7.92941	54.6948	
0.997222	0.0107896	-0.0737066	0.0110569	0.957055	0.289695	0.073667	-0.289705	0.954277	2.11246	-8.20437	55.6088	
0.99713	0.0111508	-0.0748853	0.0114318	0.95558	0.294509	0.0748429	-0.29452	0.95271	2.18353	-8.48394	56.5214	
0.997037	0.0115175	-0.0760609	0.0118127	0.954081	0.299317	0.0760156	-0.299328	0.951117	2.25572	-8.76812	57.4324	
0.996942	0.0118897	-0.0772334	0.0121997	0.952556	0.304117	0.077185	-0.30413	0.949499	2.32903	-9.0569	58.3419	
0.997102	0.0112485	-0.0752448	0.0124974	0.95136	0.307829	0.0750475	-0.307877	0.948462	2.40188	-9.34976	59.2502	
0.997257	0.0105986	-0.0732558	0.0127872	0.950146	0.311543	0.0729056	-0.311625	0.947404	2.47268	-9.64622	60.1574	
0.997408	0.00994001	-0.0712668	0.0130691	0.948916	0.315258	0.0707598	-0.315372	0.946326	2.54143	-9.94626	61.0636	
0.997554	0.00927289	-0.069278	0.0133429	0.94767	0.318974	0.0686104	-0.319118	0.945228	2.60813	-10.2499	61.9688	
0.997696	0.00859729	-0.0672897	0.0136085	0.946407	0.32269	0.0664577	-0.322863	0.94411	2.67276	-10.5571	62.8729	
0.997834	0.00791329	-0.0653022	0.013866	0.945128	0.326406	0.0643019	-0.326605	0.942971	2.73534	-10.8679	63.776	
0.997967	0.00722096	-0.063316	0.0141153	0.943833	0.330122	0.0621435	-0.330344	0.941812	2.79584	-11.1823	64.6779	
0.998096	0.0065204	-0.0613311	0.0143562	0.942522	0.333836	0.0599827	-0.334081	0.940634	2.85429	-11.5002	65.5787	
0.99822	0.00581169	-0.059348	0.0145888	0.941195	0.337548	0.0578198	-0.337813	0.939436	2.91066	-11.8217	66.4784	
0.99834	0.00509493	-0.057367	0.014813	0.939853	0.341257	0.0556552	-0.341541	0.938218	2.96496	-12.1468	67.3769	
0.998455	0.00437022	-0.0553883	0.0150287	0.938496	0.344964	0.0534892	-0.345263	0.93698	3.01719	-12.4755	68.2743	
0.998566	0.00363765	-0.0534122	0.015236	0.937123	0.348667	0.0513222	-0.348981	0.935724	3.06735	-12.8077	69.1704	
0.998672	0.00289735	-0.0514391	0.0154347	0.935735	0.352366	0.0491543	-0.352692	0.934448	3.11543	-13.1435	70.0654	
0.999532	-0.00502872	-0.0301849	0.0151484	0.938375	0.345287	0.0265884	-0.345582	0.938012	3.15167	-13.4777	70.9615	
0.999879	-0.0127912	-0.00885593	0.0150327	0.94096	0.338183	0.00400732	-0.338275	0.941039	3.16632	-13.8049	71.8607	
0.999714	-0.0203855	0.0125357	0.0150878	0.94349	0.331059	-0.0185761	-0.330775	0.943527	3.15934	-14.1251	72.7626	
0.999036	-0.0278074	0.0339776	0.0153136	0.945962	0.323917	-0.0411488	-0.323084	0.945475	3.13076	-14.438	73.6666	
0.997846	-0.0350527	0.0554577	0.01571	0.948375	0.316763	-0.063698	-0.315209	0.946882	3.08059	-14.7435	74.5722	
0.996144	-0.0421171	0.0769635	0.0162767	0.950727	0.3096	-0.0862108	-0.307154	0.947747	3.00885	-15.0413	75.4789	
0.993932	-0.0489966	0.0984828	0.0170135	0.953019	0.302433	-0.108674	-0.298922	0.948069	2.91558	-15.3314	76.3861	
0.99121	-0.0556873	0.120003	0.0179198	0.955247	0.295266	-0.131075	-0.29052	0.947849	2.80085	-15.6134	77.2934	
0.987981	-0.0621854	0.141513	0.0189953	0.957411	0.288102	-0.153401	-0.281951	0.947086	2.66471	-15.8874	78.2003	
0.984246	-0.0684871	0.162998	0.0202392	0.95951	0.280946	-0.17564	-0.273221	0.945781	2.50725	-16.1531	79.1061	
0.980008	-0.0745889	0.184448	0.021651	0.961542	0.273802	-0.197778	-0.264334	0.943934	2.32854	-16.4103	80.0104	
0.975268	-0.0804872	0.20585	0.0232296	0.963507	0.266674	-0.219802	-0.255296	0.941547	2.12871	-16.659	80.9128	
0.970029	-0.0861787	0.227192	0.0249743	0.965402	0.259566	-0.241701	-0.246112	0.938621	1.90785	-16.899	81.8125	
0.964295	-0.09166	0.248461	0.0268841	0.967228	0.252482	-0.263461	-0.236787	0.935158	1.6661	-17.1301	82.7092	
0.958069	-0.0969282	0.269646	0.0289578	0.968983	0.245426	-0.285071	-0.227327	0.931159	1.4036	-17.3522	83.6024	
0.951354	-0.10198	0.290733	0.0311943	0.970665	0.238403	-0.306517	-0.217736	0.926627	1.12049	-17.5651	84.4914	
0.944154	-0.106813	0.311712	0.0335923	0.972275	0.231416	-0.327788	-0.208021	0.921565	0.816936	-17.7689	85.3759	
0.936473	-0.111424	0.33257	0.0361505	0.973811	0.224469	-0.348871	-0.198186	0.915975	0.493116	-17.9633	86.2553	
0.928316	-0.11581	0.353295	0.0388672	0.975271	0.217566	-0.369755	-0.188239	0.909861	0.149211	-18.1482	87.129	
0.919687	-0.119969	0.373875	0.0417411	0.976657	0.210712	-0.390427	-0.178183	0.903226	-0.214579	-18.3236	87.9967	
0.910592	-0.123899	0.394299	0.0447705	0.977966	0.203909	-0.410875	-0.168025	0.896074	-0.598049	-18.4893	88.8578	
0.901035	-0.127597	0.414554	0.0479535	0.979197	0.197163	-0.431088	-0.157772	0.888409	-1.00098	-18.6452	89.7118	
0.891022	-0.131061	0.43463	0.0512885	0.980351	0.190477	-0.451054	-0.147427	0.880236	-1.42313	-18.7912	90.5582	
0.880558	-0.13429	0.454515	0.0547734	0.981426	0.183854	-0.470762	-0.136999	0.871558	-1.86428	-18.9273	91.3965	
