1	0	0	0	1	0	0	0	1	0	0	0	
0.999999	-1.00692e-06	-0.00132683	-1.00692e-06	0.999999	-0.00151778	0.00132683	0.00151778	0.999998	0.000585683	0.000669969	0.882828	
0.999996	-4.03375e-06	-0.00265564	-4.03389e-06	0.999995	-0.00303792	0.00265564	0.00303792	0.999992	0.0023436	0.00268092	1.76565	
0.999992	-9.08944e-06	-0.00398637	-9.09001e-06	0.99999	-0.00456037	0.00398637	0.00456037	0.999982	0.00527548	0.00603491	2.64847	
0.999986	-1.61827e-05	-0.00531897	-1.61841e-05	0.999981	-0.00608506	0.00531897	0.00608506	0.999967	0.00938298	0.010734	3.53127	
0.999978	-2.53219e-05	-0.00665339	-2.53247e-05	0.999971	-0.00761196	0.00665339	0.00761196	0.999949	0.0146678	0.01678	4.41407	
0.999968	-3.65152e-05	-0.00798959	-3.65202e-05	0.999958	-0.00914099	0.00798959	0.00914099	0.999926	0.0211314	0.024175	5.29684	
0.999956	-4.97706e-05	-0.00932751	-4.97786e-05	0.999943	-0.0106721	0.00932751	0.0106721	0.9999	0.0287754	0.0329208	6.17959	
0.999943	-6.50956e-05	-0.0106671	-6.51076e-05	0.999926	-0.0122052	0.0106671	0.0122052	0.999869	0.0376013	0.0430192	7.06232	
0.999928	-8.24977e-05	-0.0120083	-8.25149e-05	0.999906	-0.0137403	0.0120083	0.0137403	0.999833	0.0476106	0.0544719	7.94501	
0.999911	-0.000101984	-0.0133511	-0.000102008	0.999883	-0.0152774	0.0133511	0.0152774	0.999794	0.0588046	0.0672808	8.82768	
0.999892	-0.000123561	-0.0146955	-0.000123593	0.999859	-0.0168163	0.0146955	0.0168163	0.999751	0.0711848	0.0814473	9.71031	
0.999871	-0.000147236	-0.0160413	-0.000147277	0.999831	-0.0183569	0.0160413	0.0183569	0.999703	0.0847525	0.0969733	10.5929	
0.999849	-0.000173014	-0.0173885	-0.000173067	0.999802	-0.0198994	0.0173885	0.0198994	0.999651	0.0995089	0.11386	11.4754	
0.999824	-0.000200903	-0.0187372	-0.000200969	0.99977	-0.0214435	0.0187372	0.0214435	0.999594	0.115455	0.13211	12.3579	
0.999798	-0.000230907	-0.0200871	-0.000230988	0.999736	-0.0229892	0.0200871	0.0229892	0.999534	0.132593	0.151723	13.2404	
0.99977	-0.000263032	-0.0214383	-0.000263131	0.999699	-0.0245366	0.0214383	0.0245366	0.999469	0.150923	0.172701	14.1228	
0.99974	-0.000297284	-0.0227908	-0.000297402	0.99966	-0.0260854	0.0227908	0.0260854	0.9994	0.170446	0.195047	15.0051	
0.999708	-0.000333666	-0.0241444	-0.000333807	0.999618	-0.0276357	0.0241444	0.0276357	0.999326	0.191164	0.21876	15.8874	
0.999675	-0.000372185	-0.0254992	-0.000372351	0.999574	-0.0291874	0.0254992	0.0291874	0.999249	0.213077	0.243842	16.7696	
0.999639	-0.000412844	-0.0268551	-0.000413038	0.999527	-0.0307405	0.0268551	0.0307405	0.999167	0.236187	0.270295	17.6517	
0.999602	-0.000455648	-0.028212	-0.000455872	0.999478	-0.0322948	0.028212	0.0322948	0.99908	0.260495	0.29812	18.5337	
0.999563	-0.0005006	-0.0295698	-0.000500858	0.999427	-0.0338504	0.0295698	0.0338504	0.998989	0.286001	0.327318	19.4157	
0.999521	-0.000547703	-0.0309287	-0.000547999	0.999373	-0.0354072	0.0309286	0.0354072	0.998894	0.312705	0.357889	20.2976	
0.999478	-0.000596962	-0.0322883	-0.000597298	0.999316	-0.0369651	0.0322883	0.0369651	0.998795	0.34061	0.389835	21.1794	
0.999434	-0.000648379	-0.0336489	-0.000648759	0.999257	-0.038524	0.0336489	0.038524	0.998691	0.369716	0.423157	22.0611	
0.999387	-0.000701957	-0.0350102	-0.000702385	0.999196	-0.040084	0.0350102	0.040084	0.998583	0.400023	0.457856	22.9428	
0.999338	-0.000757698	-0.0363722	-0.000758178	0.999132	-0.0416449	0.0363722	0.0416449	0.99847	0.431532	0.493932	23.8243	
0.999287	-0.000815604	-0.0377349	-0.00081614	0.999066	-0.0432067	0.0377349	0.0432067	0.998353	0.464244	0.531387	24.7057	
0.999235	-0.000875678	-0.0390983	-0.000876274	0.998997	-0.0447693	0.0390983	0.0447693	0.998232	0.498159	0.57022	25.587	
0.999181	-0.000937921	-0.0404622	-0.000938582	0.998926	-0.0463327	0.0404622	0.0463328	0.998106	0.533279	0.610434	26.4683	
0.999124	-0.00100233	-0.0418267	-0.00100306	0.998852	-0.0478969	0.0418267	0.0478969	0.997976	0.569602	0.652029	27.3494	
0.999066	-0.00106892	-0.0431917	-0.00106972	0.998775	-0.0494617	0.0431917	0.0494617	0.997842	0.60713	0.695004	28.2303	
0.999006	-0.00113768	-0.0445571	-0.00113856	0.998697	-0.0510271	0.044557	0.0510271	0.997703	0.645864	0.739361	29.1112	
0.998944	-0.00120861	-0.0459229	-0.00120957	0.998615	-0.0525931	0.0459228	0.0525931	0.99756	0.685803	0.785101	29.9919	
0.99888	-0.00128171	-0.047289	-0.00128276	0.998531	-0.0541596	0.0472889	0.0541596	0.997412	0.726948	0.832223	30.8725	
0.998815	-0.00135698	-0.0486554	-0.00135813	0.998445	-0.0557265	0.0486553	0.0557265	0.99726	0.769299	0.880728	31.753	
0.998747	-0.00143443	-0.050022	-0.00143568	0.998356	-0.0572938	0.050022	0.0572938	0.997103	0.812857	0.930617	32.6334	
0.998678	-0.00151405	-0.0513888	-0.0015154	0.998265	-0.0588614	0.0513888	0.0588614	0.996943	0.857621	0.98189	33.5136	
0.998606	-0.00159584	-0.0527558	-0.0015973	0.998171	-0.0604293	0.0527558	0.0604293	0.996777	0.903592	1.03455	34.3936	
0.998533	-0.0016798	-0.0541229	-0.00168138	0.998075	-0.0619973	0.0541228	0.0619974	0.996608	0.95077	1.08859	35.2735	
0.998458	-0.00176593	-0.05549	-0.00176763	0.997976	-0.0635656	0.0554899	0.0635656	0.996434	0.999154	1.14401	36.1533	
0.998381	-0.00185422	-0.056857	-0.00185605	0.997875	-0.0651339	0.056857	0.065134	0.996255	1.04875	1.20082	37.0329	
0.998302	-0.00194468	-0.0582241	-0.00194664	0.997771	-0.0667023	0.058224	0.0667024	0.996073	1.09954	1.25902	37.9123	
0.998221	-0.0020373	-0.059591	-0.0020394	0.997665	-0.0682707	0.0595909	0.0682707	0.995886	1.15155	1.3186	38.7916	
0.998138	-0.00213208	-0.0609577	-0.00213433	0.997556	-0.069839	0.0609576	0.069839	0.995694	1.20476	1.37956	39.6707	
0.998053	-0.00222901	-0.0623242	-0.00223142	0.997445	-0.0714071	0.0623242	0.0714072	0.995498	1.25918	1.44191	40.5497	
0.997967	-0.0023281	-0.0636905	-0.00233067	0.997331	-0.0729751	0.0636904	0.0729752	0.995298	1.3148	1.50564	41.4284	
0.997879	-0.00242934	-0.0650565	-0.00243208	0.997215	-0.0745429	0.0650564	0.0745429	0.995093	1.37163	1.57076	42.307	
0.997788	-0.00253273	-0.0664221	-0.00253564	0.997096	-0.0761103	0.066422	0.0761104	0.994885	1.42967	1.63726	43.1854	
0.997696	-0.00263826	-0.0677873	-0.00264135	0.996975	-0.0776774	0.0677872	0.0776775	0.994671	1.48891	1.70514	44.0636	
0.997602	-0.00274592	-0.0691521	-0.0027492	0.996851	-0.079244	0.0691519	0.0792441	0.994454	1.54936	1.77441	44.9417	
0.997507	-0.00285572	-0.0705163	-0.0028592	0.996725	-0.0808102	0.0705162	0.0808103	0.994232	1.61101	1.84506	45.8195	
0.997409	-0.00296764	-0.07188	-0.00297133	0.996597	-0.0823759	0.0718798	0.082376	0.994006	1.67387	1.91709	46.6971	
0.997309	-0.00308169	-0.0732431	-0.0030856	0.996466	-0.083941	0.0732429	0.0839411	0.993775	1.73793	1.99051	47.5746	
0.997208	-0.00319786	-0.0746055	-0.00320198	0.996333	-0.0855054	0.0746053	0.0855056	0.993541	1.80319	2.0653	48.4518	
0.997105	-0.00331614	-0.0759672	-0.00332049	0.996197	-0.0870692	0.075967	0.0870693	0.993302	1.86965	2.14148	49.3288	
0.997	-0.00343652	-0.0773282	-0.00344111	0.996058	-0.0886322	0.077328	0.0886323	0.993058	1.93732	2.21904	50.2056	
0.996893	-0.00355901	-0.0786884	-0.00356385	0.995918	-0.0901944	0.0786882	0.0901945	0.992811	2.00619	2.29797	51.0822	
0.996784	-0.00368358	-0.0800477	-0.00368868	0.995775	-0.0917557	0.0800475	0.0917559	0.992559	2.07626	2.37829	51.9586	
0.996932	-0.00351007	-0.0781882	-0.0038247	0.995615	-0.0934623	0.0781734	0.0934746	0.992548	2.1461	2.46005	52.8348	
0.997077	-0.0033333	-0.0763283	-0.0039577	0.995453	-0.0951714	0.0762985	0.0951953	0.99253	2.21428	2.54333	53.7111	
0.997218	-0.00315327	-0.0744681	-0.00408765	0.995287	-0.0968828	0.0744227	0.0969177	0.992506	2.28081	2.62814	54.5873	
0.997356	-0.00296998	-0.0726077	-0.00421452	0.995119	-0.0985964	0.0725461	0.0986417	0.992475	2.34569	2.71446	55.4635	
0.99749	-0.00278342	-0.0707469	-0.0043383	0.994947	-0.100312	0.0706686	0.100367	0.992438	2.4089	2.8023	56.3397	
0.997621	-0.00259359	-0.068886	-0.00445896	0.994771	-0.102029	0.0687904	0.102094	0.992393	2.47046	2.89167	57.2158	
0.997748	-0.0024005	-0.0670248	-0.00457649	0.994593	-0.103748	0.0669114	0.103821	0.992343	2.53036	2.98257	58.0919	
0.997872	-0.00220413	-0.0651634	-0.00469087	0.994412	-0.105469	0.0650317	0.10555	0.992285	2.58861	3.07499	58.9679	
0.997992	-0.00200448	-0.0633018	-0.00480208	0.994227	-0.10719	0.0631512	0.107279	0.992221	2.64519	3.16893	59.8439	
0.998109	-0.00180155	-0.06144	-0.0049101	0.994039	-0.108913	0.06127	0.109009	0.992151	2.70011	3.26441	60.7199	
0.998222	-0.00159535	-0.0595781	-0.00501492	0.993848	-0.110637	0.0593881	0.110739	0.992074	2.75337	3.3614	61.5957	
0.998332	-0.00138587	-0.0577161	-0.00511651	0.993654	-0.112361	0.0575055	0.112469	0.99199	2.80497	3.45993	62.4715	
0.998438	-0.0011731	-0.0558539	-0.00521488	0.993457	-0.114086	0.0556223	0.114199	0.9919	2.8549	3.55999	63.3472	
0.998541	-0.000957058	-0.0539916	-0.00531	0.993257	-0.115812	0.0537383	0.115929	0.991803	2.90318	3.66157	64.2229	
0.99864	-0.000737731	-0.0521292	-0.00540186	0.993054	-0.117537	0.0518538	0.117659	0.991699	2.94979	3.76468	65.0984	
0.998736	-0.000515123	-0.0502667	-0.00549046	0.992848	-0.119263	0.0499686	0.119388	0.991589	2.99473	3.86931	65.9739	
0.998828	-0.000289234	-0.0484041	-0.00557578	0.992638	-0.120989	0.0480828	0.121117	0.991473	3.03801	3.97548	66.8492	
0.998916	-6.00654e-05	-0.0465415	-0.00565781	0.992426	-0.122714	0.0461964	0.122844	0.99135	3.07963	4.08316	67.7245	
0.999001	0.000172382	-0.0446789	-0.00573655	0.992211	-0.124439	0.0443094	0.124571	0.991221	3.11958	4.19238	68.5996	
0.999083	0.000408106	-0.0428162	-0.00581198	0.991993	-0.126163	0.0424219	0.126296	0.991085	3.15787	4.30311	69.4746	
0.999161	0.000647105	-0.0409536	-0.00588411	0.991771	-0.127886	0.0405338	0.12802	0.990943	3.19448	4.41537	70.3495	
0.999235	0.000889378	-0.0390909	-0.00595292	0.991547	-0.129608	0.0386452	0.129742	0.990794	3.22943	4.52915	71.2243	
0.999844	0.00376136	-0.0172507	-0.00598655	0.991389	-0.130814	0.0166101	0.130897	0.991257	3.25383	4.64421	72.0992	
0.999967	0.00665811	0.00459441	-0.00599335	0.991229	-0.132021	-0.00543312	0.131989	0.991236	3.25876	4.76025	72.9744	
0.999605	0.00957821	0.0264337	-0.00597332	0.991068	-0.133227	-0.0274737	0.133017	0.990733	3.24423	4.87723	73.8493	
0.998756	0.0125202	0.0482567	-0.00592647	0.990905	-0.134433	-0.0495009	0.133979	0.989747	3.21025	4.9951	74.7235	
0.997423	0.0154828	0.0700525	-0.00585283	0.990741	-0.135637	-0.071504	0.134877	0.988279	3.15684	5.11378	75.5967	
0.995605	0.0184644	0.0918108	-0.00575242	0.990577	-0.136838	-0.0934722	0.135709	0.98633	3.08401	5.23322	76.4683	
0.993304	0.0214636	0.113521	-0.0056253	0.990411	-0.138037	-0.115395	0.136474	0.9839	2.99181	5.35337	77.3381	
0.99052	0.0244789	0.135172	-0.00547153	0.990244	-0.139233	-0.137261	0.137174	0.980991	2.88028	5.47417	78.2054	
0.987255	0.0275089	0.156754	-0.00529119	0.990077	-0.140425	-0.159061	0.137806	0.977604	2.74948	5.59555	79.07	
0.98351	0.0305521	0.178256	-0.00508436	0.989909	-0.141613	-0.180783	0.138371	0.973741	2.59946	5.71747	79.9314	
0.979287	0.033607	0.199667	-0.00485114	0.98974	-0.142795	-0.202417	0.138869	0.969403	2.4303	5.83985	80.7892	
0.974589	0.0366721	0.220978	-0.00459164	0.989571	-0.143973	-0.223953	0.139299	0.964594	2.24209	5.96264	81.6429	
0.969418	0.039746	0.242177	-0.004306	0.989401	-0.145143	-0.245379	0.139662	0.959314	2.03491	6.08579	82.4922	
0.963775	0.0428271	0.263255	-0.00399435	0.989231	-0.146308	-0.266686	0.139956	0.953567	1.80887	6.20922	83.3366	
0.957665	0.045914	0.284202	-0.00365685	0.989061	-0.147465	-0.287863	0.140182	0.947356	1.56407	6.33288	84.1757	
0.951089	0.0490051	0.305006	-0.00329365	0.98889	-0.148614	-0.3089	0.14034	0.940683	1.30064	6.45671	85.0091	
0.944051	0.0520989	0.325658	-0.00290494	0.988719	-0.149754	-0.329786	0.14043	0.933553	1.0187	6.58065	85.8365	
0.936555	0.0551939	0.346148	-0.0024909	0.988548	-0.150886	-0.350512	0.140451	0.925967	0.718398	6.70464	86.6573	
