1	0	0	0	1	0	0	0	1	0	0	0	
1	9.47787e-07	0.000435553	9.47787e-07	0.999991	-0.00435209	-0.000435553	0.00435209	0.99999	-0.000167622	0.0016749	0.769695	
1	3.81183e-06	0.000874279	3.79784e-06	0.999962	-0.00870377	-0.000874279	0.00870377	0.999962	-0.00067171	0.00669943	1.53937	
0.999999	8.61961e-06	0.00131617	8.56367e-06	0.999915	-0.013055	-0.00131617	0.013055	0.999914	-0.0015147	0.0150733	2.30902	
0.999998	1.53986e-05	0.00176121	1.52587e-05	0.999849	-0.0174056	-0.00176121	0.0174056	0.999847	-0.00269903	0.026796	3.07863	
0.999998	2.41761e-05	0.0022094	2.38964e-05	0.999763	-0.0217555	-0.00220941	0.0217555	0.999761	-0.00422712	0.0418671	3.84818	
0.999996	3.49796e-05	0.00266073	3.44902e-05	0.999659	-0.0261048	-0.00266074	0.0261048	0.999656	-0.00610139	0.0602861	4.61765	
0.999995	4.78362e-05	0.00311518	4.70533e-05	0.999536	-0.0304531	-0.00311519	0.0304531	0.999531	-0.00832425	0.0820524	5.38704	
0.999994	6.27734e-05	0.00357275	6.1599e-05	0.999394	-0.0348006	-0.00357277	0.0348006	0.999388	-0.0108981	0.107165	6.15632	
0.999992	7.98182e-05	0.00403343	7.81405e-05	0.999233	-0.0391471	-0.00403346	0.0391471	0.999225	-0.0138254	0.135624	6.92548	
0.99999	9.89978e-05	0.0044972	9.66911e-05	0.999054	-0.0434924	-0.00449725	0.0434924	0.999044	-0.0171084	0.167428	7.69452	
0.999988	0.000120339	0.00496406	0.000117264	0.998855	-0.0478366	-0.00496413	0.0478366	0.998843	-0.0207496	0.202576	8.4634	
0.999985	0.00014387	0.005434	0.000139872	0.998638	-0.0521796	-0.0054341	0.0521796	0.998623	-0.0247514	0.241067	9.23212	
0.999983	0.000169616	0.005907	0.000164528	0.998401	-0.0565212	-0.00590714	0.0565212	0.998384	-0.029116	0.2829	10.0007	
0.99998	0.000197605	0.00638305	0.000191246	0.998146	-0.0608613	-0.00638325	0.0608613	0.998126	-0.033846	0.328075	10.769	
0.999976	0.000227864	0.00686215	0.000220038	0.997872	-0.0652	-0.00686241	0.0652	0.997849	-0.0389435	0.376589	11.5372	
0.999973	0.000260419	0.00734429	0.000250918	0.997579	-0.069537	-0.00734462	0.069537	0.997552	-0.0444111	0.428443	12.3051	
0.999969	0.000295298	0.00782944	0.000283897	0.997268	-0.0738724	-0.00782986	0.0738723	0.997237	-0.050251	0.483633	13.0728	
0.999965	0.000332527	0.0083176	0.000318989	0.996937	-0.078206	-0.00831813	0.0782059	0.996903	-0.0564655	0.542161	13.8402	
0.999961	0.000372132	0.00880876	0.000356207	0.996588	-0.0825377	-0.00880942	0.0825376	0.996549	-0.0630571	0.604023	14.6074	
0.999957	0.00041414	0.00930291	0.000395563	0.99622	-0.0868675	-0.00930372	0.0868674	0.996176	-0.0700279	0.669218	15.3743	
0.999952	0.000458578	0.00980003	0.00043707	0.995833	-0.0911953	-0.00980101	0.0911952	0.995785	-0.0773803	0.737745	16.1409	
0.999947	0.000505471	0.0103001	0.000480741	0.995427	-0.0955209	-0.0103013	0.0955208	0.995374	-0.0851167	0.809603	16.9072	
0.999941	0.000554848	0.0108031	0.000526588	0.995003	-0.0998444	-0.0108046	0.0998442	0.994944	-0.0932392	0.884789	17.6732	
0.999936	0.000606732	0.0113091	0.000574624	0.99456	-0.104166	-0.0113108	0.104165	0.994496	-0.10175	0.963302	18.4388	
0.99993	0.000661152	0.011818	0.000624861	0.994098	-0.108484	-0.01182	0.108484	0.994028	-0.110652	1.04514	19.2041	
0.999924	0.000718133	0.0123298	0.000677311	0.993617	-0.112801	-0.0123321	0.1128	0.993541	-0.119947	1.1303	19.969	
0.999917	0.000777701	0.0128445	0.000731988	0.993118	-0.117115	-0.0128472	0.117114	0.993035	-0.129637	1.21878	20.7335	
0.99991	0.000839882	0.0133621	0.000788902	0.9926	-0.121426	-0.0133652	0.121425	0.992511	-0.139725	1.31059	21.4977	
0.999903	0.000904702	0.0138825	0.000848068	0.992064	-0.125734	-0.0138861	0.125734	0.991967	-0.150213	1.4057	22.2614	
0.999896	0.000972187	0.0144058	0.000909495	0.991508	-0.13004	-0.0144099	0.130039	0.991404	-0.161102	1.50414	23.0247	
0.999888	0.00104236	0.014932	0.000973198	0.990934	-0.134343	-0.0149366	0.134342	0.990822	-0.172396	1.60589	23.7876	
0.99988	0.00111526	0.015461	0.00103919	0.990342	-0.138643	-0.0154663	0.138642	0.990222	-0.184097	1.71094	24.55	
0.999871	0.00119089	0.0159927	0.00110748	0.989731	-0.142939	-0.0159987	0.142939	0.989602	-0.196206	1.81931	25.3119	
0.999863	0.00126929	0.0165273	0.00117808	0.989101	-0.147233	-0.0165341	0.147232	0.988964	-0.208726	1.93098	26.0734	
0.999853	0.00135049	0.0170647	0.001251	0.988453	-0.151524	-0.0170723	0.151523	0.988306	-0.22166	2.04596	26.8343	
0.999844	0.0014345	0.0176049	0.00132626	0.987786	-0.155811	-0.0176134	0.15581	0.98763	-0.235009	2.16423	27.5947	
0.999834	0.00152136	0.0181478	0.00140386	0.987101	-0.160095	-0.0181572	0.160094	0.986935	-0.248775	2.28581	28.3546	
0.999824	0.00161108	0.0186934	0.00148382	0.986397	-0.164375	-0.0187039	0.164374	0.986221	-0.262961	2.41068	29.114	
0.999813	0.0017037	0.0192418	0.00156616	0.985674	-0.168652	-0.0192535	0.168651	0.985488	-0.277569	2.53884	29.8728	
0.999802	0.00179924	0.0197929	0.00165087	0.984934	-0.172925	-0.0198058	0.172924	0.984736	-0.292601	2.6703	30.6311	
0.999791	0.00189773	0.0203466	0.00173798	0.984174	-0.177195	-0.0203609	0.177193	0.983966	-0.308059	2.80504	31.3887	
0.99978	0.00199918	0.0209031	0.00182749	0.983397	-0.18146	-0.0209188	0.181458	0.983176	-0.323945	2.94307	32.1458	
0.999767	0.00210363	0.0214622	0.00191943	0.9826	-0.185722	-0.0214795	0.18572	0.982368	-0.340262	3.08438	32.9022	
0.999755	0.00221109	0.022024	0.00201378	0.981786	-0.18998	-0.0220429	0.189978	0.981541	-0.357012	3.22896	33.658	
0.999742	0.0023216	0.0225884	0.00211058	0.980953	-0.194234	-0.0226091	0.194231	0.980695	-0.374196	3.37682	34.4132	
0.999729	0.00243518	0.0231554	0.00220983	0.980102	-0.198483	-0.023178	0.198481	0.979831	-0.391817	3.52796	35.1677	
0.999715	0.00255185	0.023725	0.00231154	0.979232	-0.202729	-0.0237496	0.202726	0.978947	-0.409877	3.68236	35.9215	
0.999701	0.00267163	0.0242972	0.00241572	0.978344	-0.20697	-0.0243239	0.206967	0.978046	-0.428378	3.84003	36.6747	
0.999687	0.00279456	0.0248719	0.00252239	0.977438	-0.211207	-0.024901	0.211203	0.977125	-0.447322	4.00097	37.4271	
0.999672	0.00292065	0.0254492	0.00263156	0.976514	-0.215439	-0.0254807	0.215435	0.976186	-0.466712	4.16516	38.1788	
0.999657	0.00304993	0.026029	0.00274323	0.975571	-0.219667	-0.0260631	0.219663	0.975228	-0.486548	4.3326	38.9298	
0.999641	0.00318242	0.0266113	0.00285742	0.97461	-0.22389	-0.0266482	0.223886	0.974251	-0.506834	4.5033	39.6801	
0.999625	0.00331815	0.0271962	0.00297413	0.973631	-0.228108	-0.0272359	0.228104	0.973256	-0.527571	4.67725	40.4296	
0.999526	0.0041044	0.0305206	0.00309083	0.972703	-0.232031	-0.0306398	0.232015	0.972229	-0.549845	4.85433	41.1783	
0.999415	0.00490501	0.0338456	0.00322162	0.971757	-0.23596	-0.0340471	0.235931	0.971173	-0.57474	5.03442	41.9262	
0.999293	0.00572	0.0371708	0.00336658	0.970793	-0.239896	-0.0374574	0.239851	0.970087	-0.602258	5.21752	42.6733	
0.999158	0.00654936	0.0404961	0.0035258	0.96981	-0.243837	-0.0408705	0.243775	0.96897	-0.632402	5.40364	43.4196	
0.999012	0.0073931	0.0438211	0.00369933	0.968808	-0.247784	-0.0442861	0.247702	0.967824	-0.665175	5.59279	44.1649	
0.998854	0.00825123	0.0471455	0.00388725	0.967788	-0.251736	-0.047704	0.251631	0.966647	-0.700577	5.78496	44.9094	
0.998684	0.00912374	0.0504693	0.00408962	0.96675	-0.255693	-0.051124	0.255562	0.96544	-0.738611	5.98015	45.653	
0.998502	0.0100106	0.053792	0.00430651	0.965692	-0.259653	-0.0545458	0.259496	0.964203	-0.779278	6.17837	46.3956	
0.998308	0.0109119	0.0571134	0.00453795	0.964617	-0.263617	-0.0579691	0.26343	0.962935	-0.822579	6.37962	47.1373	
0.998102	0.0118275	0.0604334	0.00478401	0.963523	-0.267585	-0.0613938	0.267366	0.961637	-0.868516	6.58389	47.8779	
0.997884	0.0127575	0.0637515	0.00504473	0.96241	-0.271555	-0.0648195	0.271302	0.960309	-0.917089	6.7912	48.6176	
0.997654	0.0137019	0.0670678	0.00532016	0.961279	-0.275527	-0.068246	0.275238	0.958951	-0.968299	7.00154	49.3562	
0.997412	0.0146606	0.0703818	0.00561032	0.960129	-0.279502	-0.0716732	0.279173	0.957562	-1.02215	7.2149	50.0938	
0.997158	0.0156336	0.0736933	0.00591527	0.958961	-0.283478	-0.0751007	0.283108	0.956143	-1.07863	7.43129	50.8303	
0.996892	0.0166208	0.0770022	0.00623503	0.957774	-0.287455	-0.0785284	0.287042	0.954694	-1.13776	7.65072	51.5657	
0.996614	0.0176224	0.0803082	0.00656962	0.956569	-0.291433	-0.081956	0.290974	0.953214	-1.19952	7.87316	52.2999	
0.996324	0.0186382	0.083611	0.00691907	0.955345	-0.295411	-0.0853833	0.294903	0.951705	-1.26392	8.09864	53.033	
0.996022	0.0196683	0.0869105	0.00728341	0.954103	-0.299389	-0.0888101	0.298831	0.950165	-1.33096	8.32714	53.765	
0.995708	0.0207126	0.0902065	0.00766263	0.952843	-0.303366	-0.0922361	0.302755	0.948595	-1.40063	8.55866	54.4957	
0.995381	0.021771	0.0934986	0.00805676	0.951565	-0.307342	-0.0956612	0.306676	0.946995	-1.47295	8.7932	55.2252	
0.995043	0.0228436	0.0967868	0.0084658	0.950269	-0.311317	-0.099085	0.310593	0.945365	-1.54789	9.03075	55.9535	
0.994693	0.0239302	0.100071	0.00888976	0.948954	-0.315289	-0.102508	0.314506	0.943705	-1.62548	9.27132	56.6805	
0.99433	0.025031	0.10335	0.00932862	0.947621	-0.31926	-0.105928	0.318414	0.942015	-1.70569	9.5149	57.4062	
0.993955	0.0261458	0.106625	0.0097824	0.946271	-0.323228	-0.109347	0.322317	0.940295	-1.78854	9.76148	58.1306	
0.993569	0.0272745	0.109895	0.0102511	0.944902	-0.327192	-0.112765	0.326214	0.938546	-1.87402	10.0111	58.8537	
0.99317	0.0284173	0.113161	0.0107346	0.943516	-0.331153	-0.116179	0.330106	0.936767	-1.96213	10.2637	59.5754	
0.99276	0.0295739	0.116421	0.0112331	0.942112	-0.33511	-0.119592	0.333991	0.934959	-2.05287	10.5192	60.2957	
0.992337	0.0307444	0.119675	0.0117464	0.94069	-0.339063	-0.123001	0.33787	0.933121	-2.14623	10.7778	61.0147	
0.991902	0.0319287	0.122924	0.0122745	0.939251	-0.34301	-0.126408	0.341742	0.931254	-2.24221	11.0393	61.7322	
0.991456	0.0331268	0.126167	0.0128174	0.937795	-0.346953	-0.129812	0.345606	0.929358	-2.34082	11.3039	62.4482	
0.990997	0.0343386	0.129404	0.0133751	0.936321	-0.35089	-0.133213	0.349462	0.927432	-2.44205	11.5714	63.1628	
0.990527	0.035564	0.132635	0.0139475	0.93483	-0.354821	-0.13661	0.353309	0.925478	-2.54589	11.8418	63.8759	
0.990044	0.036803	0.13586	0.0145346	0.933322	-0.358745	-0.140004	0.357148	0.923496	-2.65234	12.1152	64.5875	
0.98955	0.0380556	0.139078	0.0151364	0.931798	-0.362663	-0.143394	0.360978	0.921484	-2.76141	12.3916	65.2975	
0.989044	0.0393216	0.142289	0.0157527	0.930256	-0.366573	-0.146779	0.364798	0.919445	-2.87308	12.6709	66.006	
0.988526	0.040601	0.145493	0.0163836	0.928698	-0.370475	-0.150161	0.368608	0.917376	-2.98736	12.9532	66.7129	
0.987996	0.0418938	0.148691	0.017029	0.927123	-0.37437	-0.153538	0.372408	0.91528	-3.10424	13.2384	67.4182	
0.987454	0.0431999	0.151881	0.0176888	0.925532	-0.378256	-0.156911	0.376197	0.913156	-3.22371	13.5265	68.1219	
0.986901	0.0445191	0.155063	0.018363	0.923925	-0.382134	-0.160279	0.379975	0.911005	-3.34578	13.8175	68.8239	
0.986336	0.0458515	0.158238	0.0190515	0.922301	-0.386002	-0.163642	0.383742	0.908825	-3.47044	14.1114	69.5243	
0.983006	0.05322	0.175692	0.0189671	0.922488	-0.385559	-0.182593	0.382339	0.905802	-3.60369	14.4062	70.2226	
0.979311	0.0605601	0.193084	0.0188733	0.922674	-0.385118	-0.201477	0.380794	0.902443	-3.75151	14.6999	70.9186	
0.975255	0.0678692	0.210409	0.0187704	0.92286	-0.384678	-0.220286	0.379109	0.89875	-3.91383	14.9924	71.6118	
0.970837	0.0751444	0.227659	0.0186583	0.923045	-0.38424	-0.239013	0.377283	0.894724	-4.09059	15.2835	72.302	
0.96606	0.0823833	0.244829	0.0185371	0.923228	-0.383805	-0.257652	0.375317	0.890367	-4.28174	15.5731	72.989	
0.960925	0.0895829	0.261912	0.0184069	0.923411	-0.383371	-0.276196	0.373212	0.88568	-4.4872	15.8612	73.6725	
