1	0	0	0	1	0	0	0	1	0	0	0	
0.999998	-3.64519e-06	0.00192869	-3.64519e-06	0.999993	0.00377994	-0.00192869	-0.00377994	0.999991	-0.000728619	-0.00142798	0.755553	
0.999993	-1.45899e-05	0.00385908	-1.45823e-05	0.999971	0.00755922	-0.00385908	-0.00755922	0.999964	-0.00291511	-0.00571167	1.51109	
0.999983	-3.28458e-05	0.00579112	-3.28152e-05	0.999936	0.0113378	-0.00579112	-0.0113378	0.999919	-0.00656075	-0.0128505	2.26661	
0.99997	-5.84245e-05	0.00772477	-5.8348e-05	0.999886	0.0151155	-0.00772477	-0.0151155	0.999856	-0.0116668	-0.022844	3.02208	
0.999953	-9.13373e-05	0.00966001	-9.11844e-05	0.999822	0.0188924	-0.00966001	-0.0188924	0.999775	-0.0182344	-0.0356915	3.77749	
0.999933	-0.000131595	0.0115968	-0.000131328	0.999743	0.0226684	-0.0115968	-0.0226684	0.999676	-0.0262647	-0.0513923	4.53284	
0.999908	-0.00017921	0.0135351	-0.000178782	0.99965	0.0264433	-0.0135351	-0.0264433	0.999559	-0.035759	-0.0699457	5.28811	
0.99988	-0.000234192	0.0154748	-0.000233549	0.999543	0.0302172	-0.0154748	-0.0302172	0.999424	-0.0467183	-0.0913508	6.04328	
0.999848	-0.000296551	0.017416	-0.000295633	0.999422	0.0339899	-0.017416	-0.0339899	0.99927	-0.0591438	-0.115607	6.79835	
0.999813	-0.0003663	0.0193586	-0.000365037	0.999287	0.0377614	-0.0193586	-0.0377614	0.999099	-0.0730364	-0.142713	7.55329	
0.999773	-0.000443447	0.0213025	-0.000441764	0.999137	0.0415316	-0.0213026	-0.0415315	0.99891	-0.0883973	-0.172668	8.30809	
0.99973	-0.000528003	0.0232478	-0.000525815	0.998973	0.0453004	-0.0232478	-0.0453004	0.998703	-0.105228	-0.205471	9.06275	
0.999682	-0.000619978	0.0251943	-0.000617194	0.998795	0.0490677	-0.0251944	-0.0490677	0.998478	-0.123528	-0.241121	9.81724	
0.999631	-0.000719383	0.0271421	-0.000715902	0.998603	0.0528336	-0.0271422	-0.0528336	0.998234	-0.1433	-0.279618	10.5716	
0.999576	-0.000826226	0.0290911	-0.000821942	0.998397	0.0565979	-0.0290912	-0.0565978	0.997973	-0.164543	-0.320958	11.3257	
0.999518	-0.000940517	0.0310413	-0.000935316	0.998176	0.0603605	-0.0310414	-0.0603604	0.997694	-0.18726	-0.365143	12.0796	
0.999455	-0.00106227	0.0329926	-0.00105603	0.997942	0.0641214	-0.0329928	-0.0641213	0.997397	-0.211451	-0.412169	12.8333	
0.999389	-0.00119148	0.034945	-0.00118407	0.997693	0.0678805	-0.0349452	-0.0678804	0.997081	-0.237116	-0.462037	13.5868	
0.999318	-0.00132817	0.0368984	-0.00131946	0.99743	0.0716377	-0.0368987	-0.0716376	0.996748	-0.264257	-0.514743	14.34	
0.999244	-0.00147235	0.0388529	-0.00146218	0.997153	0.075393	-0.0388533	-0.0753928	0.996397	-0.292875	-0.570288	15.093	
0.999166	-0.00162402	0.0408083	-0.00161225	0.996862	0.0791463	-0.0408088	-0.079146	0.996027	-0.32297	-0.62867	15.8457	
0.999084	-0.00178319	0.0427647	-0.00176965	0.996557	0.0828975	-0.0427653	-0.0828972	0.99564	-0.354542	-0.689886	16.5981	
0.998998	-0.00194988	0.044722	-0.0019344	0.996237	0.0866465	-0.0447227	-0.0866462	0.995235	-0.387593	-0.753936	17.3502	
0.998908	-0.00212408	0.0466801	-0.0021065	0.995904	0.0903933	-0.0466809	-0.0903929	0.994812	-0.422123	-0.820817	18.102	
0.998814	-0.00230581	0.0486391	-0.00228593	0.995557	0.0941379	-0.0486401	-0.0941374	0.99437	-0.458134	-0.890529	18.8534	
0.998716	-0.00249507	0.0505989	-0.00247271	0.995195	0.09788	-0.0506	-0.0978795	0.993911	-0.495624	-0.963069	19.6046	
0.998614	-0.00269188	0.0525594	-0.00266684	0.99482	0.10162	-0.0525607	-0.101619	0.993434	-0.534596	-1.03844	20.3553	
0.998508	-0.00289623	0.0545206	-0.00286831	0.99443	0.105357	-0.0545221	-0.105356	0.992939	-0.57505	-1.11663	21.1058	
0.998399	-0.00310815	0.0564825	-0.00307712	0.994027	0.109092	-0.0564842	-0.109091	0.992426	-0.616986	-1.19764	21.8558	
0.998285	-0.00332762	0.0584451	-0.00329328	0.99361	0.112824	-0.058447	-0.112823	0.991895	-0.660404	-1.28147	22.6054	
0.998167	-0.00355467	0.0604082	-0.00351678	0.993178	0.116553	-0.0604104	-0.116552	0.991346	-0.705306	-1.36813	23.3546	
0.998046	-0.0037893	0.0623719	-0.00374762	0.992733	0.120279	-0.0623744	-0.120278	0.990779	-0.751691	-1.4576	24.1034	
0.99792	-0.00403151	0.0643361	-0.00398581	0.992274	0.124003	-0.0643389	-0.124002	0.990194	-0.799561	-1.54988	24.8518	
0.99779	-0.00428131	0.0663008	-0.00423133	0.991801	0.127724	-0.066304	-0.127722	0.989591	-0.848915	-1.64497	25.5997	
0.997657	-0.00453872	0.0682659	-0.0044842	0.991314	0.131442	-0.0682695	-0.13144	0.988971	-0.899754	-1.74288	26.3472	
0.997519	-0.00480372	0.0702314	-0.0047444	0.990813	0.135156	-0.0702355	-0.135154	0.988332	-0.952078	-1.84359	27.0942	
0.997377	-0.00507634	0.0721973	-0.00501194	0.990298	0.138868	-0.0722018	-0.138866	0.987676	-1.00589	-1.94711	27.8407	
0.997232	-0.00535657	0.0741635	-0.00528682	0.98977	0.142576	-0.0741685	-0.142574	0.987001	-1.06118	-2.05343	28.5867	
0.997082	-0.00564442	0.07613	-0.00556903	0.989227	0.146281	-0.0761355	-0.146278	0.986309	-1.11796	-2.16256	29.3321	
0.996928	-0.0059399	0.0780967	-0.00585857	0.988671	0.149983	-0.0781029	-0.14998	0.985599	-1.17623	-2.27448	30.0771	
0.99677	-0.00624301	0.0800636	-0.00615544	0.988101	0.153681	-0.0800704	-0.153678	0.984871	-1.23599	-2.38919	30.8215	
0.996608	-0.00655376	0.0820307	-0.00645964	0.987518	0.157376	-0.0820382	-0.157372	0.984126	-1.29723	-2.5067	31.5653	
0.996442	-0.00687215	0.0839979	-0.00677116	0.98692	0.161067	-0.0840061	-0.161063	0.983362	-1.35996	-2.627	32.3086	
0.996272	-0.00719819	0.0859652	-0.00709001	0.986309	0.164755	-0.0859742	-0.16475	0.982581	-1.42417	-2.75008	33.0513	
0.996098	-0.00753188	0.0879326	-0.00741618	0.985684	0.168439	-0.0879424	-0.168434	0.981782	-1.48987	-2.87595	33.7934	
0.99592	-0.00787323	0.0898999	-0.00774966	0.985046	0.172119	-0.0899107	-0.172114	0.980965	-1.55706	-3.0046	34.5349	
0.995737	-0.00822223	0.0918673	-0.00809046	0.984393	0.175796	-0.091879	-0.17579	0.980131	-1.62574	-3.13603	35.2757	
0.995551	-0.00857891	0.0938345	-0.00843857	0.983728	0.179468	-0.0938472	-0.179462	0.979278	-1.6959	-3.27024	36.0159	
0.99536	-0.00894324	0.0958016	-0.00879398	0.983048	0.183137	-0.0958154	-0.18313	0.978408	-1.76755	-3.40722	36.7555	
0.995166	-0.00931526	0.0977686	-0.0091567	0.982355	0.186802	-0.0977836	-0.186794	0.977521	-1.84069	-3.54697	37.4944	
0.994967	-0.00969494	0.0997354	-0.00952672	0.981648	0.190462	-0.0997516	-0.190453	0.976615	-1.91531	-3.68949	38.2327	
0.994764	-0.0100823	0.101702	-0.00990404	0.980928	0.194118	-0.101719	-0.194109	0.975692	-1.99143	-3.83476	38.9702	
0.994298	-0.0109629	0.10607	-0.0104265	0.97994	0.199019	-0.106124	-0.198991	0.974238	-2.06994	-3.98327	39.7068	
0.993813	-0.0118651	0.11043	-0.0109715	0.978927	0.203918	-0.110523	-0.203868	0.97274	-2.15179	-4.13546	40.4424	
0.993308	-0.0127889	0.114783	-0.0115392	0.977887	0.208813	-0.114915	-0.20874	0.971196	-2.23696	-4.29134	41.1767	
0.992784	-0.0137342	0.119127	-0.0121296	0.976823	0.213705	-0.119301	-0.213608	0.969608	-2.32544	-4.45089	41.9099	
0.99224	-0.014701	0.123462	-0.0127426	0.975733	0.218593	-0.12368	-0.21847	0.967974	-2.41723	-4.61412	42.6419	
0.991677	-0.0156893	0.127789	-0.0133782	0.974617	0.223477	-0.128052	-0.223327	0.966296	-2.51233	-4.78102	43.3726	
0.991095	-0.016699	0.132107	-0.0140364	0.973476	0.228357	-0.132416	-0.228178	0.964573	-2.61073	-4.95159	44.1021	
0.990493	-0.0177302	0.136416	-0.0147172	0.97231	0.233231	-0.136774	-0.233022	0.962805	-2.71242	-5.12582	44.8302	
0.989872	-0.0187826	0.140716	-0.0154206	0.971118	0.238101	-0.141124	-0.237859	0.960993	-2.81741	-5.30371	45.557	
0.989231	-0.0198565	0.145007	-0.0161466	0.969901	0.242964	-0.145467	-0.242689	0.959136	-2.92567	-5.48525	46.2824	
0.988572	-0.0209516	0.149288	-0.016895	0.968658	0.247822	-0.149801	-0.247512	0.957234	-3.03722	-5.67044	47.0063	
0.987893	-0.022068	0.15356	-0.017666	0.96739	0.252674	-0.154128	-0.252327	0.955288	-3.15204	-5.85927	47.7288	
0.987195	-0.0232056	0.157821	-0.0184594	0.966097	0.257518	-0.158447	-0.257134	0.953298	-3.27012	-6.05173	48.4499	
0.986478	-0.0243644	0.162073	-0.0192753	0.964779	0.262356	-0.162757	-0.261932	0.951263	-3.39147	-6.24783	49.1694	
0.985742	-0.0255443	0.166315	-0.0201136	0.963435	0.267186	-0.167059	-0.266722	0.949184	-3.51607	-6.44754	49.8873	
0.984987	-0.0267453	0.170546	-0.0209742	0.962066	0.272009	-0.171352	-0.271502	0.947061	-3.64391	-6.65087	50.6037	
0.984212	-0.0279674	0.174767	-0.0218572	0.960672	0.276823	-0.175636	-0.276273	0.944894	-3.77499	-6.85781	51.3184	
0.983419	-0.0292105	0.178978	-0.0227624	0.959253	0.281629	-0.179911	-0.281033	0.942683	-3.90931	-7.06835	52.0315	
0.982607	-0.0304746	0.183177	-0.0236899	0.957809	0.286426	-0.184178	-0.285784	0.940429	-4.04686	-7.28248	52.7429	
0.981777	-0.0317596	0.187366	-0.0246396	0.956341	0.291214	-0.188434	-0.290524	0.93813	-4.18762	-7.5002	53.4526	
0.980927	-0.0330655	0.191543	-0.0256114	0.954847	0.295992	-0.192682	-0.295253	0.935788	-4.3316	-7.72149	54.1605	
0.980059	-0.0343922	0.19571	-0.0266054	0.953328	0.300761	-0.196919	-0.29997	0.933403	-4.47878	-7.94635	54.8667	
0.979172	-0.0357397	0.199865	-0.0276213	0.951785	0.305519	-0.201147	-0.304676	0.930974	-4.62917	-8.17478	55.571	
0.978266	-0.0371079	0.204008	-0.0286593	0.950217	0.310267	-0.205365	-0.30937	0.928502	-4.78274	-8.40675	56.2735	
0.977341	-0.0384968	0.20814	-0.0297192	0.948625	0.315004	-0.209573	-0.314052	0.925986	-4.93949	-8.64227	56.974	
0.976398	-0.0399064	0.212259	-0.0308009	0.947008	0.31973	-0.21377	-0.318721	0.923428	-5.09942	-8.88132	57.6727	
0.975437	-0.0413365	0.216367	-0.0319045	0.945367	0.324444	-0.217958	-0.323378	0.920827	-5.26252	-9.12389	58.3694	
0.974457	-0.0427872	0.220462	-0.0330298	0.943701	0.329146	-0.222134	-0.328021	0.918182	-5.42878	-9.36997	59.0642	
0.973458	-0.0442584	0.224546	-0.0341767	0.942011	0.333836	-0.2263	-0.33265	0.915496	-5.59819	-9.61956	59.7569	
0.972441	-0.04575	0.228616	-0.0353453	0.940297	0.338514	-0.230454	-0.337265	0.912767	-5.77074	-9.87264	60.4476	
0.971406	-0.0472619	0.232674	-0.0365354	0.938559	0.343178	-0.234598	-0.341866	0.909995	-5.94643	-10.1292	61.1362	
0.970352	-0.0487942	0.23672	-0.037747	0.936798	0.34783	-0.238731	-0.346453	0.907181	-6.12524	-10.3892	61.8227	
0.96928	-0.0503468	0.240752	-0.0389799	0.935012	0.352468	-0.242852	-0.351024	0.904326	-6.30717	-10.6527	62.507	
0.96819	-0.0519195	0.244771	-0.0402342	0.933202	0.357092	-0.246961	-0.355581	0.901428	-6.49221	-10.9197	63.1892	
0.967081	-0.0535124	0.248777	-0.0415097	0.931369	0.361701	-0.251059	-0.360121	0.898489	-6.68035	-11.19	63.8692	
0.965955	-0.0551254	0.25277	-0.0428063	0.929513	0.366297	-0.255145	-0.364646	0.895508	-6.87159	-11.4638	64.5469	
0.96481	-0.0567584	0.256749	-0.044124	0.927633	0.370877	-0.259219	-0.369155	0.892485	-7.0659	-11.7411	65.2224	
0.963647	-0.0584114	0.260714	-0.0454627	0.92573	0.375443	-0.263281	-0.373647	0.889422	-7.26329	-12.0217	65.8955	
0.962467	-0.0600843	0.264666	-0.0468223	0.923804	0.379992	-0.267331	-0.378122	0.886317	-7.46375	-12.3057	66.5664	
0.961268	-0.0617771	0.268603	-0.0482026	0.921855	0.384527	-0.271368	-0.38258	0.883171	-7.66726	-12.5931	67.2348	
0.960051	-0.0634896	0.272527	-0.0496037	0.919883	0.389045	-0.275393	-0.387021	0.879985	-7.87381	-12.8838	67.9009	
0.958817	-0.0652219	0.276436	-0.0510253	0.917888	0.393546	-0.279405	-0.391444	0.876758	-8.0834	-13.1779	68.5646	
0.957564	-0.0669738	0.280331	-0.0524675	0.91587	0.398031	-0.283404	-0.395849	0.873491	-8.29602	-13.4753	69.2258	
0.952813	-0.073499	0.294524	-0.0552304	0.912075	0.406286	-0.29849	-0.403381	0.864978	-8.51585	-13.7772	69.8826	
0.947817	-0.0801461	0.308576	-0.058136	0.90821	0.414458	-0.313469	-0.410769	0.856157	-8.74705	-14.0848	70.5328	
0.942577	-0.0869127	0.322482	-0.0611834	0.904275	0.422545	-0.328337	-0.418011	0.847031	-8.98951	-14.3979	71.1762	
0.937095	-0.0937963	0.336236	-0.0643713	0.900272	0.430543	-0.343087	-0.425104	0.837602	-9.24317	-14.7164	71.8127	
