1	0	0	0	1	0	0	0	1	0	0	0	
1	-2.81086e-07	-0.000295131	-2.81086e-07	0.999998	-0.00190482	0.000295131	0.00190482	0.999998	0.000109407	0.000706131	0.741414	
1	-1.12453e-06	-0.000590258	-1.12493e-06	0.999993	-0.00381097	0.000590258	0.00381097	0.999993	0.000437627	0.00282502	1.48282	
1	-2.53067e-06	-0.000885371	-2.53228e-06	0.999984	-0.00571841	0.000885371	0.00571841	0.999983	0.000984653	0.00635762	2.22423	
0.999999	-4.4998e-06	-0.00118046	-4.50383e-06	0.999971	-0.00762707	0.00118046	0.00762707	0.99997	0.00175047	0.0113049	2.96563	
0.999999	-7.03215e-06	-0.00147553	-7.0402e-06	0.999955	-0.00953693	0.00147553	0.00953693	0.999953	0.00273507	0.0176677	3.70701	
0.999998	-1.01279e-05	-0.00177056	-1.0142e-05	0.999934	-0.0114479	0.00177056	0.0114479	0.999933	0.00393842	0.0254469	4.44839	
0.999998	-1.37872e-05	-0.00206555	-1.38098e-05	0.999911	-0.01336	0.00206555	0.01336	0.999909	0.00536049	0.0346434	5.18974	
0.999997	-1.80101e-05	-0.00236048	-1.8044e-05	0.999883	-0.0152731	0.00236048	0.0152731	0.999881	0.00700125	0.0452579	5.93108	
0.999996	-2.27966e-05	-0.00265536	-2.28451e-05	0.999852	-0.0171872	0.00265536	0.0171872	0.999849	0.00886066	0.0572912	6.67239	
0.999996	-2.81468e-05	-0.00295017	-2.82134e-05	0.999818	-0.0191023	0.00295017	0.0191023	0.999813	0.0109387	0.070744	7.41368	
0.999995	-3.40605e-05	-0.0032449	-3.41494e-05	0.999779	-0.0210183	0.0032449	0.0210183	0.999774	0.0132352	0.085617	8.15494	
0.999994	-4.05376e-05	-0.00353956	-4.06532e-05	0.999737	-0.0229351	0.00353955	0.0229351	0.999731	0.0157503	0.101911	8.89617	
0.999993	-4.75779e-05	-0.00383412	-4.77252e-05	0.999691	-0.0248527	0.00383412	0.0248527	0.999684	0.0184837	0.119626	9.63737	
0.999991	-5.51813e-05	-0.00412859	-5.53655e-05	0.999642	-0.026771	0.00412858	0.026771	0.999633	0.0214356	0.138763	10.3785	
0.99999	-6.33473e-05	-0.00442295	-6.35741e-05	0.999588	-0.0286901	0.00442295	0.0286901	0.999579	0.0246057	0.159323	11.1197	
0.999989	-7.20758e-05	-0.0047172	-7.23513e-05	0.999531	-0.0306098	0.0047172	0.0306098	0.99952	0.027994	0.181306	11.8607	
0.999987	-8.13662e-05	-0.00501133	-8.1697e-05	0.999471	-0.0325301	0.00501133	0.0325301	0.999458	0.0316004	0.204712	12.6018	
0.999986	-9.12182e-05	-0.00530534	-9.16112e-05	0.999406	-0.034451	0.00530533	0.034451	0.999392	0.0354249	0.229543	13.3428	
0.999984	-0.000101631	-0.00559921	-0.000102094	0.999338	-0.0363724	0.0055992	0.0363724	0.999323	0.0394673	0.255798	14.0837	
0.999983	-0.000112605	-0.00589293	-0.000113145	0.999267	-0.0382942	0.00589292	0.0382942	0.999249	0.0437275	0.283477	14.8246	
0.999981	-0.000124139	-0.00618651	-0.000124764	0.999191	-0.0402165	0.0061865	0.0402165	0.999172	0.0482054	0.312581	15.5654	
0.999979	-0.000136231	-0.00647993	-0.000136951	0.999112	-0.0421391	0.00647991	0.0421391	0.999091	0.0529009	0.343111	16.3062	
0.999977	-0.000148883	-0.00677319	-0.000149705	0.999029	-0.044062	0.00677317	0.044062	0.999006	0.057814	0.375067	17.0469	
0.999975	-0.000162092	-0.00706627	-0.000163027	0.998942	-0.0459852	0.00706625	0.0459852	0.998917	0.0629443	0.408448	17.7875	
0.999973	-0.000175859	-0.00735917	-0.000176916	0.998852	-0.0479086	0.00735915	0.0479086	0.998825	0.0682919	0.443255	18.5281	
0.999971	-0.000190182	-0.00765189	-0.000191371	0.998758	-0.0498322	0.00765186	0.0498322	0.998728	0.0738566	0.479488	19.2686	
0.999968	-0.00020506	-0.00794441	-0.000206392	0.99866	-0.0517559	0.00794438	0.0517559	0.998628	0.0796383	0.517148	20.0091	
0.999966	-0.000220492	-0.00823673	-0.000221979	0.998558	-0.0536797	0.00823669	0.0536797	0.998524	0.0856367	0.556233	20.7494	
0.999964	-0.000236478	-0.00852885	-0.00023813	0.998453	-0.0556035	0.0085288	0.0556035	0.998416	0.0918518	0.596745	21.4897	
0.999961	-0.000253016	-0.00882074	-0.000254846	0.998344	-0.0575273	0.00882069	0.0575273	0.998305	0.0982834	0.638684	22.2299	
0.999958	-0.000270106	-0.00911241	-0.000272126	0.998231	-0.059451	0.00911235	0.0594511	0.99819	0.104931	0.682049	22.97	
0.999956	-0.000287746	-0.00940385	-0.000289968	0.998115	-0.0613746	0.00940379	0.0613747	0.99807	0.111795	0.72684	23.71	
0.999953	-0.000305935	-0.00969506	-0.000308372	0.997995	-0.0632981	0.00969498	0.0632981	0.997948	0.118875	0.773057	24.45	
0.99995	-0.000324671	-0.00998601	-0.000327337	0.997871	-0.0652213	0.00998593	0.0652213	0.997821	0.126171	0.8207	25.1898	
0.999947	-0.000343954	-0.0102767	-0.000346863	0.997743	-0.0671442	0.0102766	0.0671442	0.99769	0.133683	0.869769	25.9296	
0.999944	-0.000363782	-0.0105672	-0.000366948	0.997612	-0.0690669	0.0105671	0.0690669	0.997556	0.14141	0.920263	26.6692	
0.999941	-0.000384154	-0.0108573	-0.000387592	0.997477	-0.0709891	0.0108572	0.0709891	0.997418	0.149352	0.972183	27.4088	
0.999938	-0.000405068	-0.0111472	-0.000408792	0.997338	-0.072911	0.0111471	0.072911	0.997276	0.157509	1.02553	28.1482	
0.999935	-0.000426522	-0.0114369	-0.00043055	0.997196	-0.0748324	0.0114367	0.0748324	0.997131	0.165881	1.0803	28.8876	
0.999931	-0.000448516	-0.0117262	-0.000452862	0.99705	-0.0767533	0.011726	0.0767533	0.996981	0.174467	1.13649	29.6268	
0.999928	-0.000471048	-0.0120152	-0.000475728	0.9969	-0.0786736	0.012015	0.0786737	0.996828	0.183268	1.19411	30.3659	
0.999924	-0.000494116	-0.012304	-0.000499147	0.996747	-0.0805934	0.0123038	0.0805934	0.996671	0.192284	1.25315	31.1049	
0.999921	-0.000517718	-0.0125924	-0.000523118	0.99659	-0.0825124	0.0125922	0.0825125	0.99651	0.201513	1.31361	31.8438	
0.999917	-0.000541853	-0.0128805	-0.000547638	0.996429	-0.0844308	0.0128803	0.0844309	0.996346	0.210956	1.3755	32.5826	
0.999913	-0.000566519	-0.0131683	-0.000572707	0.996265	-0.0863485	0.013168	0.0863485	0.996178	0.220612	1.43881	33.3212	
0.999909	-0.000591714	-0.0134557	-0.000598324	0.996097	-0.0882653	0.0134554	0.0882654	0.996006	0.230481	1.50354	34.0597	
0.999905	-0.000617436	-0.0137428	-0.000624487	0.995925	-0.0901813	0.0137425	0.0901814	0.995831	0.240564	1.56969	34.7981	
0.999901	-0.000643684	-0.0140296	-0.000651194	0.99575	-0.0920965	0.0140293	0.0920965	0.995651	0.250859	1.63726	35.5364	
0.999897	-0.000670455	-0.014316	-0.000678443	0.995571	-0.0940106	0.0143156	0.0940107	0.995468	0.261367	1.70626	36.2745	
0.999893	-0.000697747	-0.0146021	-0.000706234	0.995388	-0.0959238	0.0146017	0.0959239	0.995282	0.272087	1.77667	37.0125	
0.999889	-0.000725558	-0.0148878	-0.000734564	0.995202	-0.097836	0.0148873	0.097836	0.995091	0.283018	1.84849	37.7503	
0.999902	-0.000634996	-0.0139642	-0.000727073	0.995253	-0.0973192	0.0139597	0.0973198	0.995155	0.293712	1.92084	38.4881	
0.999915	-0.000544728	-0.0130387	-0.000720067	0.995303	-0.0968025	0.0130302	0.0968036	0.995218	0.303717	1.9928	39.226	
0.999927	-0.000454761	-0.0121112	-0.000713545	0.995353	-0.0962859	0.0120987	0.0962875	0.99528	0.313033	2.06438	39.9639	
0.999937	-0.000365101	-0.0111819	-0.000707509	0.995403	-0.0957694	0.0111655	0.0957713	0.995341	0.321657	2.13558	40.7018	
0.999947	-0.000275755	-0.0102508	-0.00070196	0.995453	-0.0952531	0.0102305	0.0952552	0.9954	0.329589	2.2064	41.4398	
0.999957	-0.000186727	-0.00931796	-0.000696897	0.995502	-0.0947368	0.00929373	0.0947392	0.995459	0.336827	2.27683	42.1778	
0.999965	-9.80237e-05	-0.00838335	-0.000692321	0.995551	-0.0942206	0.00835529	0.0942231	0.995516	0.343369	2.34688	42.9159	
0.999972	-9.65107e-06	-0.00744705	-0.000688233	0.9956	-0.0937045	0.00741519	0.0937071	0.995572	0.349215	2.41654	43.654	
0.999979	7.83854e-05	-0.00650912	-0.000684634	0.995648	-0.0931886	0.00647349	0.093191	0.995627	0.354364	2.48583	44.3921	
0.999984	0.00016608	-0.00556959	-0.000681524	0.995696	-0.0926726	0.00553023	0.092675	0.995681	0.358814	2.55473	45.1303	
0.999989	0.000253427	-0.0046285	-0.000678904	0.995744	-0.0921568	0.00458545	0.092159	0.995734	0.362564	2.62325	45.8686	
0.999993	0.000340422	-0.00368591	-0.000676774	0.995792	-0.0916411	0.0036392	0.091643	0.995785	0.365613	2.69139	46.6068	
0.999996	0.000427058	-0.00274185	-0.000675135	0.995839	-0.0911254	0.00269152	0.0911269	0.995836	0.36796	2.75914	47.3451	
0.999998	0.00051333	-0.00179636	-0.000673987	0.995886	-0.0906098	0.00174246	0.0906109	0.995885	0.369603	2.82651	48.0835	
0.999999	0.000599233	-0.000849502	-0.000673331	0.995933	-0.0900943	0.000792059	0.0900948	0.995933	0.370543	2.8935	48.8219	
1	0.000684761	9.86935e-05	-0.000673168	0.99598	-0.0895788	-0.000159637	0.0895787	0.99598	0.370777	2.96011	49.5603	
0.999999	0.000769911	0.00104818	-0.000673497	0.996026	-0.0890634	-0.00111258	0.0890626	0.996025	0.370306	3.02633	50.2987	
0.999998	0.000854675	0.00199891	-0.000674319	0.996072	-0.0885481	-0.00206674	0.0885465	0.99607	0.369127	3.09217	51.0372	
0.999995	0.000939049	0.00295084	-0.000675636	0.996117	-0.0880328	-0.00302205	0.0880304	0.996113	0.367241	3.15763	51.7757	
0.999992	0.00102303	0.00390393	-0.000677446	0.996163	-0.0875175	-0.00397848	0.0875142	0.996155	0.364646	3.22271	52.5143	
0.999988	0.00110661	0.00485814	-0.000679751	0.996208	-0.0870023	-0.00493599	0.0869979	0.996196	0.361341	3.2874	53.2529	
0.999982	0.00118978	0.00581341	-0.000682552	0.996253	-0.0864871	-0.00589453	0.0864816	0.996236	0.357326	3.35171	53.9915	
0.999976	0.00127255	0.00676971	-0.000685848	0.996297	-0.085972	-0.00685404	0.0859653	0.996275	0.3526	3.41564	54.7301	
0.999969	0.0013549	0.00772698	-0.00068964	0.996342	-0.0854569	-0.0078145	0.0854489	0.996312	0.347162	3.47918	55.4688	
0.999961	0.00143683	0.0086852	-0.000693929	0.996386	-0.0849418	-0.00877585	0.0849324	0.996348	0.341012	3.54234	56.2075	
0.999952	0.00151834	0.00964431	-0.000698714	0.996429	-0.0844267	-0.00973806	0.0844159	0.996383	0.334149	3.60512	56.9462	
0.999942	0.00159942	0.0106043	-0.000703997	0.996473	-0.0839116	-0.0107011	0.0838993	0.996417	0.326572	3.66752	57.6849	
0.999932	0.00168006	0.011565	-0.000709777	0.996516	-0.0833966	-0.0116648	0.0833827	0.996449	0.318281	3.72953	58.4237	
0.99992	0.00176027	0.0125265	-0.000716056	0.996559	-0.0828815	-0.0126293	0.0828659	0.996481	0.309275	3.79116	59.1625	
0.999907	0.00184004	0.0134888	-0.000722833	0.996602	-0.0823665	-0.0135945	0.0823491	0.996511	0.299553	3.85241	59.9013	
0.999894	0.00191936	0.0144517	-0.000730109	0.996644	-0.0818514	-0.0145603	0.0818321	0.99654	0.289116	3.91327	60.6401	
0.999879	0.00199823	0.0154152	-0.000737884	0.996686	-0.0813363	-0.0155266	0.0813151	0.996567	0.277963	3.97375	61.379	
0.999864	0.00207665	0.0163793	-0.000746159	0.996728	-0.0808212	-0.0164936	0.080798	0.996594	0.266093	4.03385	62.1179	
0.999847	0.0021546	0.0173439	-0.000754934	0.99677	-0.0803061	-0.017461	0.0802808	0.996619	0.253505	4.09356	62.8568	
0.99983	0.0022321	0.0183091	-0.000764209	0.996811	-0.079791	-0.0184288	0.0797635	0.996643	0.240201	4.15289	63.5957	
0.999812	0.00230912	0.0192747	-0.000773985	0.996852	-0.0792759	-0.0193971	0.079246	0.996666	0.226178	4.21183	64.3346	
0.999792	0.00238568	0.0202407	-0.000784261	0.996893	-0.0787607	-0.0203657	0.0787284	0.996688	0.211438	4.2704	65.0736	
0.999772	0.00246176	0.021207	-0.00079504	0.996934	-0.0782454	-0.0213346	0.0782107	0.996709	0.19598	4.32857	65.8125	
0.999751	0.00253736	0.0221737	-0.00080632	0.996974	-0.0777302	-0.0223038	0.0776929	0.996728	0.179802	4.38637	66.5515	
0.999729	0.00261248	0.0231406	-0.000818102	0.997014	-0.0772148	-0.0232732	0.077175	0.996746	0.162907	4.44378	67.2905	
0.999706	0.00268711	0.0241078	-0.000830386	0.997054	-0.0766994	-0.0242428	0.0766569	0.996763	0.145292	4.50081	68.0295	
0.999682	0.00276125	0.0250751	-0.000843173	0.997093	-0.076184	-0.0252126	0.0761386	0.996778	0.126959	4.55745	68.7686	
0.999657	0.0028349	0.0260426	-0.000856463	0.997133	-0.0756685	-0.0261824	0.0756202	0.996793	0.107906	4.61371	69.5076	
0.999631	0.00290805	0.0270102	-0.000870257	0.997172	-0.0751529	-0.0271523	0.0751017	0.996806	0.0881347	4.66958	70.2466	
0.999604	0.0029807	0.0279778	-0.000884554	0.99721	-0.0746372	-0.0281222	0.074583	0.996818	0.067644	4.72507	70.9857	
0.999576	0.00305285	0.0289454	-0.000899354	0.997249	-0.0741215	-0.029092	0.0740641	0.996829	0.0464343	4.78017	71.7247	
0.999293	0.00361286	0.0374283	-0.00144831	0.998333	-0.0576984	-0.0375743	0.0576034	0.997632	0.0217199	4.82899	72.4641	
0.998937	0.00403276	0.0459165	-0.00213685	0.999146	-0.0412648	-0.0460437	0.0411229	0.998093	-0.00927882	4.86558	73.204	
