1	0	0	0	1	0	0	0	1	0	0	0	
0.99999	6.50623e-06	-0.00441133	6.50623e-06	0.999996	0.00294976	0.00441133	-0.00294976	0.999986	0.00218116	-0.0014585	0.988884	
0.999961	2.60364e-05	-0.00882501	2.60307e-05	0.999983	0.00589978	0.00882501	-0.00589978	0.999944	0.00872582	-0.00583411	1.97774	
0.999912	5.86059e-05	-0.0132409	5.85828e-05	0.999961	0.00884996	0.0132409	-0.00884996	0.999873	0.0196362	-0.0131271	2.96654	
0.999844	0.000104229	-0.0176588	0.000104171	0.99993	0.0118002	0.0176588	-0.0118002	0.999774	0.0349144	-0.0233374	3.95526	
0.999756	0.00016292	-0.0220786	0.000162805	0.999891	0.0147504	0.0220786	-0.0147504	0.999647	0.0545624	-0.0364652	4.94386	
0.999649	0.000234692	-0.0265001	0.00023449	0.999843	0.0177004	0.0265001	-0.0177004	0.999492	0.0785819	-0.0525104	5.93233	
0.999522	0.000319557	-0.0309232	0.000319234	0.999787	0.0206502	0.0309232	-0.0206502	0.999308	0.106975	-0.0714726	6.92063	
0.999375	0.000417528	-0.0353478	0.000417042	0.999721	0.0235996	0.0353478	-0.0235996	0.999096	0.139742	-0.0933517	7.90873	
0.999209	0.000528614	-0.0397736	0.00052792	0.999647	0.0265485	0.0397736	-0.0265485	0.998856	0.176886	-0.118147	8.89661	
0.999022	0.000652827	-0.0442005	0.000651872	0.999565	0.0294969	0.0442005	-0.0294969	0.998587	0.218406	-0.145859	9.88424	
0.998817	0.000790176	-0.0486284	0.000788903	0.999473	0.0324446	0.0486284	-0.0324446	0.99829	0.264305	-0.176485	10.8716	
0.998591	0.00094067	-0.053057	0.000939014	0.999373	0.0353916	0.0530571	-0.0353915	0.997964	0.314583	-0.210027	11.8586	
0.998346	0.00110432	-0.0574864	0.00110221	0.999264	0.0383376	0.0574864	-0.0383376	0.99761	0.369241	-0.246482	12.8453	
0.998081	0.00128113	-0.0619162	0.00127849	0.999147	0.0412827	0.0619163	-0.0412826	0.997227	0.428279	-0.28585	13.8317	
0.997796	0.0014711	-0.0663464	0.00146786	0.99902	0.0442267	0.0663465	-0.0442266	0.996816	0.491698	-0.328129	14.8176	
0.997491	0.00167425	-0.0707768	0.00167031	0.998885	0.0471696	0.0707769	-0.0471694	0.996376	0.559498	-0.37332	15.8031	
0.997166	0.00189058	-0.0752072	0.00188585	0.998742	0.0501111	0.0752073	-0.0501109	0.995908	0.631679	-0.421419	16.7882	
0.996822	0.0021201	-0.0796375	0.00211448	0.99859	0.0530513	0.0796376	-0.0530511	0.995411	0.708241	-0.472427	17.7728	
0.996457	0.0023628	-0.0840675	0.00235619	0.998429	0.05599	0.0840677	-0.0559897	0.994886	0.789185	-0.526342	18.7569	
0.996073	0.0026187	-0.0884971	0.00261098	0.998259	0.058927	0.0884973	-0.0589267	0.994332	0.874509	-0.583162	19.7405	
0.995669	0.00288779	-0.0929261	0.00287886	0.998081	0.0618624	0.0929264	-0.061862	0.993749	0.964213	-0.642885	20.7235	
0.995245	0.00317008	-0.0973544	0.0031598	0.997894	0.064796	0.0973547	-0.0647955	0.993138	1.0583	-0.705511	21.7059	
0.994801	0.00346557	-0.101782	0.00345382	0.997698	0.0677278	0.101782	-0.0677272	0.992499	1.15676	-0.771036	22.6877	
0.994337	0.00377426	-0.106208	0.00376091	0.997494	0.0706575	0.106209	-0.0706568	0.99183	1.2596	-0.839459	23.6688	
0.993853	0.00409614	-0.110633	0.00408105	0.997281	0.0735851	0.110634	-0.0735843	0.991133	1.36682	-0.910779	24.6493	
0.993349	0.00443123	-0.115057	0.00441425	0.997059	0.0765105	0.115058	-0.0765096	0.990408	1.47841	-0.984992	25.629	
0.992825	0.00477952	-0.11948	0.00476049	0.996829	0.0794337	0.11948	-0.0794326	0.989654	1.59437	-1.0621	26.6081	
0.992281	0.005141	-0.1239	0.00511978	0.99659	0.0823544	0.123901	-0.0823531	0.988871	1.71471	-1.14209	27.5863	
0.991718	0.00551567	-0.128319	0.0054921	0.996343	0.0852727	0.12832	-0.0852712	0.98806	1.83942	-1.22497	28.5638	
0.991134	0.00590354	-0.132736	0.00587744	0.996086	0.0881884	0.132737	-0.0881866	0.98722	1.9685	-1.31074	29.5405	
0.99053	0.0063046	-0.137151	0.00627579	0.995822	0.0911013	0.137152	-0.0910993	0.986352	2.10195	-1.39938	30.5163	
0.989906	0.00671883	-0.141563	0.00668715	0.995549	0.0940115	0.141565	-0.0940093	0.985455	2.23976	-1.49091	31.4913	
0.989263	0.00714625	-0.145973	0.0071115	0.995267	0.0969188	0.145975	-0.0969162	0.98453	2.38193	-1.58531	32.4653	
0.988599	0.00758684	-0.150381	0.00754883	0.994977	0.0998231	0.150383	-0.0998202	0.983576	2.52846	-1.68259	33.4384	
0.987915	0.00804059	-0.154786	0.00799913	0.994678	0.102724	0.154788	-0.102721	0.982593	2.67935	-1.78273	34.4106	
0.987212	0.00850751	-0.159188	0.00846238	0.99437	0.105622	0.15919	-0.105619	0.981582	2.8346	-1.88575	35.3818	
0.986488	0.00898757	-0.163587	0.00893858	0.994054	0.108517	0.163589	-0.108513	0.980542	2.9942	-1.99162	36.3519	
0.985744	0.00948078	-0.167982	0.00942771	0.99373	0.111408	0.167985	-0.111404	0.979474	3.15814	-2.10036	37.3211	
0.984981	0.00998713	-0.172375	0.00992976	0.993397	0.114296	0.172378	-0.114291	0.978378	3.32643	-2.21195	38.2891	
0.984197	0.0105066	-0.176764	0.0104447	0.993056	0.117181	0.176767	-0.117175	0.977253	3.49907	-2.3264	39.2561	
0.983394	0.0110392	-0.181149	0.0109725	0.992706	0.120061	0.181153	-0.120055	0.9761	3.67604	-2.4437	40.2219	
0.98257	0.0115849	-0.185531	0.0115132	0.992348	0.122938	0.185535	-0.122931	0.974918	3.85735	-2.56384	41.1866	
0.981727	0.0121437	-0.189908	0.0120668	0.991981	0.125811	0.189913	-0.125804	0.973708	4.04298	-2.68683	42.1501	
0.980863	0.0127155	-0.194282	0.0126332	0.991606	0.12868	0.194287	-0.128672	0.972469	4.23295	-2.81265	43.1123	
0.97998	0.0133004	-0.198651	0.0132124	0.991222	0.131545	0.198657	-0.131536	0.971202	4.42724	-2.94131	44.0734	
0.979077	0.0138984	-0.203016	0.0138044	0.99083	0.134406	0.203022	-0.134396	0.969907	4.62585	-3.0728	45.0332	
0.978154	0.0145095	-0.207376	0.0144091	0.99043	0.137262	0.207383	-0.137252	0.968584	4.82877	-3.20712	45.9916	
0.977211	0.0151335	-0.211732	0.0150267	0.990021	0.140115	0.211739	-0.140103	0.967232	5.036	-3.34425	46.9488	
0.976248	0.0157706	-0.216082	0.0156569	0.989604	0.142962	0.216091	-0.14295	0.965852	5.24754	-3.48421	47.9046	
0.975265	0.0164207	-0.220428	0.0162999	0.989179	0.145806	0.220437	-0.145792	0.964444	5.46338	-3.62698	48.859	
0.974262	0.0170837	-0.224769	0.0169556	0.988745	0.148644	0.224779	-0.14863	0.963008	5.68352	-3.77255	49.812	
0.97324	0.0177597	-0.229104	0.0176239	0.988303	0.151478	0.229115	-0.151462	0.961543	5.90794	-3.92093	50.7636	
0.972198	0.0184487	-0.233434	0.0183049	0.987853	0.154307	0.233446	-0.15429	0.960051	6.13665	-4.07211	51.7137	
0.971135	0.0191505	-0.237759	0.0189986	0.987395	0.157131	0.237771	-0.157113	0.95853	6.36964	-4.22608	52.6624	
0.970054	0.0198653	-0.242077	0.0197048	0.986928	0.159951	0.24209	-0.159931	0.956982	6.60691	-4.38284	53.6095	
0.968952	0.020593	-0.24639	0.0204236	0.986454	0.162765	0.246404	-0.162743	0.955405	6.84844	-4.54239	54.5551	
0.967831	0.0213336	-0.250697	0.021155	0.985971	0.165573	0.250712	-0.165551	0.953801	7.09424	-4.70471	55.4991	
0.966689	0.022087	-0.254997	0.0218989	0.985479	0.168377	0.255014	-0.168352	0.952169	7.34429	-4.86981	56.4415	
0.965529	0.0228532	-0.259292	0.0226553	0.98498	0.171175	0.259309	-0.171149	0.950509	7.5986	-5.03767	57.3822	
0.964348	0.0236323	-0.263579	0.0234241	0.984473	0.173968	0.263598	-0.17394	0.948821	7.85715	-5.2083	58.3214	
0.963148	0.0244241	-0.26786	0.0242055	0.983957	0.176755	0.26788	-0.176725	0.947105	8.11993	-5.38168	59.2588	
0.961928	0.0252287	-0.272135	0.0249992	0.983434	0.179537	0.272156	-0.179505	0.945362	8.38695	-5.55782	60.1945	
0.960689	0.026046	-0.276402	0.0258053	0.982902	0.182312	0.276425	-0.182278	0.943591	8.6582	-5.7367	61.1285	
0.958919	0.0271992	-0.282373	0.025746	0.982941	0.182112	0.282509	-0.181901	0.94186	8.93456	-5.91677	62.0607	
0.957109	0.0283509	-0.288337	0.0256859	0.982979	0.181914	0.288586	-0.181518	0.94009	9.21694	-6.09646	62.9913	
0.95526	0.0295008	-0.294293	0.025625	0.983017	0.181718	0.294656	-0.181129	0.93828	9.50532	-6.27577	63.92	
0.953371	0.0306489	-0.300241	0.0255632	0.983054	0.181524	0.300716	-0.180734	0.936432	9.7997	-6.45469	64.847	
0.951443	0.031795	-0.306179	0.0255006	0.983091	0.181331	0.306768	-0.180334	0.934544	10.1001	-6.63322	65.7721	
0.949476	0.0329388	-0.312108	0.0254371	0.983128	0.181139	0.312809	-0.179927	0.932618	10.4064	-6.81135	66.6953	
0.94747	0.0340803	-0.318025	0.0253727	0.983165	0.180949	0.318838	-0.179513	0.930654	10.7187	-6.98907	67.6166	
0.945425	0.0352193	-0.323931	0.0253072	0.983202	0.18076	0.324855	-0.179093	0.928652	11.037	-7.16638	68.5359	
0.943342	0.0363557	-0.329824	0.0252406	0.983238	0.180572	0.33086	-0.178666	0.926612	11.3612	-7.34328	69.4532	
0.939151	0.0384443	-0.341346	0.0180413	0.986826	0.160779	0.34303	-0.157154	0.926085	11.6944	-7.50933	70.3693	
0.93481	0.0402647	-0.352859	0.0105842	0.989952	0.141004	0.354991	-0.135546	0.924991	12.0396	-7.65406	71.2846	
0.930321	0.0418159	-0.364355	0.00287386	0.992617	0.121258	0.366735	-0.113856	0.923332	12.3965	-7.77738	72.1986	
0.925688	0.0430968	-0.375826	-0.00508502	0.994817	0.101553	0.378255	-0.0920953	0.921109	12.7648	-7.87922	73.1106	
0.920912	0.0441067	-0.387266	-0.0132876	0.996552	0.081902	0.389543	-0.0702787	0.918323	13.1445	-7.95951	74.0201	
0.915998	0.0448449	-0.398668	-0.0217288	0.99782	0.0623165	0.400594	-0.0484192	0.914976	13.5352	-8.0182	74.9266	
0.910948	0.045311	-0.410025	-0.0304035	0.998621	0.0428085	0.411399	-0.0265301	0.911069	13.9367	-8.05526	75.8296	
0.905765	0.0455048	-0.42133	-0.0393064	0.998953	0.0233899	0.421954	-0.00462476	0.906606	14.3488	-8.07066	76.7283	
0.900452	0.0454261	-0.432576	-0.048432	0.998818	0.00407255	0.43225	0.0172834	0.901588	14.7711	-8.06441	77.6224	
0.895013	0.0450749	-0.443756	-0.0577748	0.998215	-0.0151317	0.442282	0.039181	0.89602	15.2036	-8.03649	78.5113	
0.889451	0.0444515	-0.454864	-0.0673291	0.997144	-0.0342111	0.452044	0.0610547	0.889904	15.6458	-7.98692	79.3944	
0.883769	0.0435562	-0.465892	-0.077089	0.995606	-0.053154	0.46153	0.082891	0.883244	16.0975	-7.91575	80.2712	
0.877971	0.0423897	-0.476834	-0.0870486	0.993602	-0.0719488	0.470733	0.104677	0.876044	16.5585	-7.823	81.1411	
0.87206	0.0409525	-0.487683	-0.0972017	0.991134	-0.0905841	0.479649	0.126398	0.868309	17.0284	-7.70874	82.0036	
0.86604	0.0392456	-0.498432	-0.107542	0.988202	-0.109048	0.488272	0.148043	0.860043	17.507	-7.57304	82.8582	
0.859915	0.0372701	-0.509075	-0.118064	0.984809	-0.127331	0.496596	0.169597	0.851252	17.994	-7.41597	83.7044	
0.853688	0.0350271	-0.519606	-0.12876	0.980956	-0.145419	0.504617	0.191047	0.84194	18.4891	-7.23765	84.5416	
0.847363	0.032518	-0.530018	-0.139624	0.976646	-0.163304	0.512329	0.212381	0.832114	18.9919	-7.03816	85.3694	
0.840944	0.0297443	-0.540304	-0.15065	0.971881	-0.180972	0.519729	0.233584	0.821779	19.5023	-6.81765	86.1872	
0.834435	0.0267078	-0.550459	-0.16183	0.966666	-0.198415	0.52681	0.254645	0.810942	20.0197	-6.57623	86.9945	
0.82784	0.0234103	-0.560475	-0.173159	0.961001	-0.215621	0.53357	0.275551	0.799609	20.5441	-6.31407	87.7909	
0.821163	0.0198537	-0.570348	-0.184628	0.954892	-0.23258	0.540004	0.296288	0.787788	21.0749	-6.03131	88.5758	
0.814408	0.0160404	-0.580071	-0.196231	0.948342	-0.24928	0.546107	0.316844	0.775485	21.612	-5.72813	89.3488	
0.807579	0.0119726	-0.589638	-0.207961	0.941355	-0.265713	0.551877	0.337206	0.762708	22.1549	-5.40473	90.1094	
0.800681	0.00765273	-0.599042	-0.219811	0.933935	-0.281868	0.557309	0.357362	0.749465	22.7033	-5.06128	90.8571	
0.793717	0.00308353	-0.60828	-0.231773	0.926086	-0.297735	0.562401	0.3773	0.735765	23.257	-4.69802	91.5915	
0.786691	-0.00173223	-0.617344	-0.24384	0.917814	-0.313305	0.56715	0.397007	0.721614	23.8155	-4.31514	92.3122	
