1	0	0	0	1	0	0	0	1	0	0	0	
0.999999	-3.08538e-06	-0.00109042	-3.08538e-06	0.999984	-0.00565903	0.00109042	0.00565903	0.999983	0.000569993	0.00295814	1.04545	
0.999998	-1.23169e-05	-0.00217778	-1.23364e-05	0.999936	-0.01132	0.00217778	0.01132	0.999934	0.00227837	0.0118336	2.09086	
0.999995	-2.76623e-05	-0.00326203	-2.77403e-05	0.999856	-0.0169828	0.00326203	0.0169828	0.99985	0.00512191	0.0266283	3.13621	
0.999991	-4.90889e-05	-0.00434314	-4.92838e-05	0.999744	-0.0226472	0.00434313	0.0226472	0.999734	0.00909735	0.047344	4.18145	
0.999985	-7.65636e-05	-0.00542105	-7.69536e-05	0.999599	-0.0283128	0.00542105	0.0283128	0.999584	0.0142014	0.0739823	5.22655	
0.999979	-0.000110053	-0.00649574	-0.000110736	0.999423	-0.0339796	0.00649573	0.0339796	0.999401	0.0204306	0.106544	6.27148	
0.999971	-0.000149523	-0.00756715	-0.000150616	0.999214	-0.0396473	0.00756713	0.0396473	0.999185	0.0277817	0.145031	7.31619	
0.999963	-0.000194941	-0.00863526	-0.00019658	0.998973	-0.0453157	0.00863522	0.0453157	0.998935	0.0362511	0.189444	8.36067	
0.999953	-0.000246271	-0.00970001	-0.000248613	0.998699	-0.0509846	0.00969995	0.0509846	0.998652	0.0458354	0.239783	9.40487	
0.999942	-0.000303478	-0.0107614	-0.000306699	0.998394	-0.0566538	0.0107613	0.0566538	0.998336	0.0565311	0.296049	10.4487	
0.99993	-0.000366528	-0.0118193	-0.000370823	0.998056	-0.062323	0.0118192	0.062323	0.997986	0.0683345	0.358241	11.4923	
0.999917	-0.000435386	-0.0128737	-0.00044097	0.997686	-0.067992	0.0128736	0.067992	0.997603	0.0812421	0.426361	12.5354	
0.999903	-0.000510015	-0.0139247	-0.000517122	0.997283	-0.0736606	0.0139244	0.0736607	0.997186	0.0952502	0.500406	13.5782	
0.999888	-0.000590379	-0.0149721	-0.000599265	0.996848	-0.0793287	0.0149717	0.0793288	0.996736	0.110355	0.580378	14.6204	
0.999872	-0.000676442	-0.0160159	-0.00068738	0.996381	-0.0849959	0.0160154	0.084996	0.996253	0.126553	0.666276	15.6622	
0.999854	-0.000768168	-0.0170561	-0.00078145	0.995881	-0.0906622	0.0170555	0.0906623	0.995736	0.14384	0.758097	16.7035	
0.999836	-0.000865519	-0.0180926	-0.000881458	0.995349	-0.0963272	0.0180918	0.0963273	0.995185	0.162213	0.855842	17.7442	
0.999817	-0.000968459	-0.0191254	-0.000987387	0.994785	-0.101991	0.0191244	0.101991	0.994601	0.181667	0.959509	18.7843	
0.999796	-0.00107695	-0.0201545	-0.00109922	0.994188	-0.107653	0.0201533	0.107653	0.993984	0.202198	1.0691	19.8238	
0.999775	-0.00119095	-0.0211798	-0.00121693	0.993559	-0.113313	0.0211783	0.113313	0.993334	0.223803	1.1846	20.8627	
0.999753	-0.00131043	-0.0222013	-0.00134051	0.992897	-0.11897	0.0221995	0.118971	0.99265	0.246478	1.30602	21.9008	
0.999729	-0.00143534	-0.023219	-0.00146994	0.992203	-0.124626	0.0232168	0.124626	0.991932	0.270219	1.43336	22.9382	
0.999705	-0.00156565	-0.0242328	-0.00160519	0.991476	-0.130279	0.0242302	0.13028	0.991181	0.295021	1.5666	23.9748	
0.99968	-0.00170132	-0.0252427	-0.00174625	0.990717	-0.135929	0.0252396	0.13593	0.990397	0.32088	1.70576	25.0106	
0.999654	-0.00184231	-0.0262486	-0.0018931	0.989925	-0.141577	0.026245	0.141577	0.989579	0.347792	1.85082	26.0456	
0.999627	-0.00198858	-0.0272505	-0.00204571	0.989102	-0.147221	0.0272463	0.147222	0.988728	0.375754	2.00178	27.0798	
0.999599	-0.00214009	-0.0282485	-0.00220407	0.988245	-0.152862	0.0282436	0.152863	0.987844	0.40476	2.15865	28.113	
0.99957	-0.00229679	-0.0292424	-0.00236816	0.987356	-0.158499	0.0292367	0.1585	0.986926	0.434806	2.32141	29.1452	
0.99954	-0.00245866	-0.0302322	-0.00253795	0.986435	-0.164133	0.0302256	0.164134	0.985975	0.465889	2.49006	30.1765	
0.999509	-0.00262565	-0.0312179	-0.00271342	0.985481	-0.169762	0.0312104	0.169763	0.984991	0.498003	2.66459	31.2068	
0.999478	-0.00279771	-0.0321995	-0.00289455	0.984495	-0.175387	0.0321909	0.175389	0.983973	0.531145	2.84501	32.236	
0.999445	-0.00297482	-0.0331769	-0.00308132	0.983477	-0.181008	0.0331671	0.18101	0.982922	0.56531	3.03131	33.2642	
0.999412	-0.00315691	-0.0341501	-0.00327371	0.982426	-0.186624	0.0341391	0.186626	0.981838	0.600493	3.22349	34.2912	
0.999378	-0.00334397	-0.035119	-0.0034717	0.981343	-0.192235	0.0351066	0.192238	0.98072	0.636689	3.42153	35.3171	
0.999343	-0.00353593	-0.0360837	-0.00367525	0.980227	-0.197842	0.0360698	0.197844	0.97957	0.673895	3.62544	36.3418	
0.999307	-0.00373277	-0.0370441	-0.00388436	0.979079	-0.203442	0.0370285	0.203445	0.978386	0.712106	3.8352	37.3653	
0.99927	-0.00393444	-0.0380002	-0.00409898	0.977899	-0.209038	0.0379828	0.209041	0.977169	0.751316	4.05082	38.3875	
0.999233	-0.00414089	-0.0389519	-0.00431911	0.976686	-0.214627	0.0389326	0.214631	0.975919	0.791522	4.27229	39.4085	
0.999194	-0.00435209	-0.0398993	-0.00454472	0.975442	-0.220211	0.0398778	0.220215	0.974636	0.832719	4.49959	40.4281	
0.999155	-0.00456799	-0.0408422	-0.00477578	0.974165	-0.225789	0.0408185	0.225793	0.97332	0.874901	4.73273	41.4463	
0.999115	-0.00478855	-0.0417807	-0.00501227	0.972855	-0.23136	0.0417545	0.231365	0.971971	0.918064	4.9717	42.4632	
0.999075	-0.00501372	-0.0427148	-0.00525416	0.971514	-0.236925	0.0426859	0.23693	0.970589	0.962204	5.2165	43.4786	
0.999033	-0.00524347	-0.0436444	-0.00550143	0.97014	-0.242483	0.0436126	0.242489	0.969173	1.00731	5.4671	44.4926	
0.998991	-0.00547774	-0.0445694	-0.00575405	0.968734	-0.248034	0.0445346	0.24804	0.967726	1.05339	5.72351	45.5051	
0.998948	-0.0057165	-0.0454899	-0.006012	0.967296	-0.253578	0.0454518	0.253584	0.966245	1.10043	5.98573	46.516	
0.998905	-0.0059597	-0.0464059	-0.00627525	0.965826	-0.259114	0.0463643	0.259122	0.964731	1.14842	6.25373	47.5254	
0.998861	-0.0062073	-0.0473173	-0.00654378	0.964324	-0.264643	0.0472719	0.264651	0.963185	1.19737	6.52753	48.5331	
0.998816	-0.00645925	-0.048224	-0.00681756	0.96279	-0.270164	0.0481747	0.270173	0.961606	1.24726	6.80709	49.5393	
0.99877	-0.00671551	-0.0491261	-0.00709656	0.961224	-0.275677	0.0490725	0.275687	0.959994	1.2981	7.09243	50.5438	
0.998724	-0.00697604	-0.0500236	-0.00738076	0.959626	-0.281182	0.0499655	0.281192	0.95835	1.34987	7.38353	51.5465	
0.998677	-0.00724078	-0.0509164	-0.00767012	0.957996	-0.286678	0.0508535	0.286689	0.956673	1.40257	7.68037	52.5476	
0.998629	-0.0075097	-0.0518044	-0.00796463	0.956334	-0.292166	0.0517364	0.292178	0.954964	1.4562	7.98297	53.5468	
0.998581	-0.00778275	-0.0526878	-0.00826425	0.954641	-0.297645	0.0526144	0.297658	0.953222	1.51074	8.29129	54.5443	
0.998532	-0.00805988	-0.0535664	-0.00856895	0.952916	-0.303115	0.0534873	0.303129	0.951447	1.5662	8.60534	55.5399	
0.998482	-0.00834105	-0.0544402	-0.00887871	0.951158	-0.308575	0.0543551	0.30859	0.949641	1.62258	8.9251	56.5337	
0.998432	-0.00862621	-0.0553092	-0.00919351	0.94937	-0.314027	0.0552177	0.314043	0.947802	1.67985	9.25057	57.5255	
0.998381	-0.00891533	-0.0561734	-0.0095133	0.947549	-0.319468	0.0560752	0.319485	0.945931	1.73803	9.58173	58.5154	
0.99833	-0.00920834	-0.0570328	-0.00983807	0.945697	-0.3249	0.0569275	0.324918	0.944027	1.7971	9.91858	59.5034	
0.998278	-0.00950522	-0.0578873	-0.0101678	0.943814	-0.330321	0.0577746	0.330341	0.942092	1.85706	10.2611	60.4893	
0.998225	-0.0098059	-0.058737	-0.0105024	0.941899	-0.335733	0.0586165	0.335754	0.940124	1.9179	10.6093	61.4732	
0.998172	-0.0101103	-0.0595817	-0.0108419	0.939952	-0.341133	0.059453	0.341156	0.938125	1.97962	10.9631	62.455	
0.998119	-0.0104185	-0.0604216	-0.0111863	0.937975	-0.346524	0.0602842	0.346548	0.936093	2.04221	11.3226	63.4347	
0.998064	-0.0107304	-0.0612565	-0.0115354	0.935965	-0.351903	0.06111	0.351928	0.93403	2.10566	11.6877	64.4123	
0.99801	-0.0110458	-0.0620865	-0.0118894	0.933925	-0.357271	0.0619305	0.357298	0.931935	2.16998	12.0585	65.3877	
0.997954	-0.0113649	-0.0629116	-0.0122482	0.931853	-0.362628	0.0627456	0.362657	0.929808	2.23515	12.4348	66.3609	
0.997745	-0.0125589	-0.0659334	-0.0128128	0.928634	-0.370776	0.0658845	0.370785	0.926379	2.30239	12.8182	67.3312	
0.997526	-0.0137779	-0.0689404	-0.013405	0.925343	-0.378895	0.0690138	0.378881	0.922868	2.37291	13.2101	68.2978	
0.997296	-0.0150218	-0.0719325	-0.0140248	0.92198	-0.386983	0.0721335	0.386946	0.919277	2.44669	13.6104	69.2608	
0.996005	-0.0214153	-0.0866894	-0.0156702	0.913832	-0.405789	0.0879097	0.405526	0.909846	2.53035	14.0247	70.2169	
0.99446	-0.0281063	-0.101289	-0.0176395	0.905305	-0.424395	0.103626	0.42383	0.899794	2.63048	14.4582	71.1629	
0.992662	-0.0350904	-0.115722	-0.0199312	0.896405	-0.442787	0.119271	0.441844	0.889128	2.747	14.9107	72.0981	
0.990612	-0.0423627	-0.129977	-0.0225438	0.887137	-0.460954	0.134835	0.459557	0.877854	2.87984	15.382	73.0218	
0.988311	-0.0499183	-0.144046	-0.0254754	0.877509	-0.478884	0.150307	0.476956	0.86598	3.0289	15.8715	73.9334	
0.985762	-0.057752	-0.157919	-0.0287242	0.867526	-0.496562	0.165676	0.494028	0.853515	3.19408	16.3791	74.8323	
0.982965	-0.0658584	-0.171585	-0.0322878	0.857195	-0.513979	0.180932	0.510764	0.840467	3.37527	16.9044	75.7178	
0.979924	-0.0742321	-0.185037	-0.0361639	0.846524	-0.531121	0.196064	0.52715	0.826844	3.57235	17.447	76.5894	
0.976639	-0.0828672	-0.198264	-0.0403497	0.835519	-0.547978	0.211063	0.543177	0.812657	3.78518	18.0065	77.4465	
0.973114	-0.091758	-0.211258	-0.0448425	0.824189	-0.564537	0.225917	0.558832	0.797915	4.01361	18.5826	78.2884	
0.96935	-0.100898	-0.224009	-0.0496392	0.812541	-0.580787	0.240617	0.574105	0.782628	4.25749	19.1748	79.1147	
0.96535	-0.110282	-0.23651	-0.0547364	0.800582	-0.596717	0.255153	0.588987	0.766806	4.51666	19.7828	79.9247	
0.961117	-0.119902	-0.248751	-0.0601307	0.788322	-0.612317	0.269514	0.603466	0.75046	4.79093	20.4062	80.7178	
0.956654	-0.129753	-0.260724	-0.0658184	0.775769	-0.627575	0.283691	0.617533	0.733602	5.08013	21.0445	81.4936	
0.951964	-0.139827	-0.272421	-0.0717957	0.76293	-0.642482	0.297675	0.631178	0.716243	5.38404	21.6972	82.2515	
0.94705	-0.150118	-0.283834	-0.0780584	0.749816	-0.657026	0.311455	0.644392	0.698394	5.70247	22.3641	82.991	
0.941915	-0.160619	-0.294955	-0.0846023	0.736434	-0.671199	0.325022	0.657166	0.680069	6.03519	23.0445	83.7116	
0.936563	-0.171322	-0.305777	-0.0914229	0.722794	-0.68499	0.338367	0.669491	0.661279	6.38198	23.738	84.4128	
0.930997	-0.182221	-0.316291	-0.0985156	0.708905	-0.69839	0.351482	0.681358	0.642037	6.7426	24.4441	85.0942	
0.925222	-0.193307	-0.326492	-0.105875	0.694777	-0.71139	0.364356	0.692761	0.622357	7.11681	25.1625	85.7551	
0.919241	-0.204573	-0.336372	-0.113497	0.68042	-0.72398	0.376981	0.70369	0.602251	7.50435	25.8925	86.3953	
0.913058	-0.216012	-0.345924	-0.121376	0.665842	-0.736153	0.389349	0.714138	0.581734	7.90496	26.6337	87.0142	
0.906678	-0.227615	-0.355142	-0.129507	0.651055	-0.7479	0.40145	0.724098	0.56082	8.31835	27.3855	87.6115	
0.900105	-0.239375	-0.364019	-0.137883	0.636068	-0.759214	0.413278	0.733564	0.539523	8.74426	28.1475	88.1867	
0.893344	-0.251284	-0.37255	-0.1465	0.620892	-0.770085	0.424823	0.742529	0.517857	9.18238	28.9192	88.7395	
0.886398	-0.263333	-0.380728	-0.155352	0.605536	-0.780507	0.436078	0.750987	0.495837	9.63242	29.6999	89.2694	
0.879273	-0.275515	-0.388549	-0.164431	0.590012	-0.790473	0.447036	0.758931	0.473479	10.0941	30.4892	89.7761	
0.871974	-0.287821	-0.396005	-0.173733	0.57433	-0.799976	0.457687	0.766358	0.450797	10.567	31.2866	90.2593	
0.864506	-0.300242	-0.403094	-0.183251	0.558501	-0.809009	0.468027	0.77326	0.427808	11.051	32.0914	90.7186	
0.856873	-0.31277	-0.409809	-0.192978	0.542535	-0.817567	0.478046	0.779635	0.404526	11.5455	32.9032	91.1537	
0.849081	-0.325397	-0.416146	-0.202907	0.526443	-0.825643	0.487739	0.785477	0.380967	12.0504	33.7214	91.5643	
