1	0	0	0	1	0	0	0	1	0	0	0	
0.999999	4.8762e-07	0.00150945	4.8762e-07	1	-0.000646088	-0.00150945	0.000646088	0.999999	-0.000634275	0.000271488	0.840404	
0.999995	1.95556e-06	0.00302257	1.95621e-06	0.999999	-0.00129418	-0.00302257	0.00129418	0.999995	-0.00253864	0.00108679	1.68081	
0.99999	4.41151e-06	0.00453931	4.41414e-06	0.999998	-0.00194426	-0.00453931	0.00194426	0.999988	-0.00571616	0.00244759	2.5212	
0.999982	7.86308e-06	0.00605962	7.86966e-06	0.999997	-0.0025963	-0.00605962	0.0025963	0.999978	-0.0101699	0.00435554	3.36159	
0.999971	1.23177e-05	0.00758343	1.23309e-05	0.999995	-0.00325028	-0.00758343	0.00325028	0.999966	-0.0159027	0.00681229	4.20197	
0.999958	1.77829e-05	0.0091107	1.7806e-05	0.999992	-0.00390618	-0.0091107	0.00390618	0.999951	-0.0229176	0.00981945	5.04234	
0.999943	2.42658e-05	0.0106414	2.43029e-05	0.99999	-0.00456399	-0.0106414	0.00456399	0.999933	-0.0312175	0.0133786	5.8827	
0.999926	3.17737e-05	0.0121754	3.18295e-05	0.999986	-0.00522368	-0.0121754	0.00522368	0.999912	-0.0408051	0.0174914	6.72304	
0.999906	4.03135e-05	0.0137127	4.03934e-05	0.999983	-0.00588522	-0.0137127	0.00588522	0.999889	-0.0516834	0.0221594	7.56336	
0.999884	4.98923e-05	0.0152533	5.00024e-05	0.999979	-0.00654861	-0.0152533	0.00654861	0.999862	-0.0638549	0.0273841	8.40366	
0.999859	6.05168e-05	0.016797	6.0664e-05	0.999974	-0.00721381	-0.016797	0.00721381	0.999833	-0.0773226	0.0331671	9.24393	
0.999832	7.21938e-05	0.0183439	7.23857e-05	0.999969	-0.00788081	-0.0183439	0.00788081	0.999801	-0.0920889	0.0395099	10.0842	
0.999802	8.493e-05	0.0198939	8.51746e-05	0.999963	-0.00854958	-0.0198939	0.00854958	0.999766	-0.108156	0.046414	10.9244	
0.99977	9.87317e-05	0.0214469	9.90382e-05	0.999957	-0.00922011	-0.0214469	0.00922011	0.999727	-0.125528	0.0538809	11.7646	
0.999735	0.000113605	0.0230029	0.000113983	0.999951	-0.00989237	-0.0230029	0.00989237	0.999686	-0.144206	0.061912	12.6048	
0.999698	0.000129557	0.0245618	0.000130017	0.999944	-0.0105663	-0.0245618	0.0105663	0.999642	-0.164193	0.0705088	13.4449	
0.999659	0.000146594	0.0261236	0.000147147	0.999937	-0.011242	-0.0261236	0.011242	0.999596	-0.185491	0.0796727	14.285	
0.999617	0.00016472	0.0276882	0.000165379	0.999929	-0.0119193	-0.0276882	0.0119193	0.999546	-0.208103	0.0894051	15.125	
0.999572	0.000183943	0.0292555	0.00018472	0.999921	-0.0125983	-0.0292555	0.0125983	0.999493	-0.23203	0.0997075	15.965	
0.999525	0.000204268	0.0308256	0.000205176	0.999912	-0.0132789	-0.0308255	0.0132789	0.999437	-0.257277	0.110581	16.805	
0.999475	0.000225701	0.0323983	0.000226754	0.999903	-0.0139611	-0.0323982	0.0139611	0.999378	-0.283843	0.122027	17.6449	
0.999423	0.000248247	0.0339735	0.000249461	0.999893	-0.0146449	-0.0339735	0.0146449	0.999315	-0.311733	0.134048	18.4847	
0.999368	0.000271912	0.0355514	0.000273302	0.999882	-0.0153302	-0.0355514	0.0153302	0.99925	-0.340947	0.146643	19.3245	
0.99931	0.000296701	0.0371317	0.000298283	0.999872	-0.0160171	-0.0371317	0.0160171	0.999182	-0.371489	0.159816	20.1643	
0.99925	0.000322619	0.0387145	0.000324411	0.99986	-0.0167054	-0.0387144	0.0167055	0.999111	-0.40336	0.173566	21.004	
0.999188	0.000349671	0.0402996	0.000351691	0.999849	-0.0173953	-0.0402996	0.0173953	0.999036	-0.436562	0.187895	21.8436	
0.999122	0.000377863	0.0418871	0.000380129	0.999836	-0.0180866	-0.041887	0.0180867	0.998959	-0.471097	0.202804	22.6831	
0.999054	0.000407198	0.0434768	0.000409731	0.999824	-0.0187794	-0.0434768	0.0187795	0.998878	-0.506967	0.218296	23.5226	
0.998984	0.000437682	0.0450687	0.000440501	0.99981	-0.0194736	-0.0450687	0.0194737	0.998794	-0.544174	0.23437	24.3621	
0.998911	0.000469319	0.0466628	0.000472446	0.999796	-0.0201693	-0.0466628	0.0201693	0.998707	-0.582719	0.251028	25.2014	
0.998835	0.000502114	0.048259	0.00050557	0.999782	-0.0208663	-0.048259	0.0208663	0.998617	-0.622606	0.268271	26.0407	
0.998756	0.00053607	0.0498573	0.000539879	0.999767	-0.0215646	-0.0498572	0.0215647	0.998524	-0.663834	0.286101	26.8799	
0.998675	0.000571192	0.0514575	0.000575377	0.999752	-0.0222643	-0.0514575	0.0222644	0.998427	-0.706407	0.304518	27.719	
0.998591	0.000607485	0.0530597	0.000612069	0.999736	-0.0229653	-0.0530597	0.0229654	0.998327	-0.750325	0.323523	28.5581	
0.998505	0.000644951	0.0546638	0.000649961	0.99972	-0.0236676	-0.0546637	0.0236677	0.998224	-0.795591	0.343119	29.397	
0.998415	0.000683594	0.0562697	0.000689056	0.999703	-0.0243711	-0.0562696	0.0243713	0.998118	-0.842205	0.363305	30.2359	
0.998323	0.000723419	0.0578774	0.000729358	0.999685	-0.0250759	-0.0578773	0.0250761	0.998009	-0.89017	0.384083	31.0747	
0.998229	0.000764429	0.0594868	0.000770873	0.999667	-0.0257819	-0.0594867	0.0257821	0.997896	-0.939487	0.405453	31.9133	
0.998131	0.000806626	0.0610978	0.000813604	0.999649	-0.0264891	-0.0610978	0.0264893	0.99778	-0.990157	0.427418	32.7519	
0.998031	0.000850015	0.0627105	0.000857556	0.99963	-0.0271975	-0.0627104	0.0271977	0.997661	-1.04218	0.449977	33.5904	
0.997929	0.000894598	0.0643248	0.000902732	0.99961	-0.027907	-0.0643246	0.0279073	0.997539	-1.09556	0.473133	34.4288	
0.997823	0.000940378	0.0659405	0.000949135	0.99959	-0.0286177	-0.0659404	0.0286179	0.997413	-1.1503	0.496885	35.2671	
0.997715	0.000987359	0.0675577	0.00099677	0.999569	-0.0293294	-0.0675575	0.0293297	0.997284	-1.2064	0.521234	36.1053	
0.997604	0.00103554	0.0691762	0.00104564	0.999548	-0.0300422	-0.0691761	0.0300426	0.997152	-1.26385	0.546183	36.9433	
0.99749	0.00108493	0.0707961	0.00109575	0.999526	-0.0307561	-0.070796	0.0307565	0.997017	-1.32267	0.571731	37.7813	
0.997374	0.00113553	0.0724173	0.0011471	0.999504	-0.0314711	-0.0724171	0.0314715	0.996878	-1.38285	0.597879	38.6191	
0.997255	0.00118733	0.0740397	0.00119969	0.999481	-0.032187	-0.0740395	0.0321874	0.996736	-1.44439	0.624629	39.4568	
0.997133	0.00124035	0.0756633	0.00125354	0.999458	-0.0329039	-0.0756631	0.0329044	0.99659	-1.50729	0.65198	40.2944	
0.997008	0.00129458	0.077288	0.00130863	0.999434	-0.0336218	-0.0772877	0.0336223	0.996442	-1.57156	0.679935	41.1319	
0.996881	0.00135003	0.0789137	0.00136497	0.999409	-0.0343406	-0.0789134	0.0343412	0.99629	-1.6372	0.708493	41.9693	
0.99675	0.00140669	0.0805404	0.00142257	0.999384	-0.0350603	-0.0805402	0.035061	0.996135	-1.7042	0.737656	42.8065	
0.996617	0.00146458	0.0821681	0.00148143	0.999359	-0.035781	-0.0821678	0.0357817	0.995976	-1.77257	0.767425	43.6436	
0.996482	0.00152368	0.0837967	0.00154155	0.999332	-0.0365025	-0.0837964	0.0365032	0.995814	-1.84231	0.797799	44.4805	
0.996343	0.001584	0.0854262	0.00160293	0.999306	-0.0372248	-0.0854258	0.0372256	0.995649	-1.91342	0.82878	45.3174	
0.996202	0.00164555	0.0870564	0.00166557	0.999278	-0.037948	-0.087056	0.0379488	0.99548	-1.9859	0.860368	46.154	
0.996058	0.00170832	0.0886873	0.00172948	0.99925	-0.0386719	-0.0886869	0.0386729	0.995309	-2.05974	0.892565	46.9906	
0.995911	0.00177232	0.0903189	0.00179466	0.999222	-0.0393966	-0.0903185	0.0393977	0.995133	-2.13496	0.92537	47.827	
0.995859	0.0017961	0.090893	0.00212355	0.999072	-0.0430087	-0.090886	0.0430236	0.994932	-2.2111	0.960004	48.6632	
0.995806	0.00182217	0.0914716	0.0024547	0.99891	-0.0466221	-0.0914568	0.0466511	0.994716	-2.28772	0.997686	49.4992	
0.995752	0.00185057	0.0920544	0.00278813	0.998733	-0.0502368	-0.0920307	0.05028	0.994486	-2.36483	1.03842	50.3351	
0.995698	0.00188132	0.0926412	0.00312383	0.998544	-0.0538526	-0.0926076	0.0539103	0.994242	-2.44241	1.0822	51.1708	
0.995643	0.00191442	0.0932318	0.00346181	0.998341	-0.0574694	-0.0931872	0.0575417	0.993984	-2.52048	1.12903	52.0062	
0.995587	0.00194992	0.0938261	0.00380207	0.998125	-0.061087	-0.0937693	0.0611741	0.993713	-2.59904	1.17891	52.8415	
0.99553	0.00198781	0.0944237	0.00414462	0.997896	-0.0647053	-0.0943537	0.0648074	0.993427	-2.67809	1.23185	53.6765	
0.995473	0.00202811	0.0950246	0.00448945	0.997653	-0.0683242	-0.0949402	0.0684415	0.993127	-2.75763	1.28784	54.5112	
0.995415	0.00207085	0.0956286	0.00483657	0.997397	-0.0719434	-0.0955286	0.0720761	0.992814	-2.83767	1.34689	55.3457	
0.995356	0.00211601	0.0962353	0.00518597	0.997128	-0.0755629	-0.0961188	0.0757111	0.992486	-2.9182	1.40899	56.1799	
0.995297	0.00216362	0.0968447	0.00553766	0.996845	-0.0791826	-0.0967105	0.0793465	0.992145	-2.99923	1.47415	57.0139	
0.995237	0.00221368	0.0974565	0.00589163	0.996549	-0.0828022	-0.0973035	0.082982	0.991789	-3.08075	1.54236	57.8475	
0.995177	0.00226619	0.0980706	0.00624788	0.996239	-0.0864216	-0.0978976	0.0866175	0.99142	-3.16278	1.61362	58.6809	
0.995116	0.00232115	0.0986866	0.0066064	0.995916	-0.0900407	-0.0984926	0.0902529	0.991037	-3.2453	1.68794	59.5139	
0.995054	0.00237857	0.0993045	0.0069672	0.99558	-0.0936594	-0.0990883	0.0938881	0.990639	-3.32832	1.76532	60.3466	
0.994992	0.00243843	0.0999239	0.00733026	0.99523	-0.0972775	-0.0996845	0.0975228	0.990228	-3.41185	1.84575	61.179	
0.994929	0.00250073	0.100545	0.00769558	0.994867	-0.100895	-0.100281	0.101157	0.989804	-3.49588	1.92924	62.011	
0.994866	0.00256547	0.101167	0.00806315	0.994491	-0.104511	-0.100878	0.10479	0.989365	-3.5804	2.01578	62.8427	
0.994802	0.00263263	0.10179	0.00843296	0.994101	-0.108127	-0.101474	0.108423	0.988912	-3.66543	2.10537	63.6739	
0.994738	0.0027022	0.102414	0.00880501	0.993698	-0.111741	-0.102071	0.112055	0.988446	-3.75096	2.19802	64.5048	
0.994673	0.00277416	0.103039	0.00917928	0.993282	-0.115354	-0.102666	0.115685	0.987966	-3.83699	2.29371	65.3353	
0.994608	0.00284851	0.103664	0.00955577	0.992852	-0.118966	-0.103261	0.119315	0.987472	-3.92352	2.39246	66.1654	
0.994543	0.00292522	0.104289	0.00993446	0.992409	-0.122576	-0.103856	0.122943	0.986965	-4.01056	2.49426	66.9951	
0.994477	0.00300426	0.104914	0.0103153	0.991953	-0.126184	-0.104449	0.126569	0.986443	-4.09809	2.5991	67.8243	
0.99441	0.00308563	0.105539	0.0106984	0.991484	-0.12979	-0.105041	0.130194	0.985909	-4.18611	2.707	68.6531	
0.994344	0.00316928	0.106164	0.0110836	0.991001	-0.133395	-0.105631	0.133817	0.98536	-4.27464	2.81793	69.4814	
0.994277	0.0032552	0.106788	0.0114709	0.990505	-0.136997	-0.10622	0.137438	0.984799	-4.36366	2.93192	70.3093	
0.994209	0.00334334	0.107411	0.0118604	0.989996	-0.140597	-0.106806	0.141057	0.984223	-4.45317	3.04894	71.1367	
0.994921	0.0023038	0.100637	0.0139099	0.987001	-0.160111	-0.099698	0.160697	0.981956	-4.53995	3.17574	71.9629	
0.995583	0.00112919	0.093881	0.0158178	0.983617	-0.179575	-0.0925457	0.180266	0.979254	-4.62073	3.31902	72.787	
0.996196	-0.000179985	0.0871447	0.0175834	0.979846	-0.198981	-0.0853525	0.199756	0.976121	-4.69549	3.47871	73.6087	
0.996759	-0.00162314	0.0804315	0.0192058	0.975688	-0.218321	-0.0781217	0.219158	0.972557	-4.76418	3.65475	74.4276	
0.997272	-0.00319963	0.0737444	0.0206843	0.971146	-0.237585	-0.0708564	0.238462	0.968563	-4.82679	3.84705	75.2433	
0.997735	-0.00490878	0.0670862	0.0220183	0.966223	-0.256766	-0.0635598	0.257662	0.964142	-4.88327	4.05553	76.0554	
0.998148	-0.00674981	0.06046	0.0232072	0.960919	-0.275856	-0.0562352	0.276748	0.959296	-4.93361	4.2801	76.8637	
0.99851	-0.00872193	0.0538686	0.0242505	0.955237	-0.294844	-0.0488857	0.295711	0.954026	-4.97778	4.52065	77.6677	
0.998821	-0.0108243	0.047315	0.0251477	0.949181	-0.313724	-0.0415147	0.314545	0.948334	-5.01577	4.77709	78.4671	
0.999082	-0.0130559	0.0408021	0.0258984	0.942752	-0.332487	-0.0341253	0.333239	0.942225	-5.04756	5.0493	79.2616	
0.999292	-0.0154158	0.0343327	0.0265023	0.935953	-0.351125	-0.0267209	0.351786	0.935699	-5.07313	5.33716	80.0507	
0.99945	-0.0179029	0.0279096	0.026959	0.928788	-0.369629	-0.0193047	0.370178	0.92876	-5.09247	5.64055	80.8342	
0.999558	-0.0205162	0.0215358	0.0272685	0.92126	-0.387991	-0.0118799	0.388406	0.921412	-5.10557	5.95932	81.6117	
0.999614	-0.0232546	0.015214	0.0274306	0.913371	-0.406203	-0.00444996	0.406464	0.913656	-5.11243	6.29333	82.3828	
