1	0	0	0	1	0	0	0	1	0	0	0	
0.999985	-5.87021e-06	-0.00547664	-5.87021e-06	0.999998	-0.00214371	0.00547664	0.00214371	0.999983	0.00285312	0.00111679	1.04191	
0.99994	-2.34824e-05	-0.0109537	-2.3481e-05	0.999991	-0.00428731	0.0109537	0.00428731	0.999931	0.0114127	0.0044671	2.08379	
0.999865	-5.28383e-05	-0.0164309	-5.28325e-05	0.999979	-0.00643072	0.0164309	0.00643072	0.999844	0.025679	0.0100508	3.1256	
0.99976	-9.39391e-05	-0.0219082	-9.39244e-05	0.999963	-0.00857386	0.0219082	0.00857386	0.999723	0.0456521	0.0178676	4.16729	
0.999625	-0.000146785	-0.0273852	-0.000146756	0.999943	-0.0107167	0.0273852	0.0107167	0.999568	0.0713321	0.0279172	5.20884	
0.99946	-0.000211378	-0.0328619	-0.000211326	0.999917	-0.012859	0.0328619	0.012859	0.999377	0.102718	0.0401992	6.25022	
0.999265	-0.000287715	-0.0383379	-0.000287633	0.999887	-0.0150009	0.0383379	0.0150009	0.999152	0.139811	0.0547132	7.29137	
0.99904	-0.000375798	-0.0438132	-0.000375675	0.999853	-0.0171422	0.0438132	0.0171422	0.998893	0.182608	0.0714585	8.33228	
0.998785	-0.000475625	-0.0492875	-0.000475449	0.999814	-0.0192829	0.0492875	0.0192829	0.998598	0.23111	0.0904346	9.37289	
0.998499	-0.000587193	-0.0547607	-0.000586951	0.99977	-0.0214228	0.0547607	0.0214228	0.99827	0.285315	0.111641	10.4132	
0.998184	-0.000710502	-0.0602324	-0.00071018	0.999722	-0.023562	0.0602325	0.023562	0.997906	0.345222	0.135076	11.4531	
0.997839	-0.000845549	-0.0657026	-0.000845129	0.999669	-0.0257002	0.0657026	0.0257002	0.997508	0.41083	0.16074	12.4926	
0.997464	-0.00099233	-0.0711711	-0.000991796	0.999612	-0.0278375	0.0711711	0.0278375	0.997076	0.482135	0.188631	13.5317	
0.997058	-0.00115084	-0.0766375	-0.00115018	0.99955	-0.0299738	0.0766376	0.0299737	0.996608	0.559138	0.218748	14.5704	
0.996623	-0.00132108	-0.0821019	-0.00132026	0.999484	-0.0321089	0.0821019	0.0321089	0.996107	0.641835	0.251091	15.6085	
0.996158	-0.00150304	-0.0875638	-0.00150205	0.999412	-0.0342429	0.0875638	0.0342428	0.99557	0.730224	0.285657	16.6461	
0.995662	-0.00169672	-0.0930232	-0.00169553	0.999337	-0.0363756	0.0930232	0.0363755	0.994999	0.824303	0.322447	17.6831	
0.995137	-0.00190212	-0.0984799	-0.0019007	0.999257	-0.0385069	0.0984799	0.0385069	0.994394	0.924069	0.361458	18.7195	
0.994582	-0.00211922	-0.103934	-0.00211755	0.999172	-0.0406369	0.103934	0.0406368	0.993754	1.02952	0.402688	19.7552	
0.993997	-0.00234802	-0.109384	-0.00234607	0.999082	-0.0427653	0.109384	0.0427652	0.993079	1.14065	0.446138	20.7903	
0.993382	-0.00258851	-0.114831	-0.00258626	0.998988	-0.0448922	0.114831	0.0448921	0.99237	1.25746	0.491804	21.8246	
0.992737	-0.0028407	-0.120275	-0.0028381	0.99889	-0.0470175	0.120275	0.0470173	0.991627	1.37994	0.539685	22.8582	
0.992062	-0.00310456	-0.125715	-0.0031016	0.998787	-0.049141	0.125715	0.0491408	0.990849	1.50809	0.58978	23.891	
0.991357	-0.00338009	-0.131151	-0.00337673	0.998679	-0.0512627	0.131151	0.0512625	0.990036	1.64191	0.642086	24.923	
0.990622	-0.00366729	-0.136583	-0.00366348	0.998567	-0.0533826	0.136583	0.0533823	0.989189	1.78139	0.696602	25.9541	
0.989857	-0.00396614	-0.142011	-0.00396186	0.998451	-0.0555005	0.142011	0.0555002	0.988308	1.92652	0.753325	26.9843	
0.989063	-0.00427664	-0.147434	-0.00427184	0.99833	-0.0576164	0.147434	0.057616	0.987392	2.07731	0.812254	28.0136	
0.988238	-0.00459877	-0.152852	-0.00459342	0.998204	-0.0597302	0.152853	0.0597297	0.986442	2.23375	0.873387	29.0418	
0.987384	-0.00493252	-0.158266	-0.00492658	0.998074	-0.0618418	0.158266	0.0618413	0.985458	2.39583	0.936721	30.0691	
0.9865	-0.00527789	-0.163675	-0.00527132	0.997939	-0.0639511	0.163675	0.0639506	0.984439	2.56355	1.00225	31.0954	
0.985587	-0.00563487	-0.169078	-0.00562761	0.9978	-0.0660582	0.169078	0.0660576	0.983387	2.7369	1.06998	32.1205	
0.984643	-0.00600343	-0.174475	-0.00599546	0.997656	-0.0681628	0.174476	0.0681621	0.982299	2.91588	1.13991	33.1446	
0.98367	-0.00638357	-0.179868	-0.00637483	0.997508	-0.070265	0.179868	0.0702642	0.981178	3.10048	1.21202	34.1675	
0.982667	-0.00677528	-0.185254	-0.00676572	0.997355	-0.0723646	0.185254	0.0723638	0.980023	3.29069	1.28632	35.1892	
0.981635	-0.00717855	-0.190634	-0.00716812	0.997198	-0.0744617	0.190634	0.0744607	0.978833	3.48652	1.36281	36.2097	
0.980573	-0.00759335	-0.196008	-0.00758201	0.997036	-0.076556	0.196008	0.0765548	0.977609	3.68794	1.44149	37.2289	
0.979481	-0.00801969	-0.201375	-0.00800737	0.99687	-0.0786475	0.201376	0.0786463	0.976352	3.89496	1.52234	38.2468	
0.97836	-0.00845753	-0.206736	-0.0084442	0.9967	-0.0807362	0.206737	0.0807348	0.97506	4.10757	1.60537	39.2634	
0.97721	-0.00890687	-0.21209	-0.00889246	0.996525	-0.082822	0.212091	0.0828204	0.973734	4.32577	1.69058	40.2787	
0.976029	-0.0093677	-0.217437	-0.00935216	0.996345	-0.0849048	0.217438	0.084903	0.972375	4.54953	1.77796	41.2925	
0.97482	-0.00983999	-0.222777	-0.00982326	0.996161	-0.0869845	0.222778	0.0869826	0.970981	4.77887	1.8675	42.3049	
0.973581	-0.0103237	-0.228109	-0.0103058	0.995973	-0.089061	0.22811	0.089059	0.969554	5.01376	1.95921	43.3159	
0.972312	-0.0108189	-0.233434	-0.0107996	0.99578	-0.0911344	0.233435	0.0911321	0.968092	5.25421	2.05308	44.3253	
0.971015	-0.0113255	-0.238751	-0.0113049	0.995583	-0.0932045	0.238752	0.093202	0.966598	5.5002	2.14912	45.3332	
0.969688	-0.0118435	-0.24406	-0.0118214	0.995381	-0.0952712	0.244061	0.0952684	0.965069	5.75173	2.2473	46.3396	
0.968332	-0.0123729	-0.249361	-0.0123493	0.995175	-0.0973345	0.249362	0.0973315	0.963507	6.00878	2.34764	47.3443	
0.966946	-0.0129136	-0.254654	-0.0128885	0.994965	-0.0993942	0.254655	0.099391	0.961911	6.27136	2.45012	48.3473	
0.965532	-0.0134657	-0.259938	-0.013439	0.99475	-0.10145	0.259939	0.101447	0.960281	6.53944	2.55475	49.3487	
0.964088	-0.0140292	-0.265213	-0.0140007	0.994531	-0.103503	0.265214	0.103499	0.958618	6.81303	2.66152	50.3484	
0.962615	-0.0146039	-0.270479	-0.0145737	0.994307	-0.105552	0.270481	0.105548	0.956922	7.0921	2.77043	51.3463	
0.961113	-0.0151899	-0.275737	-0.0151578	0.994079	-0.107597	0.275738	0.107592	0.955192	7.37666	2.88146	52.3425	
0.959582	-0.0157872	-0.280985	-0.0157532	0.993847	-0.109638	0.280986	0.109633	0.953429	7.66669	2.99463	53.3368	
0.958023	-0.0163957	-0.286223	-0.0163598	0.99361	-0.111675	0.286225	0.11167	0.951633	7.96219	3.10992	54.3292	
0.956434	-0.0170155	-0.291452	-0.0169775	0.993369	-0.113708	0.291454	0.113703	0.949803	8.26314	3.22733	55.3198	
0.954817	-0.0176464	-0.296671	-0.0176063	0.993124	-0.115737	0.296673	0.115731	0.947941	8.56953	3.34686	56.3085	
0.953171	-0.0182886	-0.30188	-0.0182462	0.992874	-0.117762	0.301882	0.117756	0.946045	8.88135	3.46849	57.2951	
0.951496	-0.0189419	-0.307078	-0.0188973	0.99262	-0.119783	0.307081	0.119776	0.944116	9.1986	3.59224	58.2798	
0.949792	-0.0196064	-0.312267	-0.0195593	0.992362	-0.121799	0.31227	0.121792	0.942154	9.52126	3.71809	59.2625	
0.94806	-0.0202819	-0.317444	-0.0202325	0.992099	-0.123811	0.317448	0.123803	0.940159	9.84931	3.84603	60.2431	
0.946299	-0.0209686	-0.322611	-0.0209166	0.991833	-0.125819	0.322615	0.12581	0.938132	10.1828	3.97607	61.2217	
0.94451	-0.0216663	-0.327767	-0.0216117	0.991562	-0.127822	0.327771	0.127813	0.936072	10.5216	4.1082	62.198	
0.942692	-0.022375	-0.332912	-0.0223178	0.991286	-0.129821	0.332916	0.129811	0.933979	10.8658	4.24241	63.1723	
0.940846	-0.0230948	-0.338046	-0.0230348	0.991007	-0.131814	0.33805	0.131804	0.931853	11.2153	4.3787	64.1443	
0.938972	-0.0238256	-0.343168	-0.0237627	0.990723	-0.133804	0.343172	0.133792	0.929695	11.5702	4.51707	65.1141	
0.937069	-0.0245673	-0.348278	-0.0245014	0.990435	-0.135788	0.348282	0.135776	0.927504	11.9304	4.6575	66.0816	
0.933914	-0.0257838	-0.356566	-0.0246664	0.990371	-0.136221	0.356645	0.136014	0.924286	12.2977	4.79909	67.0463	
0.930684	-0.0270024	-0.364825	-0.0248357	0.990307	-0.136654	0.364979	0.136242	0.920993	12.6736	4.94093	68.0076	
0.92738	-0.0282231	-0.373055	-0.0250091	0.990243	-0.137086	0.373285	0.136461	0.917626	13.0582	5.083	68.9655	
0.924001	-0.0294457	-0.381255	-0.0251866	0.990179	-0.137517	0.38156	0.136668	0.914185	13.4515	5.22529	69.9198	
0.914797	-0.0325106	-0.402604	-0.0207365	0.991661	-0.127195	0.403382	0.124706	0.906494	13.8604	5.36146	70.8684	
0.905084	-0.0352939	-0.423766	-0.0160405	0.993007	-0.116963	0.424931	0.112659	0.898188	14.292	5.48512	71.8086	
0.894869	-0.0377939	-0.444726	-0.0111018	0.994215	-0.106829	0.446191	0.100536	0.889273	14.7458	5.5962	72.7398	
0.884159	-0.0400087	-0.46547	-0.00592372	0.995286	-0.0968002	0.467149	0.0883441	0.879754	15.2216	5.6946	73.6615	
0.872961	-0.0419369	-0.485984	-0.000509831	0.996218	-0.0868823	0.487789	0.0760926	0.869639	15.7192	5.78027	74.5729	
0.861283	-0.0435772	-0.506253	0.00513622	0.997011	-0.0770824	0.508099	0.0637896	0.858933	16.238	5.85315	75.4735	
0.849133	-0.0449284	-0.526265	0.0110106	0.997665	-0.0674072	0.528064	0.0514432	0.847645	16.7778	5.91318	76.3626	
0.836519	-0.0459897	-0.546005	0.0171093	0.998178	-0.0578632	0.547671	0.0390619	0.835782	17.3383	5.96033	77.2396	
0.823449	-0.0467603	-0.56546	0.0234283	0.99855	-0.048457	0.566906	0.0266542	0.823351	17.919	5.99457	78.104	
0.809933	-0.0472397	-0.584617	0.0299631	0.998782	-0.0391949	0.585757	0.0142283	0.810362	18.5195	6.01587	78.9551	
0.795979	-0.0474275	-0.603463	0.0367095	0.998873	-0.0300832	0.60421	0.0017928	0.796823	19.1394	6.02422	79.7925	
0.781598	-0.0473237	-0.621985	0.0436627	0.998823	-0.0211281	0.622253	-0.0106439	0.782744	19.7784	6.01961	80.6154	
0.766798	-0.0469284	-0.640171	0.0508182	0.998632	-0.0123356	0.639874	-0.0230734	0.768133	20.436	6.00204	81.4234	
0.75159	-0.0462417	-0.658008	0.058171	0.9983	-0.00371173	0.657061	-0.0354873	0.753002	21.1117	5.97153	82.2159	
0.735984	-0.0452641	-0.675484	0.0657161	0.997827	0.00473767	0.673802	-0.047877	0.737359	21.805	5.9281	82.9924	
0.719991	-0.0439964	-0.692588	0.0734485	0.997214	0.0130069	0.690086	-0.0602343	0.721217	22.5156	5.87177	83.7523	
0.703621	-0.0424394	-0.709307	0.0813628	0.996461	0.0210902	0.705902	-0.0725508	0.704584	23.2429	5.80259	84.4951	
0.686886	-0.040594	-0.72563	0.0894538	0.995569	0.0289823	0.721239	-0.084818	0.687474	23.9864	5.72061	85.2203	
0.669798	-0.0384617	-0.741547	0.0977159	0.994538	0.0366777	0.736086	-0.0970276	0.669898	24.7457	5.62587	85.9275	
0.652367	-0.0360438	-0.757046	0.106144	0.993369	0.0441713	0.750434	-0.109171	0.651867	25.5201	5.51844	86.6161	
0.634605	-0.0333419	-0.772117	0.114731	0.992063	0.0514579	0.764273	-0.121241	0.633393	26.3093	5.3984	87.2857	
0.616525	-0.030358	-0.78675	0.123472	0.99062	0.0585326	0.777594	-0.133229	0.61449	27.1126	5.26582	87.9359	
0.598139	-0.027094	-0.800935	0.132362	0.989042	0.0653906	0.790386	-0.145126	0.59517	27.9295	5.1208	88.5661	
0.579458	-0.0235521	-0.814661	0.141393	0.98733	0.0720273	0.802643	-0.156924	0.575447	28.7594	4.96344	89.176	
0.560497	-0.0197348	-0.827921	0.150561	0.985484	0.0784381	0.814355	-0.168617	0.555333	29.6019	4.79383	89.7651	
0.541268	-0.0156446	-0.840705	0.159858	0.983507	0.0846187	0.825515	-0.180194	0.534842	30.4562	4.61211	90.3331	
0.521784	-0.0112843	-0.853003	0.169278	0.981398	0.0905648	0.836114	-0.19165	0.513988	31.3219	4.41838	90.8795	
0.502057	-0.00665685	-0.864809	0.178815	0.979161	0.0962726	0.846146	-0.202975	0.492785	32.1983	4.21279	91.404	
0.482102	-0.00176544	-0.876113	0.188463	0.976796	0.101738	0.855604	-0.214163	0.471248	33.0849	3.99546	91.9063	
0.461932	0.00338666	-0.886909	0.198215	0.974305	0.106957	0.864482	-0.225206	0.449392	33.9811	3.76655	92.3859	
