1	0	0	0	1	0	0	0	1	0	0	0	
1	-1.85774e-06	0.000790428	-1.85774e-06	0.999989	0.00470057	-0.000790428	-0.00470057	0.999989	-0.000369865	-0.00219954	0.935855	
0.999999	-7.44786e-06	0.00158309	-7.43948e-06	0.999956	0.00940379	-0.00158309	-0.00940379	0.999955	-0.0014805	-0.0087994	1.87169	
0.999997	-1.67935e-05	0.00237795	-1.67599e-05	0.9999	0.0141095	-0.00237795	-0.0141095	0.999898	-0.00333399	-0.019802	2.80748	
0.999995	-2.99175e-05	0.00317499	-2.98336e-05	0.999823	0.0188176	-0.00317499	-0.0188176	0.999818	-0.00593238	-0.0352096	3.74321	
0.999992	-4.68426e-05	0.00397419	-4.66747e-05	0.999723	0.0235278	-0.00397419	-0.0235278	0.999715	-0.00927769	-0.0550242	4.67885	
0.999989	-6.75913e-05	0.00477551	-6.72974e-05	0.999601	0.0282401	-0.00477552	-0.0282401	0.99959	-0.0133719	-0.079248	5.61438	
0.999984	-9.21861e-05	0.00557895	-9.17155e-05	0.999457	0.0329542	-0.00557896	-0.0329542	0.999441	-0.0182171	-0.107883	6.54979	
0.99998	-0.000120649	0.00638447	-0.000119943	0.99929	0.0376701	-0.00638448	-0.0376701	0.99927	-0.0238152	-0.14093	7.48505	
0.999974	-0.000153002	0.00719204	-0.000151992	0.999101	0.0423875	-0.00719206	-0.0423875	0.999075	-0.030168	-0.178391	8.42013	
0.999968	-0.000189267	0.00800164	-0.000187878	0.99889	0.0471064	-0.00800167	-0.0471064	0.998858	-0.0372776	-0.220268	9.35503	
0.999961	-0.000229465	0.00881325	-0.000227612	0.998656	0.0518264	-0.0088133	-0.0518264	0.998617	-0.0451459	-0.266562	10.2897	
0.999954	-0.000273617	0.00962684	-0.000271208	0.9984	0.0565476	-0.0096269	-0.0565476	0.998353	-0.0537746	-0.317273	11.2241	
0.999945	-0.000321746	0.0104424	-0.000318677	0.998121	0.0612697	-0.0104425	-0.0612697	0.998067	-0.0631657	-0.372404	12.1583	
0.999937	-0.000373871	0.0112598	-0.000370034	0.99782	0.0659926	-0.01126	-0.0659926	0.997757	-0.0733209	-0.431953	13.0922	
0.999927	-0.000430014	0.0120792	-0.000425289	0.997496	0.0707161	-0.0120794	-0.0707161	0.997423	-0.0842421	-0.495924	14.0258	
0.999917	-0.000490195	0.0129005	-0.000484455	0.99715	0.0754401	-0.0129007	-0.0754401	0.997067	-0.095931	-0.564314	14.9591	
0.999906	-0.000554434	0.0137236	-0.000547543	0.996782	0.0801644	-0.0137238	-0.0801644	0.996687	-0.108389	-0.637126	15.8921	
0.999894	-0.000622752	0.0145485	-0.000614565	0.99639	0.0848889	-0.0145488	-0.0848888	0.996284	-0.121619	-0.71436	16.8246	
0.999882	-0.000695168	0.0153752	-0.000685532	0.995976	0.0896134	-0.0153756	-0.0896133	0.995858	-0.135622	-0.796015	17.7568	
0.999868	-0.000771702	0.0162037	-0.000760456	0.99554	0.0943377	-0.0162042	-0.0943376	0.995408	-0.150399	-0.882091	18.6886	
0.999855	-0.000852374	0.0170339	-0.000839347	0.995081	0.0990617	-0.0170345	-0.0990616	0.994935	-0.165952	-0.972588	19.6199	
0.99984	-0.000937203	0.0178658	-0.000922217	0.994599	0.103785	-0.0178666	-0.103785	0.994439	-0.182283	-1.06751	20.5508	
0.999825	-0.00102621	0.0186995	-0.00100907	0.994095	0.108508	-0.0187004	-0.108508	0.99392	-0.199394	-1.16684	21.4812	
0.999809	-0.00111941	0.0195347	-0.00109993	0.993568	0.11323	-0.0195358	-0.11323	0.993377	-0.217286	-1.2706	22.4112	
0.999792	-0.00121682	0.0203717	-0.0011948	0.993019	0.117952	-0.020373	-0.117951	0.99281	-0.235961	-1.37878	23.3406	
0.999774	-0.00131846	0.0212102	-0.00129368	0.992446	0.122672	-0.0212117	-0.122672	0.992221	-0.255419	-1.49137	24.2694	
0.999756	-0.00142436	0.0220503	-0.00139659	0.991852	0.127391	-0.022052	-0.127391	0.991607	-0.275664	-1.60839	25.1977	
0.999737	-0.00153452	0.0228919	-0.00150354	0.991234	0.132108	-0.022894	-0.132108	0.990971	-0.296695	-1.72981	26.1254	
0.999717	-0.00164897	0.0237351	-0.00161454	0.990594	0.136824	-0.0237374	-0.136824	0.990311	-0.318516	-1.85565	27.0525	
0.999696	-0.00176772	0.0245797	-0.00172959	0.989931	0.141539	-0.0245824	-0.141538	0.989628	-0.341126	-1.98591	27.979	
0.999675	-0.00189079	0.0254258	-0.00184871	0.989246	0.146251	-0.0254289	-0.146251	0.988921	-0.364528	-2.12057	28.9048	
0.999653	-0.0020182	0.0262734	-0.0019719	0.988538	0.150962	-0.0262769	-0.150961	0.98819	-0.388723	-2.25965	29.83	
0.99963	-0.00214996	0.0271224	-0.00209917	0.987807	0.15567	-0.0271263	-0.155669	0.987437	-0.413712	-2.40313	30.7544	
0.999606	-0.0022861	0.0279727	-0.00223053	0.987053	0.160376	-0.0279772	-0.160375	0.98666	-0.439496	-2.55102	31.6782	
0.999582	-0.00242662	0.0288244	-0.00236599	0.986277	0.16508	-0.0288294	-0.165079	0.985859	-0.466078	-2.70331	32.6012	
0.999556	-0.00257155	0.0296774	-0.00250556	0.985479	0.169781	-0.029683	-0.16978	0.985035	-0.493457	-2.86	33.5234	
0.99953	-0.00272089	0.0305316	-0.00264923	0.984657	0.174479	-0.0305379	-0.174478	0.984187	-0.521637	-3.02109	34.4449	
0.999503	-0.00287467	0.0313872	-0.00279703	0.983813	0.179174	-0.0313942	-0.179173	0.983317	-0.550617	-3.18657	35.3655	
0.999475	-0.0030329	0.032244	-0.00294896	0.982947	0.183867	-0.0322517	-0.183865	0.982422	-0.580398	-3.35645	36.2853	
0.999447	-0.0031956	0.0331019	-0.00310502	0.982058	0.188556	-0.0331106	-0.188554	0.981504	-0.610983	-3.53071	37.2043	
0.999417	-0.00336278	0.0339611	-0.00326522	0.981146	0.193242	-0.0339706	-0.19324	0.980563	-0.642373	-3.70937	38.1224	
0.999387	-0.00353446	0.0348214	-0.00342956	0.980211	0.197924	-0.0348319	-0.197922	0.979599	-0.674567	-3.8924	39.0396	
0.999356	-0.00371064	0.0356828	-0.00359807	0.979254	0.202602	-0.0356943	-0.2026	0.978611	-0.707569	-4.07982	39.9559	
0.999324	-0.00389135	0.0365452	-0.00377073	0.978275	0.207277	-0.0365579	-0.207275	0.977599	-0.741378	-4.27161	40.8713	
0.999292	-0.0040766	0.0374088	-0.00394755	0.977273	0.211948	-0.0374226	-0.211945	0.976565	-0.775995	-4.46778	41.7857	
0.999258	-0.0042664	0.0382733	-0.00412855	0.976248	0.216615	-0.0382884	-0.216612	0.975507	-0.811423	-4.66831	42.6992	
0.999224	-0.00446077	0.0391388	-0.00431372	0.975201	0.221277	-0.0391553	-0.221274	0.974425	-0.847661	-4.87321	43.6116	
0.999189	-0.00465972	0.0400053	-0.00450308	0.974132	0.225935	-0.0400233	-0.225932	0.973321	-0.884711	-5.08247	44.523	
0.999153	-0.00486326	0.0408727	-0.00469662	0.97304	0.230588	-0.0408922	-0.230585	0.972193	-0.922574	-5.29609	45.4334	
0.999116	-0.0050714	0.0417411	-0.00489435	0.971926	0.235237	-0.0417622	-0.235233	0.971041	-0.96125	-5.51406	46.3427	
0.999078	-0.00528417	0.0426102	-0.00509627	0.970789	0.239881	-0.0426331	-0.239877	0.969867	-1.00074	-5.73638	47.2509	
0.999039	-0.00550156	0.0434802	-0.0053024	0.96963	0.24452	-0.043505	-0.244516	0.968669	-1.04105	-5.96304	48.158	
0.999	-0.0057236	0.0443511	-0.00551273	0.968448	0.249154	-0.0443778	-0.249149	0.967448	-1.08217	-6.19404	49.0639	
0.998959	-0.00595029	0.0452226	-0.00572727	0.967244	0.253782	-0.0452514	-0.253777	0.966204	-1.12411	-6.42938	49.9688	
0.998918	-0.00618165	0.046095	-0.00594602	0.966018	0.258405	-0.046126	-0.2584	0.964936	-1.16687	-6.66904	50.8724	
0.998876	-0.00641768	0.046968	-0.00616899	0.96477	0.263023	-0.0470013	-0.263017	0.963646	-1.21045	-6.91303	51.7748	
0.998833	-0.00665841	0.0478417	-0.00639617	0.963499	0.267634	-0.0478775	-0.267628	0.962332	-1.25484	-7.16133	52.6761	
0.998789	-0.00690383	0.0487161	-0.00662758	0.962207	0.27224	-0.0487544	-0.272233	0.960995	-1.30006	-7.41395	53.576	
0.998744	-0.00715397	0.049591	-0.00686321	0.960892	0.27684	-0.0496321	-0.276832	0.959636	-1.3461	-7.67087	54.4748	
0.998698	-0.00740882	0.0504666	-0.00710306	0.959554	0.281433	-0.0505105	-0.281426	0.958253	-1.39296	-7.9321	55.3722	
0.998652	-0.00766841	0.0513427	-0.00734715	0.958195	0.286021	-0.0513896	-0.286012	0.956847	-1.44064	-8.19762	56.2683	
0.998445	-0.00878693	0.0550402	-0.00769672	0.956299	0.29229	-0.0552032	-0.292259	0.954745	-1.49052	-8.46821	57.1628	
0.998225	-0.00992935	0.0587287	-0.00807154	0.95436	0.298549	-0.0590127	-0.298493	0.952586	-1.54396	-8.74464	58.0553	
0.997989	-0.0110956	0.062408	-0.00847161	0.952379	0.304798	-0.062818	-0.304714	0.95037	-1.60097	-9.0269	58.9458	
0.997739	-0.0122857	0.066078	-0.0088969	0.950357	0.311036	-0.066619	-0.31092	0.948098	-1.66154	-9.31498	59.8341	
0.997474	-0.0134997	0.0697386	-0.00934739	0.948292	0.317262	-0.0704155	-0.317112	0.94577	-1.72566	-9.60885	60.7203	
0.997194	-0.0147373	0.0733897	-0.00982305	0.946186	0.323475	-0.0742074	-0.323289	0.943386	-1.79334	-9.90852	61.6043	
0.9969	-0.0159987	0.0770311	-0.0103239	0.944038	0.329675	-0.0779946	-0.329449	0.940947	-1.86456	-10.214	62.4861	
0.996592	-0.0172838	0.0806627	-0.0108497	0.941849	0.335861	-0.081777	-0.335592	0.938451	-1.93932	-10.5251	63.3655	
0.996268	-0.0185925	0.0842844	-0.0114007	0.939619	0.342033	-0.0855545	-0.341717	0.9359	-2.01762	-10.8421	64.2426	
0.99593	-0.0199248	0.0878961	-0.0119766	0.937348	0.348189	-0.0893268	-0.347824	0.933295	-2.09945	-11.1647	65.1172	
0.995578	-0.0212807	0.0914975	-0.0125776	0.935036	0.354329	-0.0930939	-0.353913	0.930634	-2.18481	-11.4931	65.9894	
0.995211	-0.0226602	0.0950888	-0.0132033	0.932684	0.360452	-0.0968557	-0.359981	0.927918	-2.27369	-11.8272	66.8591	
0.994829	-0.0240631	0.0986696	-0.013854	0.930292	0.366557	-0.100612	-0.366029	0.925149	-2.3661	-12.1669	67.7262	
0.994433	-0.0254895	0.10224	-0.0145294	0.92786	0.372645	-0.104363	-0.372056	0.922325	-2.46201	-12.5123	68.5907	
0.994023	-0.0269392	0.105799	-0.0152294	0.925389	0.378713	-0.108108	-0.378061	0.919447	-2.56143	-12.8633	69.4525	
0.99167	-0.0345886	0.124074	-0.0166706	0.920703	0.389908	-0.127722	-0.388728	0.912457	-2.67179	-13.2221	70.3098	
0.988927	-0.0424488	0.142205	-0.018351	0.915888	0.401014	-0.147266	-0.399183	0.904967	-2.80047	-13.5908	71.1602	
0.985794	-0.0505153	0.160181	-0.0202697	0.910947	0.412025	-0.16673	-0.409419	0.896982	-2.9474	-13.9692	72.0034	
0.982274	-0.0587838	0.177993	-0.0224258	0.905882	0.422936	-0.186102	-0.419431	0.888506	-3.11251	-14.357	72.839	
0.978369	-0.0672498	0.195631	-0.0248181	0.900696	0.43374	-0.205373	-0.429213	0.879544	-3.2957	-14.7542	73.6663	
0.97408	-0.0759087	0.213085	-0.0274452	0.895392	0.444432	-0.224531	-0.438761	0.870101	-3.49688	-15.1603	74.4851	
0.969411	-0.0847556	0.230346	-0.0303056	0.889973	0.455005	-0.243566	-0.448068	0.860181	-3.71592	-15.5753	75.2948	
0.964363	-0.0937858	0.247405	-0.0333979	0.884441	0.465455	-0.262468	-0.45713	0.84979	-3.95272	-15.9989	76.0949	
0.958939	-0.102994	0.264251	-0.0367203	0.878801	0.475774	-0.281226	-0.465942	0.838934	-4.20714	-16.4309	76.8852	
0.953142	-0.112376	0.280877	-0.0402711	0.873054	0.485958	-0.29983	-0.474499	0.827619	-4.47905	-16.8709	77.665	
0.946976	-0.121926	0.297272	-0.0440482	0.867204	0.496001	-0.318271	-0.482796	0.815851	-4.76829	-17.3189	78.4341	
0.940444	-0.131639	0.313428	-0.0480496	0.861254	0.505898	-0.336537	-0.490828	0.803636	-5.07471	-17.7745	79.1919	
0.933549	-0.141509	0.329335	-0.0522731	0.855208	0.515642	-0.354618	-0.498593	0.790981	-5.39813	-18.2375	79.9381	
0.926295	-0.151532	0.344986	-0.0567165	0.849069	0.525229	-0.372506	-0.506084	0.777894	-5.73839	-18.7076	80.6723	
0.918687	-0.161701	0.360372	-0.0613772	0.842839	0.534654	-0.39019	-0.513298	0.76438	-6.0953	-19.1847	81.394	
0.910727	-0.172011	0.375484	-0.0662527	0.836524	0.543911	-0.40766	-0.520231	0.750449	-6.46865	-19.6683	82.1029	
0.902422	-0.182457	0.390313	-0.0713404	0.830125	0.552995	-0.424907	-0.52688	0.736106	-6.85825	-20.1583	82.7985	
0.893774	-0.193033	0.404853	-0.0766374	0.823647	0.561901	-0.441921	-0.53324	0.721361	-7.26388	-20.6544	83.4805	
0.88479	-0.203732	0.419094	-0.0821409	0.817092	0.570625	-0.458694	-0.539308	0.70622	-7.68533	-21.1563	84.1486	
0.875473	-0.21455	0.43303	-0.0878479	0.810466	0.579161	-0.475215	-0.545081	0.690693	-8.12235	-21.6637	84.8023	
0.86583	-0.22548	0.446652	-0.0937552	0.803771	0.587505	-0.491476	-0.550556	0.674788	-8.57471	-22.1764	85.4412	
0.855864	-0.236516	0.459953	-0.0998596	0.79701	0.595653	-0.507469	-0.555729	0.658514	-9.04217	-22.6941	86.0652	
0.845582	-0.247653	0.472925	-0.106158	0.790189	0.6036	-0.523183	-0.560598	0.641879	-9.52447	-23.2165	86.6737	
