1	0	0	0	1	0	0	0	1	0	0	0	
0.999994	-2.43596e-07	0.00335036	-2.43596e-07	1	0.000145414	-0.00335036	-0.000145414	0.999994	-0.00137822	-5.98182e-05	0.822726	
0.999978	-9.76341e-07	0.00670687	-9.76661e-07	1	0.000291191	-0.00670687	-0.000291191	0.999977	-0.0055154	-0.000239422	1.64544	
0.999949	-2.20122e-06	0.0100694	-2.20251e-06	1	0.000437326	-0.0100694	-0.000437326	0.999949	-0.0124166	-0.000539108	2.46814	
0.99991	-3.9212e-06	0.0134379	-3.92441e-06	1	0.000583815	-0.0134379	-0.000583815	0.99991	-0.0220866	-0.000959169	3.29081	
0.999859	-6.13918e-06	0.0168122	-6.14562e-06	1	0.000730654	-0.0168122	-0.000730655	0.999858	-0.0345304	-0.00149989	4.11344	
0.999796	-8.85805e-06	0.0201923	-8.86934e-06	1	0.000877839	-0.0201923	-0.000877839	0.999796	-0.0497528	-0.00216157	4.93603	
0.999722	-1.20806e-05	0.023578	-1.20988e-05	0.999999	0.00102537	-0.023578	-0.00102537	0.999721	-0.0677583	-0.00294448	5.75856	
0.999636	-1.58098e-05	0.0269692	-1.5837e-05	0.999999	0.00117323	-0.0269692	-0.00117323	0.999636	-0.0885515	-0.0038489	6.58102	
0.999539	-2.00482e-05	0.0303658	-2.00872e-05	0.999999	0.00132142	-0.0303658	-0.00132143	0.999538	-0.112137	-0.00487511	7.40341	
0.99943	-2.47987e-05	0.0337677	-2.48523e-05	0.999999	0.00146995	-0.0337677	-0.00146995	0.999429	-0.138519	-0.00602339	8.22571	
0.999309	-3.00639e-05	0.0371748	-3.01355e-05	0.999999	0.0016188	-0.0371748	-0.0016188	0.999307	-0.167702	-0.00729399	9.04792	
0.999176	-3.58465e-05	0.0405871	-3.59398e-05	0.999998	0.00176797	-0.0405871	-0.00176797	0.999174	-0.199691	-0.00868718	9.87002	
0.999031	-4.21491e-05	0.0440043	-4.2268e-05	0.999998	0.00191745	-0.0440043	-0.00191746	0.99903	-0.234489	-0.0102032	10.692	
0.998875	-4.89744e-05	0.0474264	-4.91232e-05	0.999998	0.00206725	-0.0474264	-0.00206725	0.998873	-0.2721	-0.0118424	11.5139	
0.998706	-5.63247e-05	0.0508533	-5.65082e-05	0.999998	0.00221735	-0.0508533	-0.00221736	0.998704	-0.312529	-0.0136049	12.3356	
0.998525	-6.42027e-05	0.0542849	-6.44259e-05	0.999997	0.00236776	-0.0542849	-0.00236776	0.998523	-0.355779	-0.0154911	13.1572	
0.998333	-7.26109e-05	0.057721	-7.28791e-05	0.999997	0.00251846	-0.057721	-0.00251847	0.99833	-0.401854	-0.0175011	13.9786	
0.998128	-8.15516e-05	0.0611616	-8.18705e-05	0.999996	0.00266946	-0.0611616	-0.00266947	0.998124	-0.450758	-0.0196352	14.7999	
0.997911	-9.10272e-05	0.0646066	-9.1403e-05	0.999996	0.00282075	-0.0646066	-0.00282076	0.997907	-0.502495	-0.0218937	15.621	
0.997682	-0.00010104	0.0680558	-0.000101479	0.999996	0.00297232	-0.0680558	-0.00297234	0.997677	-0.557067	-0.0242768	16.4419	
0.99744	-0.000111593	0.0715092	-0.000112102	0.999995	0.00312417	-0.0715092	-0.00312419	0.997435	-0.614479	-0.0267847	17.2626	
0.997186	-0.000122687	0.0749666	-0.000123274	0.999995	0.0032763	-0.0749666	-0.00327633	0.997181	-0.674734	-0.0294176	18.0831	
0.99692	-0.000134326	0.078428	-0.000134997	0.999994	0.00342871	-0.078428	-0.00342873	0.996914	-0.737835	-0.0321759	18.9034	
0.996641	-0.000146511	0.0818932	-0.000147275	0.999994	0.00358138	-0.0818932	-0.00358141	0.996635	-0.803786	-0.0350596	19.7235	
0.99635	-0.000159245	0.0853621	-0.000160109	0.999993	0.00373431	-0.0853621	-0.00373435	0.996343	-0.872588	-0.038069	20.5433	
0.996046	-0.000172529	0.0888347	-0.000173503	0.999992	0.0038875	-0.0888347	-0.00388754	0.996039	-0.944247	-0.0412044	21.3629	
0.99573	-0.000186366	0.0923107	-0.000187459	0.999992	0.00404095	-0.0923107	-0.004041	0.995722	-1.01876	-0.0444659	22.1823	
0.995402	-0.000200758	0.0957902	-0.000201978	0.999991	0.00419464	-0.0957902	-0.0041947	0.995393	-1.09614	-0.0478538	23.0014	
0.99506	-0.000215707	0.099273	-0.000217064	0.999991	0.00434858	-0.099273	-0.00434865	0.995051	-1.17638	-0.0513682	23.8202	
0.994706	-0.000231214	0.102759	-0.000232719	0.99999	0.00450276	-0.102759	-0.00450284	0.994696	-1.25949	-0.0550094	24.6387	
0.99434	-0.000247283	0.106248	-0.000248946	0.999989	0.00465718	-0.106248	-0.00465727	0.994329	-1.34547	-0.0587775	25.4569	
0.99396	-0.000263914	0.10974	-0.000265745	0.999988	0.00481183	-0.10974	-0.00481193	0.993949	-1.43432	-0.0626728	26.2748	
0.993568	-0.000281109	0.113235	-0.00028312	0.999988	0.00496671	-0.113235	-0.00496682	0.993556	-1.52604	-0.0666954	27.0924	
0.993163	-0.000298871	0.116733	-0.000301074	0.999987	0.0051218	-0.116733	-0.00512193	0.99315	-1.62064	-0.0708456	27.9096	
0.992746	-0.000317201	0.120233	-0.000319607	0.999986	0.00527712	-0.120233	-0.00527727	0.992732	-1.71812	-0.0751234	28.7265	
0.992315	-0.000336101	0.123736	-0.000338722	0.999985	0.00543265	-0.123736	-0.00543282	0.9923	-1.81848	-0.0795292	29.5431	
0.991872	-0.000355572	0.127242	-0.000358422	0.999984	0.00558839	-0.127242	-0.00558857	0.991856	-1.92173	-0.084063	30.3593	
0.991415	-0.000375617	0.130749	-0.000378708	0.999983	0.00574434	-0.130749	-0.00574454	0.991399	-2.02786	-0.088725	31.1752	
0.990946	-0.000396237	0.134259	-0.000399582	0.999983	0.00590048	-0.134259	-0.00590071	0.990929	-2.13687	-0.0935155	31.9906	
0.990464	-0.000417433	0.137772	-0.000421047	0.999982	0.00605682	-0.137771	-0.00605707	0.990446	-2.24877	-0.0984345	32.8057	
0.989969	-0.000439208	0.141286	-0.000443104	0.999981	0.00621335	-0.141286	-0.00621363	0.989949	-2.36357	-0.103482	33.6204	
0.989461	-0.000461562	0.144802	-0.000465755	0.99998	0.00637007	-0.144802	-0.00637038	0.98944	-2.48125	-0.108659	34.4346	
0.988939	-0.000484497	0.14832	-0.000489002	0.999979	0.00652697	-0.14832	-0.00652731	0.988918	-2.60183	-0.113964	35.2484	
0.988405	-0.000508014	0.15184	-0.000512846	0.999978	0.00668405	-0.15184	-0.00668442	0.988383	-2.72531	-0.119399	36.0618	
0.987858	-0.000532116	0.155361	-0.00053729	0.999976	0.0068413	-0.155361	-0.0068417	0.987834	-2.85168	-0.124963	36.8748	
0.987297	-0.000556802	0.158884	-0.000562336	0.999975	0.00699871	-0.158884	-0.00699916	0.987273	-2.98095	-0.130657	37.6873	
0.986724	-0.000582076	0.162408	-0.000587984	0.999974	0.00715629	-0.162408	-0.00715678	0.986698	-3.11312	-0.13648	38.4993	
0.986137	-0.000607937	0.165933	-0.000614238	0.999973	0.00731403	-0.165933	-0.00731456	0.98611	-3.24818	-0.142433	39.3108	
0.985537	-0.000634388	0.16946	-0.000641097	0.999972	0.00747193	-0.16946	-0.0074725	0.985509	-3.38615	-0.148516	40.1219	
0.984924	-0.000661429	0.172988	-0.000668564	0.999971	0.00762997	-0.172988	-0.00763059	0.984894	-3.52702	-0.154729	40.9324	
0.984297	-0.000689061	0.176517	-0.000696641	0.999969	0.00778816	-0.176517	-0.00778883	0.984267	-3.6708	-0.161072	41.7425	
0.983658	-0.000717286	0.180047	-0.000725329	0.999968	0.00794649	-0.180047	-0.00794722	0.983626	-3.81748	-0.167545	42.552	
0.983005	-0.000746105	0.183577	-0.000754629	0.999967	0.00810495	-0.183577	-0.00810574	0.982972	-3.96706	-0.174149	43.361	
0.982339	-0.000775519	0.187108	-0.000784543	0.999966	0.00826355	-0.187108	-0.0082644	0.982305	-4.11954	-0.180883	44.1694	
0.98166	-0.000805529	0.19064	-0.000815072	0.999964	0.00842227	-0.19064	-0.00842319	0.981624	-4.27494	-0.187748	44.9773	
0.980967	-0.000836135	0.194172	-0.000846218	0.999963	0.00858112	-0.194172	-0.00858211	0.98093	-4.43323	-0.194743	45.7846	
0.979704	-0.000895242	0.200446	-0.00110549	0.999951	0.00986929	-0.200445	-0.00989057	0.979655	-4.59557	-0.202342	46.5911	
0.978401	-0.000962754	0.206714	-0.00137252	0.999937	0.0111534	-0.206712	-0.0111962	0.978338	-4.76306	-0.211016	47.3966	
0.977056	-0.00103866	0.212978	-0.00164727	0.999921	0.0124334	-0.212974	-0.012499	0.976978	-4.9357	-0.220764	48.2009	
0.975671	-0.00112295	0.219237	-0.00192972	0.999904	0.0137094	-0.219231	-0.013799	0.975575	-5.11349	-0.231582	49.0042	
0.974245	-0.00121562	0.22549	-0.00221985	0.999885	0.0149814	-0.225482	-0.0150961	0.97413	-5.29643	-0.243468	49.8062	
0.972778	-0.00131666	0.231736	-0.00251764	0.999865	0.0162494	-0.231727	-0.0163905	0.972643	-5.48451	-0.256421	50.607	
0.97127	-0.00142604	0.237977	-0.00282307	0.999843	0.0175134	-0.237964	-0.0176821	0.971113	-5.67773	-0.270437	51.4066	
0.969721	-0.00154377	0.24421	-0.00313612	0.999819	0.0187734	-0.244195	-0.0189708	0.969541	-5.87607	-0.285515	52.2049	
0.968132	-0.00166983	0.250436	-0.00345677	0.999793	0.0200294	-0.250418	-0.0202568	0.967926	-6.07954	-0.301652	53.002	
0.966502	-0.0018042	0.256654	-0.00378501	0.999766	0.0212815	-0.256633	-0.0215401	0.966269	-6.28812	-0.318845	53.7976	
0.964831	-0.00194688	0.262864	-0.00412081	0.999738	0.0225297	-0.262839	-0.0228206	0.96457	-6.50181	-0.337094	54.5919	
0.963119	-0.00209784	0.269066	-0.00446417	0.999707	0.0237739	-0.269037	-0.0240983	0.962828	-6.72061	-0.356395	55.3848	
0.961368	-0.00225708	0.275259	-0.00481506	0.999675	0.0250143	-0.275226	-0.0253733	0.961045	-6.9445	-0.376745	56.1762	
0.959575	-0.00242459	0.281442	-0.00517347	0.999642	0.0262507	-0.281405	-0.0266456	0.959219	-7.17348	-0.398144	56.9661	
0.957742	-0.00260034	0.287615	-0.00553939	0.999607	0.0274833	-0.287574	-0.0279151	0.957352	-7.40754	-0.420589	57.7545	
0.955869	-0.00278432	0.293779	-0.0059128	0.99957	0.028712	-0.293733	-0.029182	0.955442	-7.64666	-0.444076	58.5414	
0.953956	-0.00297651	0.299932	-0.00629369	0.999532	0.0299369	-0.299881	-0.0304461	0.953491	-7.89086	-0.468605	59.3266	
0.952002	-0.00317691	0.306074	-0.00668205	0.999492	0.0311579	-0.306017	-0.0317076	0.951498	-8.1401	-0.494173	60.1103	
0.950009	-0.00338549	0.312205	-0.00707787	0.999451	0.0323751	-0.312143	-0.0329664	0.949463	-8.39439	-0.520778	60.8923	
0.947975	-0.00360223	0.318324	-0.00748114	0.999408	0.0335885	-0.318256	-0.0342225	0.947387	-8.65372	-0.548417	61.6726	
0.945902	-0.00382713	0.324431	-0.00789184	0.999363	0.0347982	-0.324357	-0.035476	0.945269	-8.91806	-0.577089	62.4511	
0.943788	-0.00406015	0.330525	-0.00830998	0.999317	0.036004	-0.330446	-0.0367268	0.94311	-9.18743	-0.60679	63.228	
0.941635	-0.00430129	0.336607	-0.00873553	0.999269	0.0372061	-0.336521	-0.037975	0.94091	-9.46179	-0.63752	64.003	
0.939443	-0.00455052	0.342675	-0.0091685	0.99922	0.0384045	-0.342583	-0.0392206	0.938669	-9.74115	-0.669276	64.7762	
0.937211	-0.00480783	0.34873	-0.00960888	0.999169	0.0395991	-0.348631	-0.0404636	0.936386	-10.0255	-0.702055	65.5475	
0.93494	-0.0050732	0.354771	-0.0100567	0.999117	0.04079	-0.354665	-0.041704	0.934063	-10.3148	-0.735856	66.3169	
0.932629	-0.00534661	0.360797	-0.0105118	0.999063	0.0419772	-0.360684	-0.0429418	0.931699	-10.6091	-0.770676	67.0844	
0.930279	-0.00562803	0.366809	-0.0109744	0.999008	0.0431607	-0.366688	-0.044177	0.929295	-10.9083	-0.806514	67.85	
0.927891	-0.00591745	0.372805	-0.0114444	0.998951	0.0443405	-0.372677	-0.0454096	0.92685	-11.2124	-0.843366	68.6135	
0.925463	-0.00621485	0.378786	-0.0119217	0.998892	0.0455166	-0.37865	-0.0466397	0.924364	-11.5215	-0.881232	69.3751	
0.922997	-0.0065202	0.384751	-0.0124064	0.998832	0.0466891	-0.384607	-0.0478673	0.921839	-11.8355	-0.920109	70.1345	
0.915474	-0.0075067	0.402307	-0.0153833	0.998442	0.0536357	-0.402083	-0.0552909	0.913932	-12.1591	-0.962546	70.8897	
0.907618	-0.00863497	0.419708	-0.0184918	0.997996	0.0605211	-0.419389	-0.0626912	0.905639	-12.497	-1.01108	71.6383	
0.899433	-0.00990451	0.436946	-0.0217306	0.997493	0.0673422	-0.436518	-0.0700649	0.896963	-12.8491	-1.06569	72.3798	
0.890922	-0.0113148	0.454015	-0.0250983	0.996935	0.0740962	-0.453461	-0.0774089	0.887908	-13.2153	-1.12636	73.1141	
0.882089	-0.0128652	0.470906	-0.0285935	0.996322	0.0807802	-0.470214	-0.0847202	0.878477	-13.5952	-1.19306	73.8407	
0.872938	-0.0145552	0.487615	-0.0322147	0.995653	0.0873915	-0.486767	-0.0919957	0.868674	-13.9889	-1.26576	74.5595	
0.863471	-0.0163839	0.504132	-0.0359605	0.994929	0.0939272	-0.503114	-0.0992323	0.858504	-14.3961	-1.34442	75.27	
0.853695	-0.0183506	0.520451	-0.0398291	0.994151	0.100385	-0.519249	-0.106427	0.847971	-14.8167	-1.42903	75.972	
0.843611	-0.0204545	0.536565	-0.0438191	0.993319	0.106761	-0.535163	-0.113576	0.837079	-15.2505	-1.51953	76.6652	
0.833226	-0.0226947	0.552467	-0.0479286	0.992432	0.113053	-0.550852	-0.120678	0.825832	-15.6972	-1.6159	77.3493	
0.822542	-0.0250702	0.568151	-0.052156	0.991492	0.119259	-0.566307	-0.127728	0.814237	-16.1568	-1.71809	78.024	
0.811566	-0.02758	0.58361	-0.0564994	0.990499	0.125376	-0.581523	-0.134725	0.802297	-16.629	-1.82605	78.689	
