1	0	0	0	1	0	0	0	1	0	0	0	
0.999998	-2.18643e-06	-0.00191955	-2.18643e-06	0.999997	-0.00227805	0.00191955	0.00227805	0.999996	0.00102376	0.00121496	1.06667	
0.999993	-8.77369e-06	-0.00384532	-8.77286e-06	0.99999	-0.00456305	0.00384532	0.00456305	0.999982	0.00409836	0.00486356	2.13332	
0.999983	-1.9803e-05	-0.0057772	-1.97997e-05	0.999977	-0.00685487	0.0057772	0.00685487	0.99996	0.00923038	0.0109531	3.19996	
0.99997	-3.5315e-05	-0.00771509	-3.53066e-05	0.999958	-0.00915338	0.00771509	0.00915338	0.999928	0.0164263	0.0194909	4.26657	
0.999953	-5.53494e-05	-0.00965888	-5.53326e-05	0.999934	-0.0114585	0.00965888	0.0114585	0.999888	0.0256924	0.0304838	5.33313	
0.999933	-7.99453e-05	-0.0116085	-7.99159e-05	0.999905	-0.01377	0.0116085	0.01377	0.999838	0.037035	0.043939	6.39966	
0.999908	-0.000109141	-0.0135637	-0.000109094	0.999871	-0.0160878	0.0135637	0.0160878	0.999779	0.0504602	0.0598632	7.46612	
0.999879	-0.000142974	-0.0155246	-0.000142903	0.99983	-0.0184118	0.0155246	0.0184118	0.99971	0.065974	0.078263	8.53251	
0.999847	-0.000181482	-0.017491	-0.00018138	0.999785	-0.0207419	0.017491	0.0207419	0.999632	0.0835823	0.0991449	9.59883	
0.999811	-0.0002247	-0.0194627	-0.00022456	0.999734	-0.0230779	0.0194627	0.0230779	0.999544	0.103291	0.122515	10.6651	
0.99977	-0.000272664	-0.0214397	-0.000272476	0.999677	-0.0254196	0.0214397	0.0254196	0.999447	0.125106	0.148381	11.7312	
0.999726	-0.000325408	-0.0234218	-0.000325164	0.999614	-0.0277671	0.0234218	0.0277671	0.99934	0.149032	0.176747	12.7972	
0.999677	-0.000382967	-0.0254091	-0.000382655	0.999546	-0.0301201	0.0254091	0.0301201	0.999223	0.175075	0.20762	13.8631	
0.999624	-0.000445372	-0.0274012	-0.000444982	0.999472	-0.0324785	0.0274012	0.0324785	0.999097	0.20324	0.241006	14.9289	
0.999568	-0.000512658	-0.0293982	-0.000512176	0.999393	-0.0348423	0.0293982	0.0348422	0.99896	0.233533	0.276911	15.9945	
0.999507	-0.000584854	-0.0314	-0.000584267	0.999307	-0.0372111	0.0314	0.0372111	0.998814	0.265959	0.315339	17.06	
0.999442	-0.000661993	-0.0334063	-0.000661286	0.999216	-0.039585	0.0334064	0.039585	0.998658	0.300523	0.356297	18.1253	
0.999372	-0.000744103	-0.0354172	-0.000743262	0.999119	-0.0419638	0.0354173	0.0419638	0.998491	0.337229	0.39979	19.1905	
0.999299	-0.000831214	-0.0374325	-0.000830222	0.999016	-0.0443474	0.0374326	0.0443474	0.998315	0.376082	0.445823	20.2554	
0.999221	-0.000923354	-0.0394522	-0.000922194	0.998907	-0.0467356	0.0394522	0.0467356	0.998128	0.417087	0.4944	21.3202	
0.999139	-0.00102055	-0.041476	-0.0010192	0.998792	-0.0491283	0.041476	0.0491283	0.997931	0.460249	0.545528	22.3848	
0.999053	-0.00112283	-0.0435039	-0.00112128	0.998671	-0.0515254	0.0435039	0.0515254	0.997724	0.505571	0.59921	23.4491	
0.998962	-0.00123022	-0.0455357	-0.00122844	0.998544	-0.0539267	0.0455358	0.0539267	0.997506	0.553059	0.655451	24.5132	
0.998867	-0.00134274	-0.0475715	-0.00134072	0.998411	-0.0563322	0.0475716	0.0563322	0.997278	0.602717	0.714256	25.5771	
0.998768	-0.00146042	-0.049611	-0.00145813	0.998272	-0.0587417	0.0496111	0.0587416	0.99704	0.654547	0.775628	26.6408	
0.998664	-0.00158329	-0.0516542	-0.0015807	0.998127	-0.061155	0.0516543	0.0611549	0.996791	0.708556	0.839573	27.7041	
0.998556	-0.00171136	-0.0537009	-0.00170845	0.997976	-0.0635721	0.053701	0.063572	0.996531	0.764745	0.906094	28.7672	
0.998443	-0.00184465	-0.0557511	-0.00184141	0.997818	-0.0659927	0.0557512	0.0659926	0.996261	0.82312	0.975195	29.8301	
0.998326	-0.00198319	-0.0578045	-0.00197958	0.997655	-0.0684168	0.0578047	0.0684167	0.995981	0.883683	1.04688	30.8926	
0.998204	-0.002127	-0.0598612	-0.00212299	0.997485	-0.0708443	0.0598614	0.0708442	0.99569	0.946438	1.12115	31.9548	
0.998078	-0.00227609	-0.061921	-0.00227166	0.997309	-0.073275	0.0619212	0.0732748	0.995388	1.01139	1.19802	33.0167	
0.997948	-0.00243049	-0.0639838	-0.00242561	0.997127	-0.0757087	0.063984	0.0757086	0.995075	1.07854	1.27747	34.0783	
0.997813	-0.00259021	-0.0660495	-0.00258484	0.996939	-0.0781455	0.0660498	0.0781453	0.994752	1.14789	1.35953	35.1395	
0.997673	-0.00275527	-0.068118	-0.00274939	0.996744	-0.080585	0.0681183	0.0805848	0.994417	1.21945	1.44419	36.2004	
0.997529	-0.00292568	-0.0701892	-0.00291925	0.996543	-0.0830272	0.0701894	0.083027	0.994072	1.29321	1.53145	37.261	
0.997381	-0.00310147	-0.0722629	-0.00309446	0.996336	-0.085472	0.0722632	0.0854717	0.993717	1.36919	1.62131	38.3211	
0.997228	-0.00328263	-0.0743391	-0.00327501	0.996122	-0.0879192	0.0743394	0.0879189	0.99335	1.44737	1.71379	39.3809	
0.99707	-0.00346919	-0.0764176	-0.00346092	0.995902	-0.0903687	0.076418	0.0903684	0.992972	1.52778	1.80887	40.4403	
0.996908	-0.00366116	-0.0784983	-0.0036522	0.995676	-0.0928204	0.0784987	0.09282	0.992584	1.6104	1.90657	41.4992	
0.996741	-0.00385855	-0.0805812	-0.00384887	0.995444	-0.0952741	0.0805817	0.0952737	0.992184	1.69524	2.00689	42.5578	
0.996569	-0.00406138	-0.0826661	-0.00405093	0.995205	-0.0977297	0.0826666	0.0977293	0.991774	1.78231	2.10983	43.6159	
0.996393	-0.00426964	-0.0847529	-0.00425839	0.99496	-0.100187	0.0847534	0.100187	0.991352	1.8716	2.21538	44.6736	
0.996212	-0.00448335	-0.0868415	-0.00447126	0.994708	-0.102646	0.0868421	0.102646	0.99092	1.96312	2.32356	45.7308	
0.996027	-0.00470252	-0.0889317	-0.00468954	0.99445	-0.105107	0.0889324	0.105106	0.990477	2.05686	2.43436	46.7875	
0.995837	-0.00492715	-0.0910236	-0.00491325	0.994186	-0.107569	0.0910243	0.107568	0.990022	2.15284	2.54779	47.8438	
0.995642	-0.00515725	-0.0931169	-0.00514238	0.993915	-0.110032	0.0931177	0.110031	0.989557	2.25105	2.66384	48.8996	
0.995442	-0.00539282	-0.0952116	-0.00537694	0.993638	-0.112496	0.0952125	0.112496	0.98908	2.35149	2.78252	49.9548	
0.995238	-0.00563388	-0.0973075	-0.00561694	0.993354	-0.114962	0.0973085	0.114961	0.988592	2.45417	2.90383	51.0096	
0.99503	-0.00588042	-0.0994045	-0.00586237	0.993064	-0.117428	0.0994056	0.117427	0.988094	2.55908	3.02777	52.0638	
0.994816	-0.00613245	-0.101503	-0.00611324	0.992768	-0.119895	0.101504	0.119894	0.987584	2.66624	3.15434	53.1175	
0.994598	-0.00638996	-0.103602	-0.00636955	0.992465	-0.122362	0.103603	0.122361	0.987063	2.77563	3.28354	54.1707	
0.994376	-0.00665296	-0.105701	-0.00663129	0.992156	-0.124831	0.105703	0.124829	0.986532	2.88726	3.41538	55.2232	
0.994148	-0.00692145	-0.107802	-0.00689848	0.99184	-0.127299	0.107803	0.127298	0.985989	3.00113	3.54985	56.2753	
0.993916	-0.00719542	-0.109903	-0.0071711	0.991518	-0.129768	0.109905	0.129766	0.985435	3.11724	3.68695	57.3267	
0.99368	-0.00747488	-0.112005	-0.00744915	0.99119	-0.132236	0.112006	0.132235	0.98487	3.23559	3.82668	58.3775	
0.993438	-0.00775982	-0.114107	-0.00773263	0.990856	-0.134705	0.114109	0.134704	0.984294	3.35619	3.96905	59.4277	
0.993192	-0.00805024	-0.116209	-0.00802154	0.990515	-0.137174	0.116211	0.137172	0.983707	3.47902	4.11405	60.4773	
0.992941	-0.00834614	-0.118311	-0.00831586	0.990167	-0.139642	0.118313	0.13964	0.983109	3.6041	4.26168	61.5263	
0.992686	-0.0086475	-0.120414	-0.0086156	0.989813	-0.14211	0.120416	0.142108	0.9825	3.73142	4.41195	62.5746	
0.992426	-0.00895433	-0.122516	-0.00892074	0.989453	-0.144577	0.122519	0.144575	0.981879	3.86099	4.56485	63.6223	
0.992161	-0.00926661	-0.124618	-0.00923127	0.989087	-0.147044	0.124621	0.147042	0.981248	3.9928	4.72038	64.6693	
0.991892	-0.00958433	-0.12672	-0.0095472	0.988714	-0.14951	0.126723	0.149508	0.980606	4.12685	4.87854	65.7156	
0.991618	-0.0099075	-0.128822	-0.0098685	0.988335	-0.151975	0.128825	0.151972	0.979953	4.26314	5.03933	66.7613	
0.99134	-0.0102361	-0.130923	-0.0101952	0.98795	-0.154439	0.130926	0.154436	0.979289	4.40167	5.20274	67.8062	
0.991057	-0.0105701	-0.133023	-0.0105272	0.987558	-0.156902	0.133027	0.156899	0.978615	4.54245	5.36879	68.8504	
0.990769	-0.0109095	-0.135123	-0.0108645	0.98716	-0.159363	0.135127	0.15936	0.977929	4.68546	5.53746	69.8939	
0.990816	-0.0108535	-0.134779	-0.0107963	0.987241	-0.158869	0.134784	0.158865	0.978057	4.82942	5.70718	70.9371	
0.992965	-0.00832473	-0.118112	-0.00819765	0.990298	-0.138716	0.118121	0.138708	0.983264	4.96431	5.8659	71.9832	
0.994831	-0.0061394	-0.101362	-0.00594226	0.992941	-0.118463	0.101374	0.118452	0.987771	5.08138	6.00306	73.0345	
0.996411	-0.00429905	-0.0845417	-0.00403177	0.995166	-0.0981239	0.0845548	0.0981126	0.991577	5.18055	6.11857	74.0902	
0.997704	-0.00280498	-0.0676626	-0.00246754	0.996973	-0.0777143	0.0676758	0.0777029	0.994677	5.26174	6.21234	75.1496	
0.998711	-0.00165826	-0.0507369	-0.00125068	0.998359	-0.0572483	0.0507486	0.057238	0.99707	5.3249	6.28431	76.2119	
0.999429	-0.000859706	-0.0337765	-0.000382057	0.999325	-0.0367404	0.0337853	0.0367324	0.998754	5.36999	6.33443	77.2764	
0.999859	-0.000409885	-0.0167936	0.000137707	0.999869	-0.0162052	0.016798	0.0162006	0.999728	5.39697	6.36267	78.3423	
1	-0.000309116	0.000199919	0.000308245	0.999991	0.00434269	-0.00020126	-0.00434263	0.999991	5.40582	6.36899	79.4089	
0.999852	-0.000557472	0.0171918	0.000129436	0.99969	0.0248887	-0.0172004	-0.0248828	0.999542	5.39654	6.3534	80.4754	
0.999415	-0.00115478	0.0341701	-0.000398592	0.998968	0.0454182	-0.0341872	-0.0454053	0.998383	5.36913	6.31591	81.541	
0.99869	-0.0021006	0.0511226	-0.00127547	0.997824	0.0659166	-0.0511498	-0.0658955	0.996515	5.32362	6.25655	82.605	
0.997677	-0.00339428	0.0680373	-0.00250056	0.99626	0.0863693	-0.068076	-0.0863388	0.993937	5.26003	6.17535	83.6667	
0.996377	-0.00503488	0.0849022	-0.004073	0.994276	0.106762	-0.0849538	-0.106721	0.990653	5.17841	6.07238	84.7252	
0.99479	-0.00702126	0.101705	-0.00599168	0.991874	0.12708	-0.101771	-0.127027	0.986664	5.07881	5.94771	85.7798	
0.992918	-0.00935198	0.118435	-0.00825522	0.989056	0.147308	-0.118516	-0.147243	0.981974	4.96132	5.80142	86.8298	
0.990762	-0.0120254	0.135078	-0.010862	0.985824	0.167433	-0.135177	-0.167354	0.976586	4.82601	5.63363	87.8744	
0.988324	-0.0150396	0.151625	-0.0138102	0.982179	0.18744	-0.151742	-0.187346	0.970503	4.67298	5.44444	88.9129	
0.985605	-0.0183925	0.168062	-0.0170977	0.978125	0.207315	-0.168198	-0.207204	0.96373	4.50233	5.23401	89.9446	
0.982607	-0.0220816	0.184378	-0.0207222	0.973664	0.227044	-0.184535	-0.226916	0.956272	4.3142	5.00246	90.9687	
0.979333	-0.0261044	0.200561	-0.0246811	0.9688	0.246613	-0.200741	-0.246466	0.948134	4.1087	4.74998	91.9844	
0.975785	-0.0304579	0.216601	-0.0289715	0.963536	0.266007	-0.216804	-0.265841	0.939321	3.886	4.47673	92.9911	
0.971965	-0.0351391	0.232485	-0.0335905	0.957875	0.285213	-0.232713	-0.285027	0.929841	3.64624	4.18292	93.9881	
0.967876	-0.0401447	0.248202	-0.0385347	0.951823	0.304218	-0.248457	-0.30401	0.919699	3.3896	3.86874	94.9745	
0.963521	-0.0454711	0.263741	-0.0438007	0.945382	0.323008	-0.264024	-0.322777	0.908904	3.11626	3.53444	95.9498	
0.958903	-0.0511145	0.279092	-0.0493846	0.938558	0.341569	-0.279403	-0.341314	0.897462	2.82642	3.18024	96.9133	
0.954025	-0.0570709	0.294242	-0.0552826	0.931356	0.359888	-0.294583	-0.359609	0.885382	2.52027	2.80639	97.8642	
0.948891	-0.0633361	0.309182	-0.0614903	0.92378	0.377953	-0.309554	-0.377648	0.872673	2.19805	2.41316	98.8019	
0.943505	-0.0699056	0.323901	-0.0680035	0.915837	0.39575	-0.324305	-0.395419	0.859343	1.85997	2.00083	99.7257	
0.93787	-0.0767747	0.338387	-0.0748174	0.907531	0.413267	-0.338825	-0.412908	0.845402	1.50628	1.5697	100.635	
0.93199	-0.0839385	0.352632	-0.0819273	0.898869	0.430491	-0.353105	-0.430104	0.83086	1.13723	1.12007	101.529	
0.925869	-0.091392	0.366625	-0.089328	0.889856	0.447411	-0.367133	-0.446994	0.815727	0.753077	0.652254	102.407	
0.919512	-0.0991299	0.380355	-0.0970144	0.8805	0.464013	-0.3809	-0.463566	0.800014	0.354103	0.166594	103.269	
