1	0	0	0	1	0	0	0	1	0	0	0	
1	-1.77944e-10	3.11437e-06	-1.77944e-10	1	0.000114273	-3.11437e-06	-0.000114273	1	-1.18204e-06	-4.33717e-05	0.759091	
1	-6.94148e-10	6.15274e-06	-6.93401e-10	1	0.000225517	-6.15274e-06	-0.000225517	1	-4.69934e-06	-0.000172337	1.51818	
1	-1.52238e-09	9.11468e-06	-1.51947e-09	1	0.00033373	-9.11468e-06	-0.00033373	1	-1.0494e-05	-0.000384597	2.27727	
1	-2.63693e-09	1.19997e-05	-2.62986e-09	1	0.000438908	-1.19997e-05	-0.000438908	1	-1.85079e-05	-0.000677848	3.03636	
1	-4.01267e-09	1.48075e-05	-3.99891e-09	1	0.000541049	-1.48075e-05	-0.000541049	1	-2.86825e-05	-0.00104979	3.79545	
1	-5.625e-09	1.75375e-05	-5.60161e-09	1	0.000640149	-1.75375e-05	-0.000640149	1	-4.09589e-05	-0.0014981	4.55455	
1	-7.44993e-09	2.01893e-05	-7.41358e-09	1	0.000736207	-2.01893e-05	-0.000736207	1	-5.52779e-05	-0.00202049	5.31364	
1	-9.464e-09	2.27625e-05	-9.41109e-09	1	0.000829218	-2.27625e-05	-0.000829218	1	-7.15801e-05	-0.00261464	6.07273	
1	-1.16444e-08	2.52567e-05	-1.15711e-08	1	0.000919181	-2.52567e-05	-0.000919181	1	-8.98055e-05	-0.00327824	6.83182	
1	-1.39689e-08	2.76714e-05	-1.38711e-08	0.999999	0.00100609	-2.76714e-05	-0.00100609	0.999999	-0.000109894	-0.00400897	7.59091	
1	-1.64158e-08	3.00061e-05	-1.62895e-08	0.999999	0.00108995	-3.00061e-05	-0.00108995	0.999999	-0.000131785	-0.00480452	8.35	
1	-1.89641e-08	3.22606e-05	-1.88052e-08	0.999999	0.00117076	-3.22606e-05	-0.00117076	0.999999	-0.000155418	-0.00566256	9.10909	
1	-2.15935e-08	3.44343e-05	-2.13978e-08	0.999999	0.0012485	-3.44343e-05	-0.0012485	0.999999	-0.000180732	-0.00658077	9.86818	
1	-2.42842e-08	3.65269e-05	-2.40477e-08	0.999999	0.00132319	-3.65269e-05	-0.00132319	0.999999	-0.000207665	-0.00755685	10.6273	
1	-2.70171e-08	3.85379e-05	-2.67359e-08	0.999999	0.00139481	-3.85379e-05	-0.00139481	0.999999	-0.000236156	-0.00858845	11.3864	
1	-2.97738e-08	4.04668e-05	-2.94442e-08	0.999999	0.00146337	-4.04668e-05	-0.00146337	0.999999	-0.000266142	-0.00967326	12.1454	
1	-3.25365e-08	4.23134e-05	-3.21549e-08	0.999999	0.00152886	-4.23134e-05	-0.00152886	0.999999	-0.00029756	-0.0108089	12.9045	
1	-3.5288e-08	4.40771e-05	-3.48514e-08	0.999999	0.00159129	-4.40771e-05	-0.00159129	0.999999	-0.00033035	-0.0119932	13.6636	
1	-3.80121e-08	4.57576e-05	-3.75176e-08	0.999999	0.00165065	-4.57576e-05	-0.00165065	0.999999	-0.000364446	-0.0132236	14.4227	
1	-4.06929e-08	4.73545e-05	-4.0138e-08	0.999999	0.00170693	-4.73545e-05	-0.00170693	0.999999	-0.000399786	-0.014498	15.1818	
1	-4.33155e-08	4.88673e-05	-4.26981e-08	0.999998	0.00176014	-4.88673e-05	-0.00176014	0.999998	-0.000436307	-0.0158139	15.9409	
1	-4.58654e-08	5.02957e-05	-4.51841e-08	0.999998	0.00181028	-5.02957e-05	-0.00181028	0.999998	-0.000473944	-0.0171691	16.7	
1	-4.83292e-08	5.16393e-05	-4.75828e-08	0.999998	0.00185735	-5.16393e-05	-0.00185735	0.999998	-0.000512633	-0.0185611	17.4591	
1	-5.0694e-08	5.28975e-05	-4.98819e-08	0.999998	0.00190133	-5.28975e-05	-0.00190133	0.999998	-0.000552309	-0.0199877	18.2182	
1	-5.29476e-08	5.40702e-05	-5.20699e-08	0.999998	0.00194224	-5.40702e-05	-0.00194224	0.999998	-0.000592908	-0.0214465	18.9773	
1	-5.50786e-08	5.51568e-05	-5.41359e-08	0.999998	0.00198007	-5.51568e-05	-0.00198007	0.999998	-0.000634365	-0.0229352	19.7363	
1	-5.70765e-08	5.6157e-05	-5.607e-08	0.999998	0.00201482	-5.6157e-05	-0.00201482	0.999998	-0.000676613	-0.0244514	20.4954	
1	-5.89313e-08	5.70704e-05	-5.78629e-08	0.999998	0.00204649	-5.70704e-05	-0.00204649	0.999998	-0.000719588	-0.0259929	21.2545	
1	-6.06339e-08	5.78966e-05	-5.95063e-08	0.999998	0.00207508	-5.78966e-05	-0.00207508	0.999998	-0.000763224	-0.0275572	22.0136	
1	-6.2176e-08	5.86352e-05	-6.09924e-08	0.999998	0.00210058	-5.86352e-05	-0.00210058	0.999998	-0.000807453	-0.0291421	22.7727	
1	-6.355e-08	5.92859e-05	-6.23144e-08	0.999998	0.00212301	-5.92859e-05	-0.00212301	0.999998	-0.000852209	-0.0307451	23.5318	
1	-6.47493e-08	5.98482e-05	-6.34664e-08	0.999998	0.00214235	-5.98482e-05	-0.00214235	0.999998	-0.000897426	-0.032364	24.2909	
1	-6.57677e-08	6.03218e-05	-6.44431e-08	0.999998	0.0021586	-6.03218e-05	-0.0021586	0.999998	-0.000943036	-0.0339964	25.05	
1	-6.66003e-08	6.07063e-05	-6.52401e-08	0.999998	0.00217177	-6.07063e-05	-0.00217177	0.999998	-0.000988972	-0.03564	25.8091	
1	-6.72425e-08	6.10013e-05	-6.58539e-08	0.999998	0.00218186	-6.10013e-05	-0.00218186	0.999998	-0.00103517	-0.0372924	26.5682	
1	-6.7691e-08	6.12066e-05	-6.62817e-08	0.999998	0.00218886	-6.12066e-05	-0.00218886	0.999998	-0.00108155	-0.0389513	27.3272	
1	-6.7943e-08	6.13216e-05	-6.65216e-08	0.999998	0.00219278	-6.13216e-05	-0.00219278	0.999998	-0.00112805	-0.0406143	28.0863	
1	-6.79967e-08	6.13461e-05	-6.65726e-08	0.999998	0.00219361	-6.13461e-05	-0.00219361	0.999998	-0.00117461	-0.0422791	28.8454	
1	-6.7851e-08	6.12796e-05	-6.64344e-08	0.999998	0.00219135	-6.12796e-05	-0.00219135	0.999998	-0.00122115	-0.0439434	29.6045	
1	-6.75058e-08	6.11219e-05	-6.61077e-08	0.999998	0.00218601	-6.11219e-05	-0.00218601	0.999998	-0.00126761	-0.0456048	30.3636	
1	-6.69617e-08	6.08725e-05	-6.5594e-08	0.999998	0.00217759	-6.08725e-05	-0.00217759	0.999998	-0.00131391	-0.047261	31.1227	
1	-6.62204e-08	6.05312e-05	-6.48955e-08	0.999998	0.00216609	-6.05312e-05	-0.00216609	0.999998	-0.00135999	-0.0489096	31.8818	
1	-6.52841e-08	6.00975e-05	-6.40155e-08	0.999998	0.0021515	-6.00975e-05	-0.0021515	0.999998	-0.00140578	-0.0505483	32.6409	
1	-6.41563e-08	5.95711e-05	-6.2958e-08	0.999998	0.00213382	-5.95711e-05	-0.00213382	0.999998	-0.00145119	-0.0521748	33.4	
1	-6.28411e-08	5.89518e-05	-6.1728e-08	0.999998	0.00211307	-5.89518e-05	-0.00211307	0.999998	-0.00149618	-0.0537867	34.159	
1	-6.13435e-08	5.8239e-05	-6.03312e-08	0.999998	0.00208923	-5.8239e-05	-0.00208923	0.999998	-0.00154066	-0.0553817	34.9181	
1	-5.96695e-08	5.74325e-05	-5.87743e-08	0.999998	0.00206231	-5.74325e-05	-0.00206231	0.999998	-0.00158456	-0.0569574	35.6772	
1	-5.78259e-08	5.6532e-05	-5.70648e-08	0.999998	0.00203231	-5.6532e-05	-0.00203231	0.999998	-0.00162782	-0.0585115	36.4363	
1	-5.58204e-08	5.55372e-05	-5.52113e-08	0.999998	0.00199923	-5.55372e-05	-0.00199923	0.999998	-0.00167035	-0.0600416	37.1954	
1	-5.36618e-08	5.44476e-05	-5.3223e-08	0.999998	0.00196307	-5.44476e-05	-0.00196307	0.999998	-0.0017121	-0.0615455	37.9545	
1	-5.13595e-08	5.3263e-05	-5.111e-08	0.999998	0.00192384	-5.3263e-05	-0.00192384	0.999998	-0.00175298	-0.0630207	38.7136	
1	-4.89241e-08	5.1983e-05	-4.88836e-08	0.999998	0.00188153	-5.1983e-05	-0.00188153	0.999998	-0.00179292	-0.0644651	39.4727	
0.999999	7.95319e-07	-0.00128204	-1.58482e-06	1	-0.000615817	0.00128203	0.000615818	0.999999	-0.00132606	-0.0649455	40.2318	
0.999997	-1.69393e-06	-0.00261605	-6.45806e-06	0.999995	-0.00311614	0.00261604	0.00311615	0.999992	0.000153435	-0.063529	40.9908	
0.999992	-7.52057e-06	-0.00395004	-1.46763e-05	0.999984	-0.00561934	0.00395002	0.00561936	0.999976	0.00264555	-0.0602135	41.7499	
0.999986	-1.66884e-05	-0.005284	-2.62468e-05	0.999967	-0.00812534	0.00528396	0.00812536	0.999953	0.00615027	-0.0549967	42.509	
0.999978	-2.92009e-05	-0.00661792	-4.11768e-05	0.999943	-0.010634	0.00661786	0.0106341	0.999922	0.0106676	-0.0478767	43.268	
0.999968	-4.50618e-05	-0.00795179	-5.94727e-05	0.999914	-0.0131453	0.00795169	0.0131454	0.999882	0.0161974	-0.0388513	44.027	
0.999957	-6.42744e-05	-0.00928559	-8.11412e-05	0.999877	-0.0156591	0.00928546	0.0156592	0.999834	0.0227397	-0.0279186	44.786	
0.999944	-8.68419e-05	-0.0106193	-0.000106188	0.999835	-0.0181753	0.0106191	0.0181754	0.999778	0.0302944	-0.0150768	45.545	
0.999929	-0.000112767	-0.011953	-0.000134619	0.999786	-0.0206939	0.0119527	0.020694	0.999714	0.0388614	-0.000324122	46.3039	
0.999912	-0.000142054	-0.0132865	-0.00016644	0.99973	-0.0232146	0.0132862	0.0232148	0.999642	0.0484408	0.0163413	47.0627	
0.999893	-0.000174705	-0.01462	-0.000201656	0.999669	-0.0257375	0.0146196	0.0257377	0.999562	0.0590323	0.034921	47.8215	
0.999873	-0.000210722	-0.0159533	-0.000240271	0.999601	-0.0282624	0.0159529	0.0282626	0.999473	0.070636	0.0554166	48.5802	
0.999851	-0.000250109	-0.0172865	-0.00028229	0.999526	-0.0307893	0.017286	0.0307895	0.999376	0.0832516	0.0778296	49.3389	
0.999827	-0.000292867	-0.0186195	-0.000327717	0.999445	-0.033318	0.018619	0.0333183	0.999271	0.0968792	0.102161	50.0975	
0.999801	-0.000339	-0.0199524	-0.000376556	0.999357	-0.0358484	0.0199518	0.0358488	0.999158	0.111519	0.128413	50.856	
0.999773	-0.000388509	-0.0212852	-0.00042881	0.999263	-0.0383805	0.0212844	0.0383809	0.999036	0.12717	0.156587	51.6144	
0.999744	-0.000441397	-0.0226177	-0.000484483	0.999163	-0.0409142	0.0226169	0.0409147	0.998907	0.143832	0.186683	52.3727	
0.999713	-0.000497666	-0.0239501	-0.000543577	0.999055	-0.0434493	0.0239491	0.0434498	0.998769	0.161506	0.218704	53.1309	
0.99968	-0.000557316	-0.0252823	-0.000606095	0.998942	-0.0459858	0.0252812	0.0459864	0.998622	0.180191	0.252649	53.889	
0.999646	-0.000620352	-0.0266143	-0.000672038	0.998822	-0.0485235	0.0266131	0.0485242	0.998467	0.199887	0.28852	54.647	
0.999609	-0.000686773	-0.0279461	-0.000741409	0.998695	-0.0510625	0.0279447	0.0510632	0.998304	0.220595	0.326318	55.4048	
0.999571	-0.000756581	-0.0292776	-0.000814209	0.998562	-0.0536025	0.0292761	0.0536033	0.998133	0.242312	0.366044	56.1626	
0.999531	-0.000829778	-0.0306089	-0.00089044	0.998422	-0.0561435	0.0306072	0.0561444	0.997953	0.265041	0.407698	56.9202	
0.999489	-0.000906365	-0.03194	-0.000970101	0.998276	-0.0586853	0.0319381	0.0586864	0.997765	0.28878	0.451281	57.6777	
0.999446	-0.000986344	-0.0332708	-0.00105319	0.998123	-0.061228	0.0332687	0.0612291	0.997569	0.313529	0.496795	58.435	
0.999401	-0.00106971	-0.0346013	-0.00113972	0.997964	-0.0637713	0.0345991	0.0637726	0.997365	0.339288	0.544239	59.1921	
0.999354	-0.00115648	-0.0359316	-0.00122968	0.997798	-0.0663153	0.0359291	0.0663166	0.997152	0.366056	0.593613	59.9492	
0.999305	-0.00124663	-0.0372615	-0.00132306	0.997625	-0.0688597	0.0372589	0.0688612	0.99693	0.393835	0.64492	60.706	
0.999254	-0.00134019	-0.0385912	-0.00141988	0.997446	-0.0714046	0.0385883	0.0714061	0.996701	0.422622	0.698157	61.4627	
0.999202	-0.00143713	-0.0399205	-0.00152013	0.997261	-0.0739497	0.0399175	0.0739514	0.996463	0.452419	0.753327	62.2192	
0.999148	-0.00153747	-0.0412496	-0.0016238	0.997069	-0.0764951	0.0412462	0.0764969	0.996216	0.483224	0.810429	62.9755	
0.999092	-0.00164121	-0.0425782	-0.0017309	0.99687	-0.0790406	0.0425747	0.0790425	0.995962	0.515038	0.869463	63.7316	
0.999034	-0.00174835	-0.0439066	-0.00184143	0.996665	-0.081586	0.0439028	0.0815881	0.995699	0.54786	0.93043	64.4875	
0.998975	-0.00185887	-0.0452346	-0.00195537	0.996453	-0.0841314	0.0452305	0.0841336	0.995427	0.58169	0.993329	65.2433	
0.998913	-0.0019728	-0.0465622	-0.00207274	0.996234	-0.0866767	0.0465579	0.086679	0.995148	0.616528	1.05816	65.9988	
0.99885	-0.00209012	-0.0478895	-0.00219352	0.996009	-0.0892216	0.0478848	0.0892241	0.99486	0.652373	1.12492	66.7541	
0.998786	-0.00221083	-0.0492163	-0.00231771	0.995778	-0.0917662	0.0492114	0.0917688	0.994564	0.689226	1.19362	67.5091	
0.998719	-0.00233494	-0.0505428	-0.00244531	0.99554	-0.0943103	0.0505376	0.0943131	0.994259	0.727085	1.26425	68.264	
0.998651	-0.00246245	-0.0518688	-0.00257631	0.995295	-0.0968539	0.0518633	0.0968568	0.993946	0.765951	1.3368	69.0186	
0.998581	-0.00259334	-0.0531945	-0.00271072	0.995044	-0.0993968	0.0531886	0.0993999	0.993625	0.805823	1.41129	69.773	
0.998509	-0.00272763	-0.0545197	-0.00284851	0.994787	-0.101939	0.0545135	0.101942	0.993296	0.846701	1.48771	70.5271	
0.998435	-0.00286531	-0.0558445	-0.0029897	0.994522	-0.10448	0.0558379	0.104484	0.992958	0.888584	1.56606	71.281	
0.99789	-0.00388549	-0.0648174	-0.00399605	0.992641	-0.121025	0.0648107	0.121028	0.990531	0.934377	1.65165	72.0338	
0.997263	-0.00505516	-0.0737668	-0.00515189	0.990485	-0.137526	0.0737601	0.137529	0.987747	0.986973	1.74979	72.7847	
0.996555	-0.0063739	-0.0826894	-0.0064568	0.988053	-0.153978	0.082683	0.153981	0.984608	1.04635	1.86043	73.5333	
0.995767	-0.00784124	-0.091582	-0.00791032	0.985348	-0.170374	0.091576	0.170377	0.981114	1.11249	1.98355	74.2794	
0.994898	-0.00945664	-0.100441	-0.00951192	0.982369	-0.186709	0.100436	0.186712	0.977267	1.18537	2.11908	75.0227	
