1	0	0	0	1	0	0	0	1	0	0	0	
0.99999	-1.89364e-06	0.00439436	-1.89364e-06	1	0.000861844	-0.00439436	-0.000861844	0.99999	-0.00204072	-0.000400236	0.928785	
0.999961	-7.57806e-06	0.0087923	-7.57252e-06	0.999999	0.00172313	-0.0087923	-0.00172313	0.99996	-0.00816453	-0.00160068	1.85755	
0.999913	-1.70569e-05	0.0131937	-1.70347e-05	0.999997	0.00258382	-0.0131937	-0.00258382	0.99991	-0.0183747	-0.00360081	2.78628	
0.999845	-3.03336e-05	0.0175983	-3.02781e-05	0.999994	0.0034439	-0.0175983	-0.0034439	0.999839	-0.0326743	-0.00640005	3.71495	
0.999758	-4.74112e-05	0.0220061	-4.73001e-05	0.999991	0.00430332	-0.0220061	-0.00430332	0.999749	-0.0510665	-0.00999782	4.64355	
0.999651	-6.82925e-05	0.0264169	-6.80979e-05	0.999987	0.00516206	-0.0264169	-0.00516206	0.999638	-0.0735539	-0.0143935	5.57205	
0.999525	-9.298e-05	0.0308305	-9.26685e-05	0.999982	0.00602009	-0.0308305	-0.00602009	0.999506	-0.100139	-0.0195864	6.50045	
0.999379	-0.000121476	0.0352469	-0.000121008	0.999976	0.00687738	-0.0352469	-0.00687737	0.999355	-0.130825	-0.0255759	7.42871	
0.999213	-0.000153782	0.0396657	-0.000153114	0.99997	0.0077339	-0.0396657	-0.00773388	0.999183	-0.165614	-0.0323613	8.35682	
0.999028	-0.0001899	0.044087	-0.000188981	0.999963	0.00858961	-0.044087	-0.00858959	0.998991	-0.204509	-0.0399419	9.28476	
0.998823	-0.000229832	0.0485105	-0.000228605	0.999955	0.00944449	-0.0485105	-0.00944446	0.998778	-0.24751	-0.0483168	10.2125	
0.998598	-0.000273578	0.0529361	-0.000271981	0.999947	0.0102985	-0.0529361	-0.0102985	0.998545	-0.294622	-0.0574853	11.1401	
0.998353	-0.000321139	0.0573637	-0.000319106	0.999938	0.0111516	-0.0573637	-0.0111516	0.998291	-0.345844	-0.0674466	12.0674	
0.998089	-0.000372516	0.0617931	-0.000369973	0.999928	0.0120038	-0.0617931	-0.0120038	0.998017	-0.40118	-0.0781998	12.9945	
0.997805	-0.000427708	0.0662241	-0.000424577	0.999917	0.0128551	-0.0662242	-0.012855	0.997722	-0.460631	-0.0897441	13.9213	
0.997501	-0.000486717	0.0706567	-0.000482913	0.999906	0.0137054	-0.0706567	-0.0137052	0.997407	-0.524198	-0.102079	14.8478	
0.997177	-0.000549541	0.0750906	-0.000544973	0.999894	0.0145546	-0.0750906	-0.0145545	0.99707	-0.591882	-0.115202	15.774	
0.996833	-0.00061618	0.0795257	-0.000610753	0.999881	0.0154029	-0.0795258	-0.0154027	0.996714	-0.663685	-0.129114	16.6999	
0.996469	-0.000686633	0.0839619	-0.000680245	0.999868	0.01625	-0.083962	-0.0162498	0.996336	-0.739608	-0.143813	17.6255	
0.996085	-0.000760899	0.0883991	-0.000753443	0.999854	0.0170961	-0.0883991	-0.0170958	0.995938	-0.819651	-0.159299	18.5507	
0.995681	-0.000838977	0.092837	-0.000830339	0.999839	0.0179411	-0.092837	-0.0179407	0.99552	-0.903816	-0.17557	19.4755	
0.995257	-0.000920864	0.0972755	-0.000910926	0.999823	0.0187849	-0.0972756	-0.0187844	0.99508	-0.992104	-0.192625	20.3999	
0.994813	-0.00100656	0.101714	-0.000995197	0.999807	0.0196275	-0.101715	-0.0196269	0.99462	-1.08451	-0.210463	21.3239	
0.994349	-0.00109606	0.106154	-0.00108314	0.99979	0.0204689	-0.106154	-0.0204682	0.994139	-1.18105	-0.229082	22.2475	
0.993865	-0.00118936	0.110593	-0.00117476	0.999772	0.0213091	-0.110593	-0.0213083	0.993637	-1.2817	-0.248483	23.1706	
0.993361	-0.00128647	0.115033	-0.00127003	0.999754	0.022148	-0.115033	-0.022147	0.993115	-1.38648	-0.268664	24.0933	
0.992837	-0.00138737	0.119472	-0.00136895	0.999735	0.0229856	-0.119473	-0.0229845	0.992571	-1.49539	-0.289623	25.0154	
0.992292	-0.00149207	0.123912	-0.00147151	0.999715	0.0238219	-0.123912	-0.0238206	0.992007	-1.60841	-0.311359	25.937	
0.991728	-0.00160055	0.12835	-0.0015777	0.999695	0.0246569	-0.128351	-0.0246554	0.991422	-1.72556	-0.333871	26.8581	
0.991143	-0.00171282	0.132789	-0.00168752	0.999674	0.0254905	-0.132789	-0.0254888	0.990817	-1.84683	-0.357157	27.7787	
0.990538	-0.00182888	0.137226	-0.00180095	0.999652	0.0263226	-0.137226	-0.0263207	0.99019	-1.97223	-0.381217	28.6986	
0.989913	-0.00194871	0.141663	-0.00191798	0.999629	0.0271534	-0.141663	-0.0271512	0.989542	-2.10174	-0.406049	29.618	
0.989268	-0.00207232	0.146098	-0.0020386	0.999606	0.0279827	-0.146099	-0.0279802	0.988874	-2.23538	-0.431652	30.5368	
0.988603	-0.0021997	0.150533	-0.00216281	0.999583	0.0288105	-0.150534	-0.0288077	0.988185	-2.37313	-0.458024	31.4549	
0.987917	-0.00233084	0.154966	-0.00229058	0.999558	0.0296368	-0.154967	-0.0296337	0.987475	-2.515	-0.485164	32.3724	
0.987211	-0.00246573	0.159398	-0.00242192	0.999533	0.0304616	-0.159399	-0.0304581	0.986744	-2.66099	-0.51307	33.2892	
0.986485	-0.00260439	0.163828	-0.0025568	0.999507	0.0312849	-0.163829	-0.0312809	0.985993	-2.8111	-0.541742	34.2053	
0.985739	-0.00274678	0.168257	-0.00269522	0.999481	0.0321065	-0.168258	-0.0321021	0.98522	-2.96532	-0.571176	35.1208	
0.984973	-0.00289292	0.172684	-0.00283717	0.999454	0.0329265	-0.172685	-0.0329217	0.984427	-3.12365	-0.601373	36.0355	
0.984187	-0.0030428	0.177108	-0.00298263	0.999426	0.0337449	-0.177109	-0.0337396	0.983613	-3.28609	-0.63233	36.9494	
0.98338	-0.0031964	0.181531	-0.00313159	0.999398	0.0345617	-0.181532	-0.0345557	0.982778	-3.45265	-0.664046	37.8626	
0.982553	-0.00335372	0.185951	-0.00328404	0.999369	0.0353767	-0.185953	-0.0353702	0.981922	-3.6233	-0.69652	38.775	
0.981706	-0.00351475	0.190369	-0.00343997	0.999339	0.0361901	-0.19037	-0.0361829	0.981045	-3.79807	-0.729748	39.6866	
0.980839	-0.0036795	0.194784	-0.00359936	0.999309	0.0370017	-0.194786	-0.0369938	0.980148	-3.97693	-0.763731	40.5973	
0.979952	-0.00384794	0.199197	-0.0037622	0.999278	0.0378115	-0.199198	-0.0378029	0.97923	-4.15989	-0.798466	41.5073	
0.979045	-0.00402007	0.203606	-0.00392847	0.999246	0.0386196	-0.203608	-0.0386101	0.978291	-4.34696	-0.833952	42.4163	
0.978117	-0.00419589	0.208013	-0.00409817	0.999214	0.0394258	-0.208015	-0.0394155	0.977331	-4.53811	-0.870187	43.3245	
0.977169	-0.00437538	0.212416	-0.00427128	0.999181	0.0402302	-0.212419	-0.040219	0.976351	-4.73336	-0.907169	44.2318	
0.976202	-0.00455853	0.216817	-0.00444778	0.999148	0.0410328	-0.216819	-0.0410206	0.97535	-4.93269	-0.944896	45.1381	
0.975214	-0.00474535	0.221213	-0.00462767	0.999114	0.0418334	-0.221216	-0.0418202	0.974328	-5.13612	-0.983367	46.0436	
0.974206	-0.00493581	0.225606	-0.00481092	0.999079	0.0426322	-0.225609	-0.0426179	0.973285	-5.34362	-1.02258	46.948	
0.973178	-0.00512991	0.229996	-0.00499753	0.999044	0.043429	-0.229999	-0.0434136	0.972222	-5.5552	-1.06253	47.8515	
0.97213	-0.00532764	0.234381	-0.00518747	0.999008	0.0442239	-0.234385	-0.0442072	0.971138	-5.77086	-1.10322	48.754	
0.971062	-0.00552899	0.238763	-0.00538073	0.998972	0.0450168	-0.238766	-0.0449988	0.970034	-5.99059	-1.14465	49.6555	
0.969974	-0.00573395	0.24314	-0.0055773	0.998935	0.0458077	-0.243144	-0.0457883	0.968909	-6.21438	-1.18681	50.5559	
0.968866	-0.00594251	0.247513	-0.00577717	0.998897	0.0465965	-0.247517	-0.0465757	0.967763	-6.44224	-1.2297	51.4553	
0.967738	-0.00615466	0.251882	-0.00598031	0.998859	0.0473834	-0.251886	-0.047361	0.966597	-6.67416	-1.27333	52.3536	
0.966591	-0.00637039	0.256246	-0.0061867	0.99882	0.0481681	-0.25625	-0.0481442	0.965411	-6.91014	-1.31768	53.2508	
0.965423	-0.00658969	0.260605	-0.00639635	0.998781	0.0489508	-0.26061	-0.0489251	0.964204	-7.15017	-1.36276	54.1469	
0.964235	-0.00681254	0.26496	-0.00660922	0.998741	0.0497313	-0.264965	-0.0497039	0.962976	-7.39424	-1.40856	55.0419	
0.963028	-0.00703894	0.269309	-0.0068253	0.9987	0.0505097	-0.269315	-0.0504804	0.961728	-7.64236	-1.45509	55.9357	
0.960913	-0.0074286	0.276752	-0.00674096	0.998716	0.050213	-0.276769	-0.0501159	0.959629	-7.89596	-1.5018	56.828	
0.958739	-0.00781551	0.284179	-0.00665486	0.998731	0.0499188	-0.284209	-0.0497503	0.957471	-8.15647	-1.54818	57.7183	
0.956508	-0.00819965	0.291591	-0.00656698	0.998746	0.0496269	-0.291632	-0.0493834	0.955255	-8.42389	-1.59422	58.6065	
0.954219	-0.008581	0.298986	-0.00647729	0.998761	0.0493371	-0.299039	-0.049015	0.952981	-8.6982	-1.63991	59.4927	
0.951872	-0.00895954	0.306365	-0.00638578	0.998776	0.0490494	-0.306429	-0.0486451	0.95065	-8.97937	-1.68527	60.3767	
0.949468	-0.00933524	0.313726	-0.00629241	0.998791	0.0487636	-0.313802	-0.0482735	0.948261	-9.26741	-1.73027	61.2586	
0.947006	-0.00970808	0.321069	-0.00619716	0.998805	0.0484794	-0.321156	-0.0479	0.945814	-9.56228	-1.77494	62.1382	
0.944487	-0.010078	0.328393	-0.00609997	0.998819	0.0481968	-0.328491	-0.0475245	0.943311	-9.86397	-1.81925	63.0155	
0.941912	-0.0104451	0.335698	-0.00600082	0.998833	0.0479156	-0.335807	-0.0471467	0.94075	-10.1725	-1.86322	63.8904	
0.939279	-0.0108092	0.342983	-0.00589966	0.998847	0.0476356	-0.343103	-0.0467666	0.938133	-10.4878	-1.90683	64.763	
0.936591	-0.0111704	0.350248	-0.00579643	0.998861	0.0473567	-0.350378	-0.0463841	0.935459	-10.8098	-1.95009	65.6331	
0.933845	-0.0115286	0.357491	-0.0056911	0.998875	0.0470788	-0.357632	-0.0459988	0.932729	-11.1386	-1.99299	66.5007	
0.931044	-0.0118838	0.364713	-0.0055836	0.998889	0.0468016	-0.364864	-0.0456108	0.929943	-11.4741	-2.03553	67.3657	
0.928187	-0.0122359	0.371913	-0.00547387	0.998902	0.0465251	-0.372073	-0.0452198	0.927101	-11.8164	-2.07772	68.2281	
0.925275	-0.012585	0.379089	-0.00536185	0.998916	0.0462491	-0.37926	-0.0448257	0.924204	-12.1653	-2.11953	69.0878	
0.922307	-0.012931	0.386243	-0.00524748	0.998929	0.0459735	-0.386423	-0.0444284	0.921251	-12.5209	-2.16098	69.9448	
0.913584	-0.0138233	0.406415	-0.00229744	0.999231	0.039151	-0.406643	-0.0367014	0.91285	-12.8892	-2.19866	70.7966	
0.904419	-0.0145454	0.426397	0.000802211	0.999475	0.0323929	-0.426644	-0.0289547	0.903956	-13.2762	-2.22915	71.6404	
0.894817	-0.0150969	0.446177	0.0040498	0.999661	0.0257027	-0.446414	-0.0211923	0.894575	-13.6816	-2.25244	72.4756	
0.884783	-0.0154776	0.465747	0.00744358	0.99979	0.0190841	-0.465944	-0.0134185	0.884712	-14.1053	-2.26851	73.302	
0.874321	-0.0156872	0.485094	0.0109817	0.999861	0.0125407	-0.485223	-0.00563746	0.874372	-14.5471	-2.27736	74.1189	
0.863439	-0.0157256	0.504208	0.0146623	0.999874	0.00607598	-0.50424	0.00214662	0.863561	-15.0066	-2.27899	74.926	
0.852141	-0.0155927	0.52308	0.0184834	0.999829	-0.000306595	-0.522985	0.00992954	0.852284	-15.4836	-2.27338	75.7229	
0.840434	-0.0152888	0.541698	0.0224428	0.999726	-0.00660356	-0.541449	0.0177071	0.840547	-15.978	-2.26054	76.5091	
0.828324	-0.0148138	0.560053	0.0265386	0.999566	-0.0128115	-0.55962	0.0254751	0.828358	-16.4893	-2.24049	77.2841	
0.815818	-0.0141682	0.578135	0.0307684	0.999347	-0.0189272	-0.57749	0.0332294	0.815721	-17.0174	-2.21322	78.0477	
0.802922	-0.0133522	0.595935	0.03513	0.999071	-0.0249471	-0.595048	0.0409658	0.802645	-17.562	-2.17877	78.7993	
0.789643	-0.0123662	0.613442	0.039621	0.998738	-0.0308682	-0.612286	0.0486801	0.789136	-18.1227	-2.13713	79.5385	
0.775989	-0.0112109	0.630647	0.044239	0.998347	-0.0366872	-0.629193	0.0563681	0.775202	-18.6992	-2.08835	80.265	
0.761966	-0.00988672	0.647541	0.0489816	0.997899	-0.042401	-0.645761	0.0640257	0.76085	-19.2913	-2.03244	80.9784	
0.747583	-0.00839452	0.664115	0.0538461	0.997395	-0.0480065	-0.661982	0.0716489	0.746088	-19.8987	-1.96943	81.6782	
0.732848	-0.00673506	0.68036	0.05883	0.996833	-0.0535007	-0.677845	0.0792334	0.730923	-20.5209	-1.89935	82.3642	
0.717767	-0.00490924	0.696266	0.0639305	0.996216	-0.0588805	-0.693342	0.0867752	0.715364	-21.1577	-1.82226	83.0359	
0.702349	-0.00291804	0.711827	0.0691449	0.995542	-0.0641432	-0.708466	0.0942702	0.69942	-21.8087	-1.73818	83.6929	
0.686603	-0.00076253	0.727032	0.0744705	0.994813	-0.0692859	-0.723208	0.101714	0.683099	-22.4736	-1.64716	84.335	
0.670537	0.00155612	0.741874	0.0799042	0.994029	-0.0743058	-0.73756	0.109104	0.666409	-23.152	-1.54925	84.9617	
0.65416	0.00403667	0.756346	0.0854433	0.99319	-0.0792002	-0.751515	0.116434	0.64936	-23.8436	-1.44451	85.5728	
0.63748	0.00667777	0.770438	0.0910846	0.992297	-0.0839664	-0.765064	0.123702	0.631961	-24.5479	-1.33299	86.1678	
