1	0	0	0	1	0	0	0	1	0	0	0	
1	-1.24681e-06	-0.000780392	-1.24681e-06	0.999995	-0.00319533	0.000780392	0.00319533	0.999995	0.000305851	0.00125231	0.783837	
0.999999	-4.99204e-06	-0.00156139	-4.99389e-06	0.99998	-0.00639549	0.00156139	0.00639549	0.999978	0.00122364	0.00501114	1.56767	
0.999997	-1.12432e-05	-0.00234296	-1.12506e-05	0.999954	-0.00960039	0.00234296	0.00960039	0.999951	0.00275383	0.0112802	2.35148	
0.999995	-2.00077e-05	-0.00312509	-2.00262e-05	0.999918	-0.0128099	0.00312509	0.0128099	0.999913	0.00489686	0.0200633	3.13526	
0.999992	-3.12927e-05	-0.00390775	-3.13297e-05	0.999872	-0.0160241	0.00390775	0.0160241	0.999864	0.00765317	0.0313639	3.91901	
0.999989	-4.5105e-05	-0.00469093	-4.51699e-05	0.999815	-0.0192427	0.00469093	0.0192427	0.999804	0.0110232	0.0451856	4.70272	
0.999985	-6.14514e-05	-0.00547459	-6.15555e-05	0.999748	-0.0224657	0.00547459	0.0224657	0.999733	0.0150072	0.061532	5.48638	
0.99998	-8.03386e-05	-0.00625872	-8.04948e-05	0.99967	-0.025693	0.00625872	0.025693	0.99965	0.0196057	0.0804063	6.26998	
0.999975	-0.000101773	-0.00704329	-0.000101996	0.999582	-0.0289245	0.00704329	0.0289245	0.999557	0.0248191	0.101812	7.05351	
0.999969	-0.00012576	-0.00782828	-0.000126068	0.999483	-0.0321602	0.00782828	0.0321602	0.999452	0.0306475	0.125752	7.83696	
0.999963	-0.000152307	-0.00861367	-0.000152718	0.999373	-0.0353999	0.00861367	0.0353999	0.999336	0.0370914	0.15223	8.62032	
0.999956	-0.000181418	-0.00939944	-0.000181953	0.999253	-0.0386436	0.00939943	0.0386436	0.999209	0.0441511	0.18125	9.40359	
0.999948	-0.0002131	-0.0101856	-0.000213782	0.999122	-0.0418911	0.0101855	0.0418911	0.99907	0.0518268	0.212813	10.1868	
0.99994	-0.000247358	-0.010972	-0.000248211	0.998981	-0.0451424	0.010972	0.0451424	0.99892	0.0601189	0.246923	10.9698	
0.999931	-0.000284197	-0.0117588	-0.000285249	0.998828	-0.0483974	0.0117587	0.0483974	0.998759	0.0690275	0.283583	11.7527	
0.999921	-0.000323623	-0.0125458	-0.000324901	0.998665	-0.0516561	0.0125458	0.0516561	0.998586	0.0785529	0.322796	12.5355	
0.999911	-0.000365639	-0.0133331	-0.000367175	0.998491	-0.0549182	0.013333	0.0549182	0.998402	0.0886953	0.364564	13.3182	
0.9999	-0.000410251	-0.0141206	-0.000412077	0.998306	-0.0581838	0.0141206	0.0581838	0.998206	0.0994549	0.408891	14.1007	
0.999889	-0.000457463	-0.0149084	-0.000459614	0.99811	-0.0614527	0.0149083	0.0614527	0.997999	0.110832	0.455779	14.8831	
0.999877	-0.000507279	-0.0156963	-0.000509791	0.997903	-0.0647249	0.0156963	0.0647249	0.99778	0.122826	0.505231	15.6652	
0.999864	-0.000559703	-0.0164845	-0.000562616	0.997685	-0.0680002	0.0164844	0.0680002	0.997549	0.135439	0.557248	16.4472	
0.999851	-0.00061474	-0.0172727	-0.000618093	0.997456	-0.0712786	0.0172726	0.0712787	0.997307	0.148669	0.611834	17.2291	
0.999837	-0.000672393	-0.0180611	-0.000676229	0.997216	-0.07456	0.018061	0.0745601	0.997053	0.162517	0.668991	18.0107	
0.999822	-0.000732665	-0.0188497	-0.00073703	0.996965	-0.0778444	0.0188495	0.0778444	0.996787	0.176983	0.728722	18.7921	
0.999807	-0.000795559	-0.0196383	-0.000800499	0.996703	-0.0811315	0.0196381	0.0811315	0.99651	0.192067	0.791027	19.5733	
0.999791	-0.00086108	-0.0204269	-0.000866643	0.99643	-0.0844214	0.0204267	0.0844214	0.996221	0.207769	0.855911	20.3543	
0.999774	-0.000929229	-0.0212156	-0.000935467	0.996145	-0.0877139	0.0212153	0.0877139	0.99592	0.224089	0.923374	21.1351	
0.999757	-0.00100001	-0.0220043	-0.00100698	0.99585	-0.0910089	0.022004	0.091009	0.995607	0.241028	0.993419	21.9156	
0.99974	-0.00107343	-0.0227931	-0.00108117	0.995543	-0.0943065	0.0227927	0.0943065	0.995282	0.258584	1.06605	22.6959	
0.999721	-0.00114948	-0.0235817	-0.00115806	0.995224	-0.0976064	0.0235813	0.0976065	0.994946	0.276759	1.14126	23.4759	
0.999702	-0.00122817	-0.0243704	-0.00123765	0.994895	-0.100909	0.0243699	0.100909	0.994597	0.295552	1.21906	24.2556	
0.999683	-0.0013095	-0.025159	-0.00131994	0.994554	-0.104213	0.0251584	0.104213	0.994237	0.314963	1.29946	25.0351	
0.999662	-0.00139347	-0.0259474	-0.00140494	0.994202	-0.107519	0.0259468	0.10752	0.993864	0.334992	1.38244	25.8143	
0.999641	-0.00148009	-0.0267358	-0.00149264	0.993838	-0.110828	0.0267351	0.110828	0.99348	0.35564	1.46801	26.5931	
0.99962	-0.00156935	-0.0275241	-0.00158306	0.993464	-0.114138	0.0275233	0.114139	0.993083	0.376904	1.55618	27.3717	
0.999598	-0.00166126	-0.0283121	-0.00167619	0.993077	-0.117451	0.0283113	0.117451	0.992675	0.398787	1.64695	28.15	
0.999575	-0.00175582	-0.0291	-0.00177205	0.99268	-0.120765	0.0290991	0.120765	0.992255	0.421287	1.74031	28.9279	
0.999552	-0.00185303	-0.0298878	-0.00187063	0.99227	-0.124081	0.0298867	0.124081	0.991822	0.444405	1.83627	29.7055	
0.999527	-0.00195289	-0.0306752	-0.00197193	0.99185	-0.127398	0.030674	0.127398	0.991377	0.46814	1.93483	30.4828	
0.999503	-0.0020554	-0.0314625	-0.00207596	0.991418	-0.130717	0.0314612	0.130717	0.99092	0.492492	2.03599	31.2597	
0.999478	-0.00216056	-0.0322495	-0.00218272	0.990974	-0.134037	0.032248	0.134038	0.990451	0.517461	2.13975	32.0362	
0.999452	-0.00226837	-0.0330362	-0.00229221	0.990519	-0.137359	0.0330346	0.137359	0.98997	0.543046	2.24612	32.8124	
0.999425	-0.00237883	-0.0338226	-0.00240444	0.990052	-0.140682	0.0338208	0.140682	0.989477	0.569248	2.35509	33.5881	
0.999398	-0.00249194	-0.0346087	-0.0025194	0.989574	-0.144006	0.0346067	0.144006	0.988971	0.596066	2.46666	34.3635	
0.99937	-0.0026077	-0.0353944	-0.00263711	0.989084	-0.147331	0.0353922	0.147331	0.988454	0.6235	2.58084	35.1385	
0.999342	-0.00272612	-0.0361798	-0.00275755	0.988582	-0.150657	0.0361774	0.150657	0.987924	0.65155	2.69763	35.9131	
0.999313	-0.00284718	-0.0369648	-0.00288074	0.988069	-0.153984	0.0369622	0.153984	0.987382	0.680215	2.81702	36.6873	
0.999283	-0.00297089	-0.0377493	-0.00300667	0.987544	-0.157311	0.0377465	0.157312	0.986827	0.709494	2.93903	37.461	
0.999253	-0.00309725	-0.0385335	-0.00313534	0.987008	-0.16064	0.0385304	0.160641	0.986261	0.739389	3.06364	38.2343	
0.999222	-0.00322626	-0.0393172	-0.00326676	0.98646	-0.163969	0.0393138	0.16397	0.985682	0.769897	3.19086	39.0071	
0.99919	-0.00335791	-0.0401004	-0.00340092	0.9859	-0.167299	0.0400968	0.167299	0.98509	0.80102	3.32069	39.7795	
0.999158	-0.00349221	-0.0408831	-0.00353783	0.985329	-0.170629	0.0408792	0.17063	0.984487	0.832756	3.45313	40.5514	
0.999125	-0.00362915	-0.0416653	-0.00367749	0.984746	-0.173959	0.0416611	0.17396	0.983871	0.865105	3.58818	41.3229	
0.999092	-0.00376873	-0.042447	-0.0038199	0.984151	-0.17729	0.0424424	0.177291	0.983243	0.898067	3.72585	42.0938	
0.999084	-0.00380115	-0.0426237	-0.0040837	0.983032	-0.183387	0.0425976	0.183393	0.982116	0.931396	3.8672	42.8641	
0.999076	-0.00383535	-0.0428037	-0.0043486	0.981875	-0.189479	0.0427546	0.18949	0.980951	0.964847	4.01335	43.6335	
0.999068	-0.00387134	-0.042987	-0.00461461	0.980679	-0.195567	0.0429136	0.195583	0.979748	0.998422	4.16426	44.4019	
0.99906	-0.00390915	-0.0431734	-0.00488173	0.979445	-0.201651	0.0430742	0.201672	0.978506	1.03212	4.31996	45.1694	
0.999052	-0.0039488	-0.0433628	-0.00514998	0.978173	-0.207729	0.0432366	0.207755	0.977225	1.06595	4.48042	45.9359	
0.999043	-0.0039903	-0.043555	-0.00541935	0.976862	-0.213802	0.0434004	0.213833	0.975906	1.0999	4.64565	46.7013	
0.999034	-0.00403368	-0.0437501	-0.00568986	0.975513	-0.219869	0.0435657	0.219905	0.974548	1.13399	4.81564	47.4658	
0.999026	-0.00407894	-0.0439478	-0.00596151	0.974125	-0.225929	0.0437322	0.225971	0.973152	1.1682	4.99039	48.2291	
0.999016	-0.0041261	-0.0441481	-0.0062343	0.9727	-0.231983	0.0439	0.232031	0.971717	1.20255	5.16989	48.9913	
0.999007	-0.00417517	-0.0443508	-0.00650824	0.971236	-0.238031	0.0440689	0.238083	0.970244	1.23702	5.35413	49.7524	
0.998998	-0.00422616	-0.0445558	-0.00678332	0.969734	-0.244071	0.0442387	0.244129	0.968733	1.27163	5.54312	50.5124	
0.998988	-0.00427907	-0.044763	-0.00705956	0.968193	-0.250103	0.0444095	0.250167	0.967184	1.30638	5.73685	51.2711	
0.998979	-0.00433391	-0.0449724	-0.00733696	0.966615	-0.256128	0.044581	0.256197	0.965596	1.34125	5.9353	52.0286	
0.998969	-0.00439068	-0.0451837	-0.0076155	0.964999	-0.262145	0.0447532	0.262218	0.96397	1.37627	6.13848	52.7848	
0.998959	-0.00444939	-0.0453969	-0.0078952	0.963344	-0.268152	0.0449259	0.268232	0.962306	1.41141	6.34637	53.5398	
0.998949	-0.00451003	-0.0456118	-0.00817606	0.961652	-0.274151	0.0450991	0.274236	0.960604	1.4467	6.55898	54.2934	
0.998939	-0.0045726	-0.0458284	-0.00845806	0.959922	-0.280141	0.0452726	0.280232	0.958864	1.48211	6.77628	55.0457	
0.998929	-0.00463709	-0.0460465	-0.00874122	0.958154	-0.286121	0.0454464	0.286217	0.957086	1.51767	6.99829	55.7966	
0.998918	-0.0047035	-0.0462661	-0.00902552	0.956348	-0.292092	0.0456203	0.292193	0.955271	1.55336	7.22498	56.5461	
0.998907	-0.00477182	-0.046487	-0.00931097	0.954504	-0.298052	0.0457943	0.298159	0.953417	1.58919	7.45635	57.2941	
0.998897	-0.00484205	-0.0467091	-0.00959756	0.952623	-0.304001	0.0459682	0.304114	0.951526	1.62515	7.69239	58.0407	
0.998886	-0.00491415	-0.0469323	-0.00988528	0.950705	-0.309939	0.0461419	0.310058	0.949597	1.66125	7.9331	58.7858	
0.998875	-0.00498814	-0.0471565	-0.0101741	0.948749	-0.315867	0.0463153	0.315991	0.947631	1.69749	8.17846	59.5294	
0.998864	-0.00506398	-0.0473816	-0.0104641	0.946756	-0.321782	0.0464883	0.321913	0.945627	1.73386	8.42847	60.2714	
0.998853	-0.00514166	-0.0476075	-0.0107552	0.944725	-0.327686	0.0466609	0.327822	0.943586	1.77036	8.68311	61.0118	
0.998842	-0.00522116	-0.047834	-0.0110474	0.942658	-0.333578	0.0468328	0.33372	0.941508	1.80701	8.94238	61.7506	
0.99883	-0.00530247	-0.0480612	-0.0113407	0.940553	-0.339457	0.047004	0.339605	0.939393	1.84378	9.20627	62.4878	
0.998819	-0.00538554	-0.0482887	-0.0116351	0.938412	-0.345323	0.0471745	0.345477	0.937241	1.88069	9.47477	63.2232	
0.998807	-0.00547037	-0.0485167	-0.0119306	0.936233	-0.351176	0.047344	0.351336	0.935052	1.91774	9.74787	63.957	
0.998796	-0.00555693	-0.0487448	-0.0122271	0.934018	-0.357016	0.0475125	0.357182	0.932826	1.95491	10.0255	64.6891	
0.998784	-0.00564518	-0.0489732	-0.0125247	0.931767	-0.362841	0.0476799	0.363013	0.930563	1.99222	10.3078	65.4194	
0.998772	-0.00573509	-0.0492016	-0.0128234	0.929479	-0.368653	0.0478461	0.368831	0.928264	2.02966	10.5946	66.1479	
0.998761	-0.00582664	-0.0494299	-0.0131231	0.927154	-0.37445	0.0480109	0.374634	0.925929	2.06723	10.886	66.8746	
0.998749	-0.00591979	-0.049658	-0.0134238	0.924794	-0.380232	0.0481743	0.380423	0.923557	2.10493	11.1819	67.5995	
0.998737	-0.0060145	-0.0498859	-0.0137255	0.922397	-0.385999	0.0483362	0.386197	0.921149	2.14275	11.4824	68.3224	
0.998725	-0.00611074	-0.0501135	-0.0140282	0.919964	-0.391751	0.0484965	0.391955	0.918705	2.1807	11.7874	69.0435	
0.998713	-0.00620846	-0.0503406	-0.014332	0.917496	-0.397487	0.048655	0.397697	0.916226	2.21878	12.0968	69.7627	
0.998887	-0.00468948	-0.0469311	-0.0152293	0.909676	-0.415039	0.0446384	0.415292	0.908592	2.25534	12.4155	70.4779	
0.999046	-0.00310505	-0.0435508	-0.0160492	0.901519	-0.432441	0.0406046	0.432728	0.90061	2.28875	12.7478	71.1869	
0.999191	-0.00145577	-0.040201	-0.0167914	0.893029	-0.449686	0.0365553	0.449997	0.892281	2.31899	13.0938	71.8896	
0.99932	0.000257711	-0.0368829	-0.0174555	0.884208	-0.466768	0.0324919	0.467094	0.883611	2.34605	13.4533	72.5857	
0.999433	0.00203474	-0.0335979	-0.0180413	0.87506	-0.483679	0.028416	0.484011	0.8746	2.36993	13.826	73.2748	
0.999532	0.00387465	-0.0303472	-0.0185487	0.865588	-0.500414	0.0243292	0.500742	0.865254	2.3906	14.212	73.9567	
0.999615	0.00577671	-0.027132	-0.0189773	0.855796	-0.516966	0.0202331	0.517282	0.855576	2.40806	14.611	74.6311	
0.999683	0.00774021	-0.0239536	-0.019327	0.845688	-0.533328	0.0161292	0.533622	0.845569	2.42231	15.0229	75.2978	
