1	0	0	0	1	0	0	0	1	0	0	0	
1	4.14827e-09	4.85861e-05	4.14827e-09	1	-0.000170759	-4.85861e-05	0.000170759	1	-2.00725e-05	7.05461e-05	0.826263	
1	1.69771e-08	9.82886e-05	1.69782e-08	1	-0.000345465	-9.82886e-05	0.000345465	1	-8.0751e-05	0.000283814	1.65253	
1	3.90716e-08	0.000149105	3.9076e-08	1	-0.00052411	-0.000149105	0.00052411	1	-0.000182957	0.000643063	2.47879	
1	7.10287e-08	0.000201034	7.10401e-08	1	-0.000706688	-0.000201034	0.000706688	1	-0.000327611	0.00115154	3.30505	
1	1.13457e-07	0.000254074	1.1348e-07	1	-0.000893194	-0.000254074	0.000893194	1	-0.00051563	0.00181251	4.13131	
1	1.66977e-07	0.000308221	1.67018e-07	0.999999	-0.00108362	-0.000308221	0.00108362	0.999999	-0.000747932	0.00262919	4.95757	
1	2.32219e-07	0.000363474	2.32287e-07	0.999999	-0.00127796	-0.000363474	0.00127796	0.999999	-0.00102543	0.00360483	5.78384	
1	3.09828e-07	0.000419831	3.09932e-07	0.999999	-0.00147621	-0.000419831	0.00147621	0.999999	-0.00134904	0.00474267	6.6101	
1	4.00456e-07	0.000477289	4.00608e-07	0.999999	-0.00167836	-0.000477289	0.00167836	0.999998	-0.00171967	0.00604592	7.43636	
1	5.04769e-07	0.000535847	5.04983e-07	0.999998	-0.0018844	-0.000535847	0.0018844	0.999998	-0.00213823	0.00751781	8.26262	
1	6.23444e-07	0.000595501	6.23734e-07	0.999998	-0.00209433	-0.000595501	0.00209433	0.999998	-0.00260562	0.00916155	9.08888	
1	7.57167e-07	0.00065625	7.57552e-07	0.999997	-0.00230814	-0.00065625	0.00230814	0.999997	-0.00312276	0.0109803	9.91514	
1	9.06636e-07	0.000718091	9.07136e-07	0.999997	-0.00252582	-0.000718091	0.00252582	0.999997	-0.00369054	0.0129774	10.7414	
1	1.07256e-06	0.000781022	1.0732e-06	0.999996	-0.00274736	-0.000781022	0.00274736	0.999996	-0.00430987	0.0151559	11.5677	
1	1.25566e-06	0.00084504	1.25645e-06	0.999996	-0.00297276	-0.00084504	0.00297276	0.999995	-0.00498165	0.0175191	12.3939	
1	1.45665e-06	0.000910143	1.45764e-06	0.999995	-0.00320201	-0.000910143	0.00320201	0.999994	-0.00570677	0.0200701	13.2202	
1	1.67629e-06	0.000976328	1.6775e-06	0.999994	-0.0034351	-0.000976328	0.0034351	0.999994	-0.00648613	0.0228121	14.0464	
0.999999	1.91532e-06	0.00104359	1.91679e-06	0.999993	-0.00367202	-0.00104359	0.00367202	0.999993	-0.00732062	0.0257483	14.8727	
0.999999	2.1745e-06	0.00111193	2.17626e-06	0.999992	-0.00391277	-0.00111193	0.00391277	0.999992	-0.00821114	0.0288818	15.699	
0.999999	2.4546e-06	0.00118135	2.45669e-06	0.999991	-0.00415734	-0.00118135	0.00415734	0.999991	-0.00915857	0.0322158	16.5252	
0.999999	2.7564e-06	0.00125184	2.75886e-06	0.99999	-0.00440571	-0.00125184	0.00440571	0.99999	-0.0101638	0.0357534	17.3515	
0.999999	3.08069e-06	0.00132339	3.08356e-06	0.999989	-0.00465788	-0.00132339	0.00465788	0.999988	-0.0112277	0.0394979	18.1777	
0.999999	3.42825e-06	0.00139602	3.43159e-06	0.999988	-0.00491384	-0.00139602	0.00491384	0.999987	-0.0123512	0.0434523	19.004	
0.999999	3.79991e-06	0.0014697	3.80377e-06	0.999987	-0.00517358	-0.0014697	0.00517358	0.999986	-0.0135351	0.0476197	19.8302	
0.999999	4.19648e-06	0.00154445	4.20092e-06	0.999985	-0.0054371	-0.00154445	0.0054371	0.999984	-0.0147803	0.0520033	20.6565	
0.999999	4.61877e-06	0.00162026	4.62385e-06	0.999984	-0.00570437	-0.00162026	0.00570437	0.999982	-0.0160878	0.0566062	21.4827	
0.999999	5.06763e-06	0.00169712	5.07342e-06	0.999982	-0.00597541	-0.00169712	0.00597541	0.999981	-0.0174583	0.0614315	22.309	
0.999998	5.5439e-06	0.00177503	5.55046e-06	0.99998	-0.00625018	-0.00177503	0.00625018	0.999979	-0.0188927	0.0664822	23.1352	
0.999998	6.04843e-06	0.00185399	6.05584e-06	0.999979	-0.0065287	-0.00185399	0.0065287	0.999977	-0.020392	0.0717616	23.9615	
0.999998	6.58207e-06	0.00193399	6.59041e-06	0.999977	-0.00681094	-0.00193399	0.00681094	0.999975	-0.0219569	0.0772726	24.7877	
0.999998	7.14569e-06	0.00201504	7.15505e-06	0.999975	-0.00709689	-0.00201504	0.00709689	0.999973	-0.0235884	0.0830184	25.6139	
0.999998	7.74018e-06	0.00209713	7.75063e-06	0.999973	-0.00738655	-0.00209713	0.00738655	0.999971	-0.0252873	0.0890019	26.4402	
0.999998	8.36641e-06	0.00218026	8.37805e-06	0.999971	-0.00767991	-0.00218026	0.00767991	0.999968	-0.0270544	0.0952264	27.2664	
0.999997	9.02527e-06	0.00226442	9.0382e-06	0.999968	-0.00797695	-0.00226442	0.00797695	0.999966	-0.0288906	0.101695	28.0926	
0.999997	9.71766e-06	0.00234961	9.73199e-06	0.999966	-0.00827767	-0.00234961	0.00827767	0.999963	-0.0307968	0.10841	28.9189	
0.999997	1.04445e-05	0.00243583	1.04603e-05	0.999963	-0.00858205	-0.00243583	0.00858205	0.99996	-0.0327738	0.115375	29.7451	
0.999997	1.12067e-05	0.00252307	1.12241e-05	0.99996	-0.00889009	-0.00252307	0.00889009	0.999957	-0.0348225	0.122594	30.5713	
0.999997	1.20051e-05	0.00261133	1.20243e-05	0.999958	-0.00920178	-0.00261133	0.00920178	0.999954	-0.0369437	0.130068	31.3976	
0.999996	1.28408e-05	0.00270061	1.28618e-05	0.999955	-0.00951709	-0.00270061	0.00951709	0.999951	-0.0391382	0.137801	32.2238	
0.999996	1.37145e-05	0.0027909	1.37376e-05	0.999952	-0.00983603	-0.0027909	0.00983603	0.999948	-0.041407	0.145797	33.05	
0.999996	1.46274e-05	0.00288221	1.46526e-05	0.999948	-0.0101586	-0.00288221	0.0101586	0.999944	-0.0437507	0.154057	33.8762	
0.999996	1.55803e-05	0.00297452	1.56077e-05	0.999945	-0.0104847	-0.00297452	0.0104847	0.999941	-0.0461703	0.162585	34.7024	
0.999995	1.65741e-05	0.00306784	1.6604e-05	0.999942	-0.0108145	-0.00306784	0.0108145	0.999937	-0.0486666	0.171385	35.5287	
0.999995	1.76099e-05	0.00316215	1.76423e-05	0.999938	-0.0111478	-0.00316215	0.0111478	0.999933	-0.0512404	0.180458	36.3549	
0.999995	1.86885e-05	0.00325747	1.87237e-05	0.999934	-0.0114847	-0.00325747	0.0114847	0.999929	-0.0538925	0.189808	37.1811	
0.999994	1.9811e-05	0.00335377	1.98492e-05	0.99993	-0.0118251	-0.00335377	0.0118251	0.999924	-0.0566238	0.199438	38.0073	
0.999994	2.09784e-05	0.00345107	2.10197e-05	0.999926	-0.0121691	-0.00345107	0.0121691	0.99992	-0.0594351	0.209351	38.8335	
0.999994	2.21916e-05	0.00354935	2.22361e-05	0.999922	-0.0125166	-0.00354935	0.0125166	0.999915	-0.0623272	0.219549	39.6597	
0.999993	2.34516e-05	0.00364861	2.34996e-05	0.999917	-0.0128676	-0.00364861	0.0128676	0.999911	-0.0653009	0.230036	40.4859	
0.999993	2.47593e-05	0.00374886	2.48111e-05	0.999913	-0.0132222	-0.00374886	0.0132222	0.999906	-0.068357	0.240815	41.312	
0.999993	2.61159e-05	0.00385008	2.61715e-05	0.999908	-0.0135802	-0.00385007	0.0135802	0.9999	-0.0714964	0.251888	42.1382	
0.999992	2.75223e-05	0.00395226	2.7582e-05	0.999903	-0.0139417	-0.00395226	0.0139417	0.999895	-0.0747198	0.263258	42.9644	
0.999992	2.89795e-05	0.00405542	2.90435e-05	0.999898	-0.0143067	-0.00405542	0.0143067	0.999889	-0.078028	0.274928	43.7906	
0.999991	3.04884e-05	0.00415954	3.05571e-05	0.999892	-0.0146752	-0.00415954	0.0146752	0.999884	-0.0814219	0.286902	44.6167	
0.999991	3.20503e-05	0.00426462	3.21237e-05	0.999887	-0.0150471	-0.00426462	0.0150471	0.999878	-0.0849022	0.299181	45.4429	
0.99999	3.36659e-05	0.00437066	3.37444e-05	0.999881	-0.0154224	-0.00437066	0.0154224	0.999872	-0.0884697	0.311769	46.2691	
0.999983	5.71654e-05	0.0057536	4.96161e-05	0.999828	-0.0185572	-0.00575367	0.0185572	0.999811	-0.0926524	0.325807	47.0952	
0.999975	8.50181e-05	0.00713719	6.98462e-05	0.999765	-0.0216952	-0.00713736	0.0216951	0.999739	-0.097978	0.342436	47.9213	
0.999964	0.000117232	0.0085214	9.44451e-05	0.999692	-0.024836	-0.00852168	0.0248359	0.999655	-0.104447	0.36166	48.7473	
0.999951	0.000153815	0.00990618	0.000123422	0.999608	-0.0279797	-0.0099066	0.0279795	0.999559	-0.112061	0.38348	49.5732	
0.999936	0.000194775	0.0112915	0.000156787	0.999515	-0.0311259	-0.0112921	0.0311257	0.999452	-0.120818	0.407898	50.3991	
0.99992	0.000240118	0.0126773	0.000194548	0.999412	-0.0342747	-0.0126781	0.0342744	0.999332	-0.130721	0.434917	51.2248	
0.999901	0.000289851	0.0140635	0.000236713	0.999299	-0.0374257	-0.0140645	0.0374254	0.9992	-0.141769	0.464538	52.0505	
0.999881	0.000343979	0.0154501	0.000283289	0.999176	-0.040579	-0.0154514	0.0405785	0.999057	-0.153963	0.496764	52.876	
0.999858	0.000402509	0.0168371	0.000334283	0.999043	-0.0437342	-0.0168386	0.0437337	0.998901	-0.167303	0.531596	53.7015	
0.999834	0.000465445	0.0182244	0.000389701	0.9989	-0.0468914	-0.0182262	0.0468907	0.998734	-0.18179	0.569036	54.5268	
0.999808	0.000532792	0.019612	0.000449548	0.998747	-0.0500503	-0.0196141	0.0500494	0.998554	-0.197423	0.609085	55.3519	
0.999779	0.000604554	0.0209998	0.00051383	0.998583	-0.0532107	-0.0210022	0.0532097	0.998362	-0.214203	0.651744	56.1769	
0.999749	0.000680735	0.0223878	0.00058255	0.99841	-0.0563726	-0.0223905	0.0563715	0.998159	-0.23213	0.697016	57.0017	
0.999717	0.000761337	0.0237759	0.000655713	0.998226	-0.0595357	-0.023779	0.0595344	0.997943	-0.251204	0.7449	57.8264	
0.999683	0.000846364	0.0251641	0.000733322	0.998032	-0.0627	-0.0251676	0.0626985	0.997715	-0.271425	0.795399	58.6508	
0.999647	0.000935818	0.0265524	0.000815378	0.997828	-0.0658652	-0.0265563	0.0658636	0.997475	-0.292794	0.848512	59.4751	
0.999609	0.0010297	0.0279406	0.000901884	0.997614	-0.0690312	-0.0279451	0.0690294	0.997223	-0.31531	0.90424	60.2992	
0.999569	0.00112801	0.0293289	0.000992841	0.99739	-0.0721979	-0.0293338	0.072196	0.996959	-0.338974	0.962585	61.123	
0.999527	0.00123076	0.030717	0.00108825	0.997155	-0.0753652	-0.0307224	0.075363	0.996683	-0.363785	1.02355	61.9467	
0.999484	0.00133794	0.0321051	0.00118811	0.996911	-0.0785327	-0.032111	0.0785303	0.996394	-0.389744	1.08712	62.7701	
0.999438	0.00144954	0.033493	0.00129242	0.996656	-0.0817005	-0.0334994	0.0816979	0.996094	-0.416849	1.15332	63.5932	
0.99939	0.00156558	0.0348806	0.00140118	0.996391	-0.0848684	-0.0348876	0.0848655	0.995781	-0.445102	1.22213	64.4162	
0.999341	0.00168605	0.0362681	0.00151439	0.996116	-0.0880362	-0.0362756	0.088033	0.995457	-0.474502	1.29356	65.2388	
0.999289	0.00181095	0.0376552	0.00163205	0.995831	-0.0912037	-0.0376634	0.0912003	0.99512	-0.505048	1.36761	66.0612	
0.999236	0.00194028	0.039042	0.00175415	0.995536	-0.0943708	-0.0390508	0.0943672	0.994771	-0.536741	1.44427	66.8833	
0.99918	0.00207403	0.0404284	0.00188069	0.99523	-0.0975374	-0.0404378	0.0975335	0.99441	-0.569581	1.52355	67.705	
0.999123	0.0022122	0.0418144	0.00201166	0.994914	-0.100703	-0.0418245	0.100699	0.994037	-0.603566	1.60545	68.5265	
0.999064	0.00235479	0.0431999	0.00214706	0.994589	-0.103868	-0.0432107	0.103864	0.993652	-0.638697	1.68996	69.3477	
0.999002	0.0025018	0.0445849	0.00228689	0.994253	-0.107032	-0.0445965	0.107028	0.993255	-0.674973	1.77709	70.1686	
0.998939	0.00265322	0.0459694	0.00243114	0.993907	-0.110195	-0.0459817	0.11019	0.992846	-0.712393	1.86683	70.9891	
0.998874	0.00280904	0.0473533	0.0025798	0.993551	-0.113357	-0.0473663	0.113351	0.992425	-0.750958	1.95918	71.8093	
0.998427	0.00387152	0.055939	0.00354864	0.991251	-0.131942	-0.0559604	0.131933	0.989678	-0.793647	2.06052	72.6282	
0.997905	0.00509473	0.0644991	0.00467842	0.988603	-0.150472	-0.0645306	0.150458	0.986508	-0.843428	2.17719	73.4446	
0.997309	0.00647815	0.0730299	0.00596866	0.985609	-0.168938	-0.0730733	0.168919	0.982917	-0.900278	2.30913	74.2583	
0.996639	0.00802119	0.0815278	0.0074188	0.982268	-0.187333	-0.0815848	0.187308	0.978907	-0.964175	2.45631	75.0688	
0.995895	0.0097232	0.0899891	0.00902824	0.978584	-0.205649	-0.0900615	0.205617	0.97448	-1.03509	2.61864	75.8758	
0.995079	0.0115834	0.0984103	0.0107963	0.974557	-0.223878	-0.0984998	0.223838	0.969636	-1.11299	2.79607	76.679	
0.994189	0.0136011	0.106788	0.0127222	0.97019	-0.242012	-0.106896	0.241964	0.964379	-1.19785	2.98852	77.4781	
0.993227	0.0157754	0.115118	0.0148051	0.965483	-0.260044	-0.115247	0.259987	0.95871	-1.28963	3.19589	78.2726	
0.992192	0.0181053	0.123397	0.0170441	0.96044	-0.277965	-0.123548	0.277898	0.952632	-1.38829	3.41812	79.0623	
0.991086	0.0205899	0.131622	0.0194384	0.955062	-0.295769	-0.131797	0.295691	0.946148	-1.49378	3.6551	79.8467	
0.989909	0.023228	0.139789	0.0219867	0.949351	-0.313448	-0.139989	0.313358	0.93926	-1.60607	3.90672	80.6257	
0.988661	0.0260187	0.147894	0.0246882	0.94331	-0.330993	-0.148122	0.330891	0.931972	-1.7251	4.17289	81.3988	
