1	0	0	0	1	0	0	0	1	0	0	0	
0.999998	-3.90122e-06	0.00220906	-3.90122e-06	0.999994	0.003532	-0.00220906	-0.003532	0.999991	-0.000815012	-0.00130309	0.737877	
0.99999	-1.55963e-05	0.00441619	-1.5606e-05	0.999975	0.00706531	-0.00441619	-0.00706531	0.999965	-0.00325933	-0.00521286	1.47574	
0.999978	-3.50745e-05	0.00662134	-3.51135e-05	0.999944	0.0105999	-0.00662134	-0.0105999	0.999922	-0.00733152	-0.0117303	2.21358	
0.999961	-6.23252e-05	0.00882447	-6.24227e-05	0.9999	0.0141356	-0.00882447	-0.0141356	0.999861	-0.0130301	-0.0208562	2.95138	
0.999939	-9.73375e-05	0.0110255	-9.75323e-05	0.999844	0.0176725	-0.0110255	-0.0176725	0.999783	-0.0203536	-0.0325914	3.68913	
0.999913	-0.0001401	0.0132245	-0.000140441	0.999775	0.0212104	-0.0132245	-0.0212104	0.999688	-0.0293004	-0.0469369	4.42681	
0.999881	-0.000190602	0.0154214	-0.000191147	0.999694	0.0247493	-0.0154214	-0.0247493	0.999575	-0.039869	-0.0638933	5.16442	
0.999845	-0.000248831	0.017616	-0.00024965	0.9996	0.0282892	-0.017616	-0.0282892	0.999445	-0.0520578	-0.0834613	5.90194	
0.999804	-0.000314776	0.0198085	-0.000315946	0.999493	0.0318299	-0.0198085	-0.0318299	0.999297	-0.0658652	-0.105642	6.63935	
0.999758	-0.000388426	0.0219987	-0.000390034	0.999374	0.0353714	-0.0219986	-0.0353714	0.999132	-0.0812895	-0.130435	7.37665	
0.999707	-0.000469768	0.0241866	-0.000471912	0.999242	0.0389136	-0.0241865	-0.0389136	0.99895	-0.098329	-0.157842	8.11383	
0.999652	-0.00055879	0.0263721	-0.000561577	0.999098	0.0424565	-0.0263721	-0.0424565	0.99875	-0.116982	-0.187862	8.85086	
0.999592	-0.000655481	0.0285553	-0.000659027	0.998941	0.046	-0.0285552	-0.0460001	0.998533	-0.137247	-0.220497	9.58773	
0.999527	-0.000759826	0.0307361	-0.00076426	0.998772	0.0495441	-0.030736	-0.0495441	0.998299	-0.159122	-0.255747	10.3244	
0.999458	-0.000871815	0.0329144	-0.000877271	0.998589	0.0530886	-0.0329143	-0.0530887	0.998047	-0.182605	-0.293613	11.061	
0.999384	-0.000991434	0.0350903	-0.000998059	0.998395	0.0566335	-0.0350901	-0.0566336	0.997778	-0.207695	-0.334094	11.7973	
0.999305	-0.00111867	0.0372636	-0.00112662	0.998187	0.0601788	-0.0372633	-0.060179	0.997492	-0.234389	-0.377191	12.5335	
0.999221	-0.00125351	0.0394343	-0.00126295	0.997967	0.0637244	-0.039434	-0.0637246	0.997188	-0.262685	-0.422904	13.2694	
0.999133	-0.00139594	0.0416025	-0.00140705	0.997734	0.0672702	-0.0416021	-0.0672704	0.996867	-0.292583	-0.471233	14.0051	
0.999041	-0.00154595	0.043768	-0.0015589	0.997488	0.0708161	-0.0437675	-0.0708164	0.996529	-0.324079	-0.522179	14.7405	
0.998943	-0.00170352	0.0459308	-0.00171852	0.99723	0.0743621	-0.0459302	-0.0743624	0.996173	-0.357172	-0.575741	15.4757	
0.998841	-0.00186865	0.0480909	-0.00188589	0.996959	0.0779081	-0.0480902	-0.0779085	0.9958	-0.39186	-0.63192	16.2106	
0.998735	-0.00204131	0.0502482	-0.00206102	0.996675	0.0814541	-0.0502474	-0.0814546	0.99541	-0.428141	-0.690715	16.9452	
0.998624	-0.00222149	0.0524028	-0.00224388	0.996378	0.085	-0.0524018	-0.0850006	0.995002	-0.466012	-0.752127	17.6796	
0.998508	-0.00240918	0.0545545	-0.00243449	0.996069	0.0885457	-0.0545534	-0.0885464	0.994577	-0.505472	-0.816155	18.4136	
0.998388	-0.00260436	0.0567034	-0.00263284	0.995747	0.0920912	-0.0567021	-0.092092	0.994135	-0.546519	-0.8828	19.1473	
0.998263	-0.00280703	0.0588493	-0.00283892	0.995412	0.0956363	-0.0588478	-0.0956373	0.993675	-0.58915	-0.952061	19.8807	
0.998134	-0.00301716	0.0609923	-0.00305272	0.995065	0.0991811	-0.0609906	-0.0991822	0.993198	-0.633363	-1.02394	20.6138	
0.998	-0.00323473	0.0631324	-0.00327424	0.994704	0.102725	-0.0631303	-0.102727	0.992704	-0.679156	-1.09843	21.3464	
0.997862	-0.00345975	0.0652694	-0.00350349	0.994331	0.106269	-0.065267	-0.106271	0.992193	-0.726527	-1.17554	22.0787	
0.997719	-0.00369218	0.0674033	-0.00374044	0.993945	0.109813	-0.0674007	-0.109814	0.991664	-0.775473	-1.25526	22.8107	
0.997572	-0.00393202	0.0695342	-0.0039851	0.993547	0.113355	-0.0695312	-0.113357	0.991118	-0.825993	-1.3376	23.5422	
0.99742	-0.00417925	0.0716619	-0.00423745	0.993135	0.116897	-0.0716585	-0.116899	0.990555	-0.878083	-1.42255	24.2733	
0.997264	-0.00443385	0.0737865	-0.0044975	0.992711	0.120438	-0.0737826	-0.120441	0.989975	-0.931742	-1.51011	25.004	
0.997104	-0.00469581	0.0759079	-0.00476524	0.992273	0.123979	-0.0759035	-0.123981	0.989377	-0.986968	-1.60029	25.7343	
0.996939	-0.00496511	0.078026	-0.00504065	0.991823	0.127518	-0.0780212	-0.127521	0.988762	-1.04376	-1.69308	26.4641	
0.99677	-0.00524174	0.0801409	-0.00532374	0.991361	0.131057	-0.0801355	-0.13106	0.98813	-1.10211	-1.78848	27.1934	
0.996596	-0.00552568	0.0822524	-0.0056145	0.990885	0.134594	-0.0822464	-0.134598	0.987481	-1.16202	-1.88649	27.9223	
0.996418	-0.00581691	0.0843606	-0.00591292	0.990396	0.138131	-0.084354	-0.138135	0.986815	-1.22348	-1.98711	28.6507	
0.996236	-0.00611542	0.0864655	-0.00621899	0.989895	0.141666	-0.0864581	-0.14167	0.986131	-1.2865	-2.09034	29.3786	
0.99605	-0.00642119	0.0885669	-0.0065327	0.989381	0.1452	-0.0885587	-0.145205	0.98543	-1.35107	-2.19618	30.106	
0.995859	-0.00673421	0.0906649	-0.00685406	0.988854	0.148733	-0.0906559	-0.148738	0.984712	-1.41719	-2.30463	30.8329	
0.995664	-0.00705445	0.0927594	-0.00718304	0.988314	0.152264	-0.0927495	-0.15227	0.983977	-1.48486	-2.41568	31.5592	
0.995464	-0.0073819	0.0948503	-0.00751965	0.987761	0.155794	-0.0948395	-0.1558	0.983225	-1.55407	-2.52934	32.285	
0.995261	-0.00771655	0.0969377	-0.00786388	0.987195	0.159322	-0.0969259	-0.15933	0.982456	-1.62482	-2.64561	33.0102	
0.995053	-0.00805837	0.0990216	-0.00821571	0.986617	0.162849	-0.0990086	-0.162857	0.981669	-1.6971	-2.76448	33.7348	
0.994841	-0.00840735	0.101102	-0.00857514	0.986025	0.166375	-0.101088	-0.166383	0.980866	-1.77093	-2.88595	34.4589	
0.994624	-0.00876347	0.103178	-0.00894217	0.985421	0.169898	-0.103163	-0.169907	0.980045	-1.84628	-3.01002	35.1824	
0.994404	-0.00912671	0.105251	-0.00931677	0.984804	0.17342	-0.105234	-0.17343	0.979208	-1.92317	-3.13669	35.9052	
0.994179	-0.00949706	0.10732	-0.00969895	0.984174	0.17694	-0.107302	-0.176951	0.978353	-2.00158	-3.26596	36.6274	
0.99395	-0.0098745	0.109386	-0.0100887	0.983531	0.180458	-0.109366	-0.18047	0.977481	-2.08152	-3.39782	37.349	
0.993817	-0.0100973	0.110572	-0.0107659	0.982401	0.186475	-0.110509	-0.186513	0.976218	-2.16264	-3.53322	38.0698	
0.993681	-0.0103287	0.111763	-0.0114505	0.981232	0.192488	-0.111654	-0.192552	0.974914	-2.24461	-3.67307	38.7897	
0.993544	-0.0105687	0.112958	-0.0121427	0.980026	0.198497	-0.1128	-0.198587	0.97357	-2.32742	-3.81738	39.5085	
0.993404	-0.0108172	0.114158	-0.0128423	0.978782	0.204501	-0.113948	-0.204618	0.972187	-2.41107	-3.96614	40.2264	
0.993262	-0.0110744	0.115361	-0.0135495	0.9775	0.2105	-0.115097	-0.210644	0.970763	-2.49558	-4.11934	40.9432	
0.993118	-0.0113403	0.116568	-0.0142642	0.97618	0.216493	-0.116247	-0.216666	0.9693	-2.58093	-4.277	41.659	
0.992972	-0.0116149	0.117779	-0.0149864	0.974822	0.22248	-0.117398	-0.222682	0.967797	-2.66713	-4.43909	42.3737	
0.992824	-0.0118982	0.118993	-0.0157161	0.973426	0.228462	-0.118549	-0.228692	0.966254	-2.75418	-4.60562	43.0872	
0.992674	-0.0121904	0.12021	-0.0164533	0.971992	0.234437	-0.119701	-0.234697	0.96467	-2.84208	-4.77658	43.7996	
0.992521	-0.0124913	0.12143	-0.017198	0.97052	0.240404	-0.120854	-0.240695	0.963047	-2.93083	-4.95197	44.5108	
0.992367	-0.012801	0.122653	-0.0179502	0.969011	0.246365	-0.122006	-0.246686	0.961385	-3.02043	-5.13179	45.2208	
0.992211	-0.0131195	0.123879	-0.0187099	0.967464	0.252318	-0.123158	-0.25267	0.959682	-3.11088	-5.31602	45.9296	
0.992052	-0.0134469	0.125106	-0.0194771	0.965878	0.258263	-0.12431	-0.258647	0.95794	-3.20218	-5.50467	46.6371	
0.991892	-0.0137831	0.126336	-0.0202518	0.964255	0.264199	-0.125462	-0.264616	0.956158	-3.29433	-5.69772	47.3433	
0.991729	-0.0141281	0.127568	-0.0210339	0.962595	0.270127	-0.126613	-0.270576	0.954336	-3.38734	-5.89517	48.0481	
0.991565	-0.0144821	0.128802	-0.0218235	0.960897	0.276046	-0.127763	-0.276528	0.952475	-3.48118	-6.09702	48.7516	
0.991398	-0.0148449	0.130037	-0.0226205	0.959161	0.281955	-0.128912	-0.282471	0.950574	-3.57588	-6.30326	49.4537	
0.991229	-0.0152165	0.131273	-0.023425	0.957388	0.287855	-0.130059	-0.288405	0.948634	-3.67143	-6.51388	50.1544	
0.991059	-0.015597	0.132511	-0.0242368	0.955577	0.293744	-0.131206	-0.29433	0.946655	-3.76782	-6.72887	50.8537	
0.990886	-0.0159863	0.133749	-0.0250561	0.953728	0.299624	-0.13235	-0.300244	0.944636	-3.86505	-6.94824	51.5515	
0.990712	-0.0163845	0.134988	-0.0258828	0.951843	0.305492	-0.133493	-0.306148	0.942578	-3.96314	-7.17196	52.2477	
0.990535	-0.0167914	0.136228	-0.0267168	0.94992	0.311349	-0.134633	-0.312042	0.940481	-4.06206	-7.40003	52.9425	
0.990357	-0.0172072	0.137468	-0.0275581	0.94796	0.317195	-0.135772	-0.317924	0.938344	-4.16182	-7.63246	53.6356	
0.990176	-0.0176317	0.138708	-0.0284068	0.945963	0.323029	-0.136908	-0.323796	0.936169	-4.26242	-7.86921	54.3272	
0.989994	-0.018065	0.139948	-0.0292627	0.943928	0.328851	-0.138041	-0.329656	0.933955	-4.36386	-8.1103	55.0172	
0.98981	-0.018507	0.141188	-0.0301259	0.941857	0.33466	-0.139172	-0.335503	0.931702	-4.46614	-8.3557	55.7055	
0.989624	-0.0189577	0.142427	-0.0309964	0.939749	0.340457	-0.1403	-0.341339	0.92941	-4.56925	-8.60542	56.3922	
0.989436	-0.019417	0.143665	-0.031874	0.937604	0.34624	-0.141424	-0.347162	0.92708	-4.67319	-8.85943	57.0771	
0.989246	-0.019885	0.144903	-0.0327589	0.935423	0.352011	-0.142545	-0.352972	0.924712	-4.77796	-9.11774	57.7603	
0.989054	-0.0203616	0.14614	-0.0336509	0.933204	0.357767	-0.143663	-0.358769	0.922305	-4.88355	-9.38033	58.4417	
0.988861	-0.0208467	0.147375	-0.03455	0.93095	0.363509	-0.144777	-0.364552	0.919859	-4.98997	-9.64719	59.1214	
0.988666	-0.0213403	0.148609	-0.0354562	0.928659	0.369237	-0.145887	-0.370321	0.917376	-5.0972	-9.91832	59.7992	
0.988469	-0.0218423	0.149842	-0.0363695	0.926331	0.374951	-0.146993	-0.376077	0.914855	-5.20526	-10.1937	60.4752	
0.98827	-0.0223527	0.151072	-0.0372897	0.923967	0.380649	-0.148094	-0.381817	0.912296	-5.31413	-10.4733	61.1493	
0.98807	-0.0228715	0.152301	-0.038217	0.921568	0.386332	-0.149192	-0.387543	0.909699	-5.42381	-10.7572	61.8215	
0.987867	-0.0233985	0.153527	-0.0391512	0.919132	0.391999	-0.150284	-0.393254	0.907065	-5.5343	-11.0452	62.4918	
0.987664	-0.0239338	0.154751	-0.0400923	0.916661	0.39765	-0.151372	-0.398949	0.904393	-5.64559	-11.3375	63.1601	
0.987458	-0.0244773	0.155973	-0.0410402	0.914153	0.403285	-0.152454	-0.404629	0.901684	-5.75769	-11.634	63.8264	
0.987251	-0.0250288	0.157191	-0.041995	0.911611	0.408904	-0.153532	-0.410292	0.898937	-5.87058	-11.9346	64.4908	
0.987042	-0.0255884	0.158407	-0.0429565	0.909032	0.414506	-0.154604	-0.415939	0.896154	-5.98426	-12.2395	65.153	
0.986832	-0.0261559	0.15962	-0.0439248	0.906419	0.42009	-0.15567	-0.42157	0.893334	-6.09873	-12.5485	65.8133	
0.98662	-0.0267313	0.160829	-0.0448998	0.90377	0.425657	-0.156731	-0.427183	0.890477	-6.21399	-12.8616	66.4714	
0.986407	-0.0273145	0.162035	-0.0458814	0.901086	0.431206	-0.157785	-0.432779	0.887584	-6.33003	-13.1789	67.1274	
0.986192	-0.0279054	0.163237	-0.0468695	0.898367	0.436737	-0.158834	-0.438358	0.884655	-6.44684	-13.5003	67.7812	
0.985976	-0.0285039	0.164435	-0.0478642	0.895614	0.44225	-0.159876	-0.443919	0.881689	-6.56443	-13.8258	68.4329	
0.985758	-0.0291101	0.165629	-0.0488654	0.892825	0.447744	-0.160912	-0.449461	0.878688	-6.68278	-14.1554	69.0824	
0.986524	-0.026895	0.161392	-0.0516793	0.884683	0.46332	-0.155242	-0.465417	0.871371	-6.79942	-14.4929	69.7281	
0.987262	-0.024603	0.157191	-0.0543917	0.876257	0.478764	-0.149519	-0.481215	0.863757	-6.91186	-14.8422	70.3682	
