1	0	0	0	1	0	0	0	1	0	0	0	
0.999987	-7.9398e-06	0.00516804	-7.9398e-06	0.999995	0.00307263	-0.00516804	-0.00307263	0.999982	-0.00276543	-0.00164417	1.0702	
0.999947	-3.1759e-05	0.0103349	-3.17712e-05	0.999981	0.00614693	-0.0103349	-0.00614693	0.999928	-0.0110611	-0.00657758	2.14035	
0.99988	-7.14598e-05	0.0155004	-7.15088e-05	0.999957	0.00922279	-0.0155004	-0.00922279	0.999837	-0.0248856	-0.014802	3.21043	
0.999786	-0.000127044	0.0206643	-0.000127166	0.999924	0.0123001	-0.0206643	-0.0123001	0.999711	-0.0442375	-0.0263189	4.2804	
0.999666	-0.000198512	0.0258265	-0.000198757	0.999882	0.0153787	-0.0258265	-0.0153787	0.999548	-0.0691149	-0.0411299	5.3502	
0.99952	-0.000285864	0.0309868	-0.000286293	0.99983	0.0184586	-0.0309868	-0.0184586	0.999349	-0.0995158	-0.0592363	6.41982	
0.999346	-0.0003891	0.0361449	-0.000389786	0.999768	0.0215395	-0.0361448	-0.0215395	0.999114	-0.135438	-0.0806394	7.4892	
0.999147	-0.000508219	0.0413006	-0.000509248	0.999697	0.0246214	-0.0413006	-0.0246214	0.998843	-0.176879	-0.10534	8.55832	
0.99892	-0.000643219	0.0464538	-0.000644689	0.999616	0.0277042	-0.0464538	-0.0277042	0.998536	-0.223837	-0.13334	9.62712	
0.998667	-0.000794097	0.0516043	-0.000796118	0.999526	0.0307877	-0.0516043	-0.0307877	0.998193	-0.276308	-0.164639	10.6956	
0.998388	-0.00096085	0.0567519	-0.000963544	0.999426	0.0338718	-0.0567519	-0.0338719	0.997814	-0.33429	-0.199238	11.7636	
0.998082	-0.00114348	0.0618964	-0.00114698	0.999316	0.0369564	-0.0618964	-0.0369565	0.997398	-0.397779	-0.237139	12.8313	
0.99775	-0.00134197	0.0670376	-0.00134642	0.999197	0.0400415	-0.0670375	-0.0400416	0.996947	-0.466772	-0.278341	13.8985	
0.997391	-0.00155632	0.0721753	-0.00156189	0.999068	0.0431268	-0.0721752	-0.043127	0.996459	-0.541265	-0.322845	14.9651	
0.997006	-0.00178653	0.0773093	-0.00179338	0.99893	0.0462122	-0.0773091	-0.0462125	0.995936	-0.621254	-0.37065	16.0313	
0.996594	-0.00203259	0.0824394	-0.00204091	0.998782	0.0492977	-0.0824392	-0.0492981	0.995376	-0.706736	-0.421758	17.0968	
0.996156	-0.00229449	0.0875655	-0.00230448	0.998624	0.0523831	-0.0875652	-0.0523836	0.994781	-0.797706	-0.476168	18.1618	
0.995692	-0.00257223	0.0926873	-0.00258408	0.998457	0.0554684	-0.0926869	-0.0554689	0.994149	-0.894159	-0.533881	19.2261	
0.995202	-0.00286579	0.0978046	-0.00287973	0.99828	0.0585532	-0.0978042	-0.0585539	0.993482	-0.996091	-0.594894	20.2896	
0.994685	-0.00317517	0.102917	-0.00319143	0.998093	0.0616377	-0.102917	-0.0616386	0.992778	-1.1035	-0.65921	21.3525	
0.994142	-0.00350036	0.108025	-0.00351918	0.997897	0.0647216	-0.108025	-0.0647226	0.992039	-1.21637	-0.726826	22.4146	
0.993573	-0.00384134	0.113128	-0.00386298	0.997691	0.0678049	-0.113127	-0.0678061	0.991264	-1.33471	-0.797742	23.4758	
0.992978	-0.00419811	0.118226	-0.00422284	0.997475	0.0708873	-0.118225	-0.0708888	0.990453	-1.45851	-0.871958	24.5363	
0.992357	-0.00457065	0.123318	-0.00459875	0.99725	0.0739688	-0.123317	-0.0739706	0.989607	-1.58776	-0.949473	25.5958	
0.991709	-0.00495896	0.128405	-0.00499071	0.997015	0.0770493	-0.128403	-0.0770514	0.988724	-1.72245	-1.03029	26.6544	
0.991036	-0.00536301	0.133485	-0.00539872	0.99677	0.0801287	-0.133484	-0.0801311	0.987806	-1.86259	-1.11439	27.7121	
0.990337	-0.0057828	0.13856	-0.00582278	0.996515	0.0832068	-0.138559	-0.0832096	0.986852	-2.00816	-1.2018	28.7687	
0.989612	-0.0062183	0.143629	-0.00626288	0.996251	0.0862835	-0.143627	-0.0862867	0.985863	-2.15916	-1.2925	29.8243	
0.988861	-0.00666951	0.148691	-0.00671903	0.995977	0.0893587	-0.148689	-0.0893624	0.984838	-2.31558	-1.38649	30.8788	
0.988084	-0.00713641	0.153747	-0.00719122	0.995693	0.0924323	-0.153745	-0.0924365	0.983777	-2.47741	-1.48377	31.9322	
0.987282	-0.00761899	0.158796	-0.00767944	0.995399	0.0955041	-0.158793	-0.095509	0.982681	-2.64465	-1.58434	32.9845	
0.986454	-0.00811721	0.163839	-0.00818369	0.995096	0.0985741	-0.163835	-0.0985796	0.98155	-2.81729	-1.68819	34.0356	
0.9856	-0.00863108	0.168874	-0.00870396	0.994783	0.101642	-0.16887	-0.101648	0.980383	-2.99532	-1.79534	35.0854	
0.98472	-0.00916056	0.173901	-0.00924024	0.99446	0.104708	-0.173897	-0.104715	0.979181	-3.17874	-1.90576	36.134	
0.983815	-0.00970565	0.178922	-0.00979254	0.994127	0.107772	-0.178917	-0.10778	0.977943	-3.36753	-2.01947	37.1812	
0.982885	-0.0102663	0.183935	-0.0103608	0.993785	0.110833	-0.183929	-0.110842	0.97667	-3.56169	-2.13645	38.2272	
0.981929	-0.0108425	0.188939	-0.0109451	0.993433	0.113892	-0.188933	-0.113902	0.975362	-3.76121	-2.25671	39.2717	
0.980948	-0.0114343	0.193936	-0.0115454	0.993071	0.116948	-0.19393	-0.116959	0.974018	-3.96608	-2.38025	40.3148	
0.979941	-0.0120416	0.198925	-0.0121616	0.992699	0.120002	-0.198918	-0.120014	0.97264	-4.1763	-2.50705	41.3565	
0.978909	-0.0126644	0.203905	-0.0127938	0.992318	0.123052	-0.203897	-0.123066	0.971226	-4.39184	-2.63713	42.3966	
0.977852	-0.0133026	0.208877	-0.0134419	0.991926	0.1261	-0.208868	-0.126115	0.969778	-4.61271	-2.77046	43.4353	
0.976769	-0.0139563	0.21384	-0.014106	0.991525	0.129145	-0.21383	-0.129161	0.968294	-4.8389	-2.90706	44.4723	
0.975662	-0.0146254	0.218794	-0.014786	0.991115	0.132187	-0.218783	-0.132205	0.966776	-5.07039	-3.04692	45.5078	
0.974529	-0.0153099	0.223738	-0.0154819	0.990694	0.135225	-0.223726	-0.135245	0.965223	-5.30718	-3.19003	46.5416	
0.973371	-0.0160098	0.228674	-0.0161937	0.990264	0.13826	-0.228661	-0.138281	0.963635	-5.54925	-3.3364	47.5738	
0.972189	-0.0167251	0.2336	-0.0169214	0.989823	0.141291	-0.233586	-0.141315	0.962012	-5.7966	-3.48601	48.6042	
0.970982	-0.0174556	0.238516	-0.0176649	0.989374	0.144319	-0.238501	-0.144344	0.960355	-6.04922	-3.63887	49.6328	
0.96975	-0.0182015	0.243423	-0.0184243	0.988914	0.147343	-0.243406	-0.147371	0.958663	-6.30709	-3.79496	50.6597	
0.968493	-0.0189626	0.248319	-0.0191995	0.988444	0.150363	-0.248301	-0.150393	0.956937	-6.5702	-3.9543	51.6848	
0.967211	-0.0197389	0.253205	-0.0199905	0.987965	0.153379	-0.253186	-0.153412	0.955176	-6.83855	-4.11687	52.7079	
0.965905	-0.0205305	0.258081	-0.0207973	0.987476	0.156391	-0.25806	-0.156426	0.953381	-7.11212	-4.28266	53.7292	
0.964574	-0.0213372	0.262946	-0.0216198	0.986978	0.159399	-0.262923	-0.159437	0.951552	-7.3909	-4.45168	54.7485	
0.963219	-0.0221591	0.267801	-0.0224582	0.986469	0.162402	-0.267776	-0.162443	0.949689	-7.67487	-4.62392	55.7659	
0.96184	-0.022996	0.272645	-0.0233122	0.985951	0.165401	-0.272618	-0.165445	0.947791	-7.96404	-4.79937	56.7812	
0.960436	-0.0238481	0.277477	-0.0241819	0.985423	0.168395	-0.277448	-0.168442	0.945859	-8.25838	-4.97804	57.7945	
0.959008	-0.0247152	0.282298	-0.0250674	0.984885	0.171384	-0.282267	-0.171435	0.943894	-8.55789	-5.1599	58.8058	
0.957556	-0.0255973	0.287108	-0.0259685	0.984338	0.174369	-0.287075	-0.174424	0.941894	-8.86254	-5.34497	59.8148	
0.95608	-0.0264945	0.291906	-0.0268852	0.983781	0.177348	-0.291871	-0.177407	0.939861	-9.17234	-5.53324	60.8218	
0.95458	-0.0274065	0.296693	-0.0278175	0.983214	0.180323	-0.296654	-0.180386	0.937794	-9.48726	-5.7247	61.8265	
0.953056	-0.0283335	0.301467	-0.0287654	0.982638	0.183292	-0.301426	-0.18336	0.935693	-9.8073	-5.91934	62.829	
0.951508	-0.0292753	0.306229	-0.0297289	0.982051	0.186256	-0.306185	-0.186328	0.933559	-10.1324	-6.11716	63.8293	
0.949936	-0.030232	0.310979	-0.0307079	0.981455	0.189215	-0.310932	-0.189292	0.931391	-10.4627	-6.31815	64.8272	
0.94834	-0.0312034	0.315716	-0.0317024	0.98085	0.192168	-0.315667	-0.19225	0.92919	-10.7979	-6.52232	65.8228	
0.946721	-0.0321897	0.320441	-0.0327124	0.980235	0.195115	-0.320388	-0.195202	0.926956	-11.1383	-6.72964	66.816	
0.945079	-0.0331906	0.325153	-0.0337378	0.97961	0.198057	-0.325097	-0.198149	0.924689	-11.4837	-6.94013	67.8069	
0.943413	-0.0342063	0.329852	-0.0347787	0.978975	0.200993	-0.329792	-0.201091	0.922388	-11.8341	-7.15376	68.7952	
0.9429	-0.0345221	0.331282	-0.0364008	0.977976	0.205517	-0.331081	-0.205841	0.920877	-12.1878	-7.37151	69.7816	
0.950578	-0.0294275	0.309087	-0.0401574	0.975484	0.216376	-0.307877	-0.218094	0.926092	-12.5297	-7.59837	70.7699	
0.957697	-0.0240404	0.286774	-0.0436398	0.972848	0.227292	-0.284452	-0.230191	0.930644	-12.8467	-7.83827	71.7635	
0.964249	-0.0183645	0.26436	-0.0468456	0.970072	0.238258	-0.260823	-0.242124	0.934531	-13.1385	-8.09102	72.7617	
0.970232	-0.0124038	0.24186	-0.0497725	0.967155	0.249265	-0.237008	-0.253883	0.937748	-13.4049	-8.35645	73.7636	
0.97564	-0.00616273	0.219291	-0.0524183	0.964102	0.260306	-0.213023	-0.26546	0.940294	-13.6457	-8.63436	74.7686	
0.98047	0.000354323	0.196669	-0.0547812	0.960914	0.271374	-0.188886	-0.276848	0.942166	-13.8608	-8.92457	75.7759	
0.984718	0.00714269	0.17401	-0.0568595	0.957593	0.282459	-0.164613	-0.288037	0.943365	-14.0499	-9.22686	76.785	
0.988381	0.0141975	0.151331	-0.0586517	0.954141	0.293555	-0.140223	-0.29902	0.943888	-14.2131	-9.54101	77.7949	
0.991457	0.0215137	0.128646	-0.0601565	0.950562	0.304653	-0.115732	-0.309789	0.943736	-14.35	-9.86681	78.805	
0.993943	0.0290861	0.105974	-0.0613728	0.946857	0.315745	-0.0911586	-0.320336	0.942908	-14.4608	-10.204	79.8146	
0.995838	0.0369092	0.0833299	-0.0622999	0.94303	0.326823	-0.0665198	-0.330654	0.941405	-14.5451	-10.5524	80.823	
0.99714	0.0449775	0.0607299	-0.0629369	0.939083	0.337879	-0.0418334	-0.340735	0.939228	-14.6031	-10.9117	81.8294	
0.997849	0.0532851	0.0381902	-0.0632835	0.935018	0.348907	-0.017117	-0.350573	0.936379	-14.6347	-11.2816	82.8331	
0.997963	0.0618261	0.0157271	-0.0633394	0.93084	0.359896	0.00761159	-0.360159	0.93286	-14.6397	-11.6619	83.8334	
0.997483	0.0705945	-0.00664343	-0.0631045	0.92655	0.37084	0.0323348	-0.369488	0.928673	-14.6184	-12.0524	84.8295	
0.996409	0.0795839	-0.0289053	-0.0625791	0.922152	0.381732	0.0570348	-0.378552	0.923821	-14.5705	-12.4527	85.8209	
0.994742	0.0887879	-0.0510427	-0.0617635	0.917649	0.392562	0.081694	-0.387345	0.918308	-14.4963	-12.8625	86.8066	
0.992483	0.0981999	-0.0730396	-0.0606583	0.913045	0.403324	0.106295	-0.395861	0.912138	-14.3957	-13.2817	87.7862	
0.989633	0.107813	-0.0948804	-0.0592642	0.908342	0.414009	0.130819	-0.404094	0.905315	-14.2688	-13.7098	88.7587	
0.986196	0.117621	-0.116549	-0.0575823	0.903543	0.42461	0.15525	-0.412037	0.897843	-14.1157	-14.1465	89.7237	
0.982172	0.127616	-0.138031	-0.0556139	0.898654	0.435119	0.17957	-0.419686	0.889729	-13.9366	-14.5916	90.6803	
0.977565	0.137791	-0.15931	-0.0533602	0.893676	0.44553	0.203762	-0.427034	0.880979	-13.7314	-15.0447	91.6278	
0.972379	0.148139	-0.180371	-0.0508229	0.888613	0.455833	0.227807	-0.434076	0.871597	-13.5005	-15.5055	92.5657	
0.966617	0.158653	-0.2012	-0.0480038	0.883469	0.466023	0.25169	-0.440808	0.861592	-13.2439	-15.9737	93.4932	
0.960283	0.169325	-0.22178	-0.044905	0.878248	0.476092	0.275392	-0.447224	0.85097	-12.9618	-16.4489	94.4096	
0.953381	0.180147	-0.242098	-0.0415287	0.872954	0.486032	0.298897	-0.45332	0.839739	-12.6545	-16.9308	95.3144	
0.945918	0.191111	-0.262138	-0.0378772	0.86759	0.495836	0.322188	-0.459091	0.827907	-12.3221	-17.4191	96.2068	
0.937897	0.202211	-0.281887	-0.0339532	0.862159	0.505498	0.345249	-0.464534	0.815482	-11.965	-17.9133	97.0862	
0.929325	0.213437	-0.30133	-0.0297595	0.856667	0.51501	0.368062	-0.469644	0.802474	-11.5833	-18.4132	97.952	
0.920208	0.224782	-0.320454	-0.0252991	0.851117	0.524366	0.390612	-0.474419	0.788891	-11.1773	-18.9184	98.8036	
0.910552	0.236238	-0.339245	-0.0205751	0.845512	0.533559	0.412883	-0.478853	0.774743	-10.7473	-19.4286	99.6404	
0.900364	0.247796	-0.357689	-0.0155911	0.839858	0.542583	0.434858	-0.482945	0.760041	-10.2936	-19.9432	100.462	
