1	0	0	0	1	0	0	0	1	0	0	0	
0.999998	7.19724e-07	-0.00196414	7.19724e-07	1	0.000732861	0.00196414	-0.000732861	0.999998	0.00103018	-0.000384382	1.04899	
0.999992	2.89576e-06	-0.0039395	2.89655e-06	0.999999	0.00147031	0.0039395	-0.00147031	0.999991	0.00412662	-0.00153993	2.09797	
0.999982	6.55349e-06	-0.00592596	6.55666e-06	0.999998	0.0022123	0.00592596	-0.0022123	0.99998	0.00930101	-0.00347144	3.14695	
0.999969	1.17181e-05	-0.00792341	1.17261e-05	0.999996	0.0029588	0.00792341	-0.0029588	0.999964	0.0165649	-0.00618366	4.19591	
0.999951	1.84148e-05	-0.00993173	1.84308e-05	0.999993	0.00370978	0.00993173	-0.00370978	0.999944	0.0259299	-0.0096813	5.24485	
0.999929	2.66682e-05	-0.0119508	2.66964e-05	0.99999	0.00446518	0.0119508	-0.00446518	0.999919	0.0374071	-0.013969	6.29377	
0.999902	3.65033e-05	-0.0139805	3.65486e-05	0.999986	0.00522498	0.0139805	-0.00522498	0.999889	0.051008	-0.0190515	7.34266	
0.999872	4.79445e-05	-0.0160207	4.80128e-05	0.999982	0.00598913	0.0160207	-0.00598913	0.999854	0.0667435	-0.0249332	8.39151	
0.999837	6.10161e-05	-0.0180714	6.11143e-05	0.999977	0.00675759	0.0180714	-0.00675759	0.999814	0.0846247	-0.0316188	9.44033	
0.999797	7.57423e-05	-0.0201323	7.58781e-05	0.999972	0.00753033	0.0201323	-0.00753033	0.999769	0.104662	-0.0391127	10.4891	
0.999753	9.21471e-05	-0.0222034	9.23291e-05	0.999965	0.0083073	0.0222034	-0.0083073	0.999719	0.126867	-0.0474195	11.5378	
0.999705	0.000110254	-0.0242845	0.000110492	0.999959	0.00908846	0.0242845	-0.00908847	0.999664	0.15125	-0.0565435	12.5865	
0.999652	0.000130087	-0.0263756	0.000130392	0.999951	0.00987378	0.0263756	-0.00987379	0.999603	0.177821	-0.0664891	13.6351	
0.999594	0.00015167	-0.0284765	0.000152052	0.999943	0.0106632	0.0284765	-0.0106632	0.999538	0.206591	-0.0772607	14.6836	
0.999532	0.000175024	-0.0305871	0.000175497	0.999934	0.0114567	0.0305871	-0.0114567	0.999466	0.237569	-0.0888625	15.7321	
0.999465	0.000200174	-0.0327072	0.000200751	0.999925	0.0122542	0.0327072	-0.0122543	0.99939	0.270767	-0.101299	16.7805	
0.999393	0.000227142	-0.0348368	0.000227837	0.999915	0.0130558	0.0348368	-0.0130558	0.999308	0.306193	-0.114574	17.8288	
0.999316	0.00025595	-0.0369758	0.00025678	0.999904	0.0138612	0.0369758	-0.0138612	0.99922	0.343859	-0.128692	18.877	
0.999234	0.00028662	-0.0391239	0.000287602	0.999892	0.0146706	0.0391239	-0.0146706	0.999127	0.383773	-0.143656	19.9251	
0.999148	0.000319175	-0.0412811	0.000320326	0.99988	0.0154838	0.0412811	-0.0154838	0.999028	0.425945	-0.159472	20.9732	
0.999056	0.000353636	-0.0434473	0.000354975	0.999867	0.0163009	0.0434473	-0.0163009	0.998923	0.470384	-0.176143	22.0211	
0.998959	0.000390025	-0.0456224	0.000391572	0.999853	0.0171217	0.0456223	-0.0171217	0.998812	0.517101	-0.193673	23.0689	
0.998857	0.000428363	-0.0478061	0.000430139	0.999839	0.0179463	0.0478061	-0.0179463	0.998695	0.566104	-0.212066	24.1166	
0.998749	0.00046867	-0.0499984	0.000470697	0.999824	0.0187745	0.0499984	-0.0187746	0.998573	0.617402	-0.231326	25.1641	
0.998637	0.000510968	-0.0521992	0.00051327	0.999808	0.0196064	0.0521992	-0.0196065	0.998444	0.671004	-0.251457	26.2115	
0.998519	0.000555276	-0.0544084	0.000557877	0.999791	0.0204419	0.0544084	-0.020442	0.998309	0.726919	-0.272462	27.2588	
0.998395	0.000601615	-0.0566258	0.000604542	0.999773	0.021281	0.0566257	-0.021281	0.998169	0.785156	-0.294346	28.306	
0.998267	0.000650005	-0.0588512	0.000653284	0.999755	0.0221235	0.0588512	-0.0221236	0.998022	0.845723	-0.317111	29.353	
0.998132	0.000700465	-0.0610847	0.000704124	0.999736	0.0229696	0.0610846	-0.0229697	0.997868	0.908629	-0.340762	30.3998	
0.997993	0.000753015	-0.0633259	0.000757083	0.999716	0.0238191	0.0633259	-0.0238192	0.997709	0.973881	-0.365303	31.4465	
0.997847	0.000807673	-0.0655749	0.000812181	0.999695	0.0246719	0.0655749	-0.0246721	0.997543	1.04149	-0.390736	32.493	
0.997696	0.000864458	-0.0678315	0.000869438	0.999674	0.0255281	0.0678314	-0.0255283	0.99737	1.11146	-0.417066	33.5393	
0.99754	0.000923388	-0.0700955	0.000928873	0.999651	0.0263876	0.0700955	-0.0263878	0.997191	1.1838	-0.444296	34.5854	
0.997378	0.000984482	-0.0723669	0.000990505	0.999628	0.0272503	0.0723668	-0.0272506	0.997006	1.25852	-0.472429	35.6314	
0.99721	0.00104776	-0.0746455	0.00105435	0.999604	0.0281163	0.0746454	-0.0281165	0.996814	1.33563	-0.501469	36.6771	
0.997036	0.00111323	-0.0769312	0.00112044	0.999579	0.0289854	0.0769311	-0.0289857	0.996615	1.41513	-0.531419	37.7227	
0.996856	0.00118092	-0.0792238	0.00118878	0.999553	0.0298576	0.0792237	-0.0298579	0.99641	1.49703	-0.562282	38.768	
0.996671	0.00125084	-0.0815233	0.00125939	0.999527	0.0307329	0.0815231	-0.0307332	0.996197	1.58134	-0.594061	39.8131	
0.996479	0.00132301	-0.0838294	0.00133229	0.999499	0.0316112	0.0838293	-0.0316116	0.995979	1.66807	-0.626761	40.858	
0.996282	0.00139745	-0.0861421	0.00140749	0.999471	0.0324924	0.086142	-0.0324929	0.995753	1.75722	-0.660383	41.9027	
0.996079	0.00147416	-0.0884613	0.00148502	0.999442	0.0333766	0.0884611	-0.0333771	0.99552	1.8488	-0.694932	42.9471	
0.995869	0.00155318	-0.0907867	0.00156489	0.999412	0.0342637	0.0907865	-0.0342642	0.995281	1.94281	-0.73041	43.9912	
0.995654	0.0016345	-0.0931184	0.00164712	0.999381	0.0351536	0.0931182	-0.0351542	0.995034	2.03927	-0.766819	45.0352	
0.995432	0.00171815	-0.0954561	0.00173172	0.999349	0.0360463	0.0954558	-0.036047	0.994781	2.13818	-0.804164	46.0788	
0.995204	0.00180414	-0.0977997	0.00181871	0.999316	0.0369417	0.0977995	-0.0369425	0.99452	2.23954	-0.842446	47.1222	
0.994971	0.00189248	-0.100149	0.0019081	0.999282	0.0378399	0.100149	-0.0378407	0.994253	2.34336	-0.88167	48.1653	
0.994731	0.0019832	-0.102504	0.00199992	0.999247	0.0387407	0.102504	-0.0387415	0.993978	2.44965	-0.921837	49.2081	
0.994484	0.00207629	-0.104865	0.00209416	0.999212	0.039644	0.104864	-0.039645	0.993696	2.55842	-0.96295	50.2506	
0.994232	0.00217178	-0.107231	0.00219086	0.999175	0.04055	0.10723	-0.040551	0.993407	2.66966	-1.00501	51.2928	
0.993973	0.00226967	-0.109602	0.00229001	0.999138	0.0414584	0.109602	-0.0414595	0.993111	2.78339	-1.04803	52.3348	
0.993708	0.00236999	-0.111979	0.00239165	0.999099	0.0423693	0.111978	-0.0423705	0.992807	2.8996	-1.092	53.3764	
0.993436	0.00247273	-0.11436	0.00249577	0.99906	0.0432826	0.11436	-0.0432839	0.992496	3.01832	-1.13692	54.4177	
0.993158	0.00257792	-0.116746	0.00260239	0.999019	0.0441982	0.116746	-0.0441996	0.992178	3.13953	-1.18281	55.4586	
0.992874	0.00268556	-0.119137	0.00271153	0.998978	0.0451162	0.119137	-0.0451177	0.991852	3.26325	-1.22965	56.4992	
0.992583	0.00279567	-0.121533	0.00282319	0.998936	0.0460364	0.121533	-0.0460381	0.991519	3.38948	-1.27746	57.5395	
0.992286	0.00290825	-0.123933	0.00293739	0.998893	0.0469588	0.123933	-0.0469607	0.991179	3.51822	-1.32624	58.5794	
0.991983	0.00302332	-0.126338	0.00305414	0.998848	0.0478835	0.126337	-0.0478854	0.990831	3.64949	-1.37599	59.619	
0.991673	0.00314088	-0.128747	0.00317346	0.998803	0.0488102	0.128746	-0.0488123	0.990476	3.78328	-1.4267	60.6581	
0.991356	0.00326094	-0.13116	0.00329534	0.998757	0.049739	0.131159	-0.0497412	0.990113	3.9196	-1.47839	61.697	
0.991033	0.00338352	-0.133576	0.0034198	0.99871	0.0506698	0.133575	-0.0506722	0.989742	4.05845	-1.53106	62.7354	
0.990703	0.00350862	-0.135997	0.00354685	0.998661	0.0516026	0.135996	-0.0516052	0.989364	4.19984	-1.5847	63.7734	
0.990367	0.00363624	-0.138421	0.00367651	0.998612	0.0525373	0.13842	-0.0525401	0.988979	4.34377	-1.63933	64.811	
0.990024	0.0037664	-0.140849	0.00380877	0.998562	0.0534739	0.140848	-0.0534769	0.988586	4.49024	-1.69493	65.8483	
0.989674	0.00389911	-0.143281	0.00394365	0.998511	0.0544123	0.14328	-0.0544155	0.988185	4.63927	-1.75152	66.8851	
0.989318	0.00403436	-0.145715	0.00408116	0.998459	0.0553525	0.145714	-0.0553559	0.987777	4.79084	-1.8091	67.9215	
0.988393	0.00437855	-0.151853	0.00408791	0.998456	0.0553973	0.151861	-0.0553751	0.986849	4.94692	-1.86718	68.9571	
0.98743	0.00472306	-0.157989	0.00409529	0.998453	0.0554442	0.158006	-0.0553943	0.985883	5.10945	-1.92527	69.9918	
0.986427	0.0050679	-0.164122	0.00410328	0.998451	0.0554931	0.164149	-0.0554134	0.984878	5.27841	-1.98339	71.0255	
0.981923	0.00639985	-0.189172	0.00301199	0.998773	0.0494236	0.189256	-0.0490999	0.980699	5.46378	-2.03821	72.0565	
0.976781	0.00757046	-0.214107	0.00176604	0.999057	0.0433819	0.214233	-0.0427527	0.975846	5.67542	-2.08639	73.0827	
0.971004	0.0085789	-0.238909	0.000366298	0.999301	0.0373723	0.239063	-0.0363761	0.970322	5.91319	-2.1279	74.1036	
0.964596	0.0094245	-0.263563	-0.00118629	0.999506	0.0313988	0.263729	-0.0299745	0.964131	6.17692	-2.1627	75.1182	
0.957562	0.0101067	-0.28805	-0.00289064	0.999672	0.0254656	0.288213	-0.0235523	0.957277	6.46642	-2.19077	76.1261	
0.949906	0.0106249	-0.312354	-0.0047456	0.999797	0.0195768	0.312499	-0.0171139	0.949764	6.78151	-2.21211	77.1263	
0.941634	0.0109789	-0.336458	-0.00674987	0.999883	0.0137364	0.33657	-0.0106637	0.941598	7.12196	-2.22668	78.1184	
0.932752	0.0111684	-0.360346	-0.00890209	0.999929	0.00794848	0.360409	-0.00420613	0.932785	7.48755	-2.23447	79.1016	
0.923265	0.0111933	-0.384001	-0.0112008	0.999935	0.00221693	0.384001	0.0022543	0.92333	7.87801	-2.2355	80.0751	
0.91318	0.0110535	-0.407407	-0.0136443	0.999901	-0.00345427	0.407328	0.00871317	0.91324	8.29308	-2.22975	81.0385	
0.902504	0.0107492	-0.430548	-0.0162311	0.999827	-0.00906121	0.430376	0.015166	0.902522	8.73248	-2.21722	81.9909	
0.891244	0.0102805	-0.453407	-0.0189593	0.999714	-0.0146	0.453127	0.0216085	0.891184	9.1959	-2.19793	82.9317	
0.879409	0.00964786	-0.47597	-0.021827	0.99956	-0.020067	0.475567	0.0280361	0.879233	9.68302	-2.17189	83.8604	
0.867005	0.00885159	-0.498221	-0.0248324	0.999367	-0.0254582	0.49768	0.0344444	0.866676	10.1935	-2.13912	84.7761	
0.854042	0.00789227	-0.520143	-0.0279732	0.999135	-0.0307701	0.519451	0.040829	0.853524	10.727	-2.09964	85.6784	
0.840529	0.00677058	-0.541724	-0.0312474	0.998863	-0.0359989	0.540864	0.0471856	0.839785	11.2832	-2.05347	86.5666	
0.826475	0.00548729	-0.562946	-0.0346526	0.998552	-0.0411411	0.561905	0.0535097	0.825469	11.8616	-2.00065	87.4401	
0.81189	0.00404327	-0.583797	-0.0381867	0.998202	-0.0461931	0.58256	0.0597969	0.810585	12.4619	-1.94122	88.2982	
0.796783	0.00243952	-0.604261	-0.041847	0.997814	-0.0511515	0.602815	0.0660431	0.795143	13.0837	-1.87521	89.1405	
0.781165	0.000677137	-0.624324	-0.0456312	0.997387	-0.0560128	0.622655	0.0722439	0.779155	13.7265	-1.80268	89.9662	
0.765047	-0.00124266	-0.643973	-0.0495366	0.996922	-0.0607737	0.642066	0.078395	0.76263	14.3898	-1.72367	90.7749	
0.74844	-0.00331855	-0.663194	-0.0535604	0.996419	-0.065431	0.661036	0.0844921	0.745582	15.0734	-1.63823	91.566	
0.731355	-0.00554911	-0.681974	-0.0577001	0.995878	-0.0699813	0.679552	0.0905312	0.72802	15.7765	-1.54642	92.339	
0.713804	-0.0079328	-0.700301	-0.0619526	0.995301	-0.0744217	0.6976	0.096508	0.709958	16.4989	-1.44832	93.0932	
0.695799	-0.010468	-0.71816	-0.0663152	0.994686	-0.078749	0.715168	0.102418	0.691408	17.2399	-1.34397	93.8283	
0.677353	-0.0131529	-0.735541	-0.0707847	0.994036	-0.0829603	0.732245	0.108258	0.672382	17.9991	-1.23347	94.5436	
0.658478	-0.0159858	-0.75243	-0.0753581	0.993349	-0.0870527	0.748818	0.114024	0.652894	18.776	-1.11688	95.2388	
0.639187	-0.0189646	-0.768818	-0.0800323	0.992628	-0.0910233	0.764876	0.119711	0.632956	19.5699	-0.994277	95.9132	
0.619493	-0.0220873	-0.784691	-0.084804	0.991871	-0.0948694	0.780408	0.125316	0.612584	20.3805	-0.865754	96.5665	
0.59941	-0.0253518	-0.80004	-0.08967	0.99108	-0.0985884	0.795403	0.130835	0.59179	21.207	-0.731397	97.1983	
0.578952	-0.0287558	-0.814854	-0.0946269	0.990255	-0.102178	0.809852	0.136263	0.570589	22.049	-0.591298	97.808	
