1	0	0	0	1	0	0	0	1	0	0	0	
0.999993	2.96293e-06	-0.00365979	2.96293e-06	0.999999	0.00161917	0.00365979	-0.00161917	0.999992	0.00192601	-0.000852112	1.05252	
0.999973	1.18738e-05	-0.00732638	1.18734e-05	0.999995	0.00324127	0.00732638	-0.00324127	0.999968	0.00770763	-0.00340999	2.10503	
0.99994	2.67649e-05	-0.0109996	2.67635e-05	0.999988	0.00486621	0.0109996	-0.00486621	0.999928	0.0173519	-0.00767666	3.1575	
0.999892	4.76678e-05	-0.0146793	4.76645e-05	0.999979	0.00649392	0.0146793	-0.00649392	0.999871	0.0308658	-0.0136551	4.20992	
0.999831	7.46134e-05	-0.0183653	7.46067e-05	0.999967	0.00812431	0.0183653	-0.00812431	0.999798	0.0482559	-0.0213481	5.26227	
0.999757	0.000107631	-0.0220573	0.00010762	0.999952	0.0097573	0.0220573	-0.0097573	0.999709	0.0695289	-0.0307586	6.31454	
0.999668	0.000146751	-0.0257553	0.000146732	0.999935	0.0113928	0.0257553	-0.0113928	0.999603	0.0946909	-0.0418891	7.36671	
0.999566	0.000192001	-0.029459	0.000191972	0.999915	0.0130308	0.029459	-0.0130308	0.999481	0.123748	-0.0547423	8.41875	
0.99945	0.000243407	-0.0331682	0.000243367	0.999892	0.0146711	0.0331682	-0.0146711	0.999342	0.156707	-0.0693208	9.47066	
0.99932	0.000300998	-0.0368828	0.000300943	0.999867	0.0163137	0.0368828	-0.0163137	0.999186	0.193572	-0.085627	10.5224	
0.999175	0.000364799	-0.0406026	0.000364725	0.999839	0.0179585	0.0406027	-0.0179585	0.999014	0.23435	-0.103663	11.574	
0.999017	0.000434834	-0.0443275	0.000434737	0.999808	0.0196055	0.0443275	-0.0196054	0.998825	0.279045	-0.123432	12.6254	
0.998844	0.000511128	-0.0480571	0.000511005	0.999774	0.0212544	0.0480571	-0.0212544	0.998618	0.327664	-0.144935	13.6766	
0.998658	0.000593703	-0.0517914	0.000593549	0.999737	0.0229054	0.0517914	-0.0229054	0.998395	0.38021	-0.168174	14.7275	
0.998457	0.000682584	-0.0555301	0.000682394	0.999698	0.0245582	0.0555301	-0.0245582	0.998155	0.43669	-0.193153	15.7782	
0.998241	0.00077779	-0.0592732	0.00077756	0.999656	0.0262128	0.0592732	-0.0262128	0.997898	0.497107	-0.219872	16.8287	
0.998012	0.000879344	-0.0630203	0.000879066	0.999611	0.0278691	0.0630203	-0.0278691	0.997623	0.561465	-0.248333	17.8788	
0.997768	0.000987264	-0.0667713	0.000986934	0.999563	0.0295271	0.0667714	-0.0295271	0.997331	0.62977	-0.278539	18.9287	
0.997509	0.00110157	-0.0705261	0.00110118	0.999513	0.0311866	0.0705261	-0.0311866	0.997022	0.702024	-0.31049	19.9783	
0.997236	0.00122228	-0.0742845	0.00122183	0.99946	0.0328476	0.0742845	-0.0328476	0.996696	0.778233	-0.344189	21.0275	
0.996949	0.00134941	-0.0780462	0.00134889	0.999403	0.0345101	0.0780462	-0.03451	0.996352	0.858399	-0.379637	22.0764	
0.996647	0.00148298	-0.0818111	0.00148238	0.999344	0.0361738	0.0818111	-0.0361738	0.995991	0.942526	-0.416835	23.1249	
0.99633	0.00162301	-0.085579	0.00162231	0.999283	0.0378388	0.085579	-0.0378387	0.995613	1.03062	-0.455785	24.173	
0.995999	0.0017695	-0.0893498	0.00176871	0.999218	0.0395049	0.0893498	-0.0395049	0.995217	1.12268	-0.496488	25.2207	
0.995653	0.00192248	-0.0931232	0.00192159	0.99915	0.0411721	0.0931232	-0.041172	0.994803	1.2187	-0.538945	26.2679	
0.995292	0.00208195	-0.0968991	0.00208095	0.99908	0.0428403	0.0968991	-0.0428402	0.994372	1.31871	-0.583158	27.3148	
0.994917	0.00224793	-0.100677	0.00224681	0.999006	0.0445094	0.100677	-0.0445093	0.993923	1.42268	-0.629127	28.3611	
0.994526	0.00242044	-0.104457	0.00241918	0.99893	0.0461794	0.104458	-0.0461793	0.993457	1.53064	-0.676853	29.407	
0.994121	0.00259947	-0.10824	0.00259807	0.998851	0.0478501	0.10824	-0.04785	0.992973	1.64257	-0.726337	30.4524	
0.993702	0.00278504	-0.112024	0.00278349	0.998769	0.0495215	0.112024	-0.0495214	0.992471	1.75849	-0.77758	31.4973	
0.993267	0.00297717	-0.115809	0.00297545	0.998684	0.0511934	0.115809	-0.0511933	0.991951	1.87839	-0.830583	32.5416	
0.992818	0.00317585	-0.119596	0.00317396	0.998597	0.0528659	0.119596	-0.0528658	0.991414	2.00228	-0.885345	33.5854	
0.992353	0.0033811	-0.123384	0.00337902	0.998506	0.0545389	0.123384	-0.0545388	0.990859	2.13015	-0.941868	34.6286	
0.991874	0.00359292	-0.127173	0.00359065	0.998412	0.0562122	0.127173	-0.056212	0.990286	2.26201	-1.00015	35.6712	
0.99138	0.00381132	-0.130963	0.00380884	0.998316	0.0578858	0.130963	-0.0578856	0.989696	2.39785	-1.0602	36.7132	
0.990871	0.0040363	-0.134754	0.0040336	0.998217	0.0595595	0.134754	-0.0595594	0.989088	2.53769	-1.122	37.7545	
0.990347	0.00426786	-0.138545	0.00426493	0.998114	0.0612334	0.138545	-0.0612332	0.988461	2.68152	-1.18557	38.7952	
0.989808	0.00450602	-0.142336	0.00450284	0.998009	0.0629074	0.142336	-0.0629072	0.987817	2.82934	-1.2509	39.8353	
0.989254	0.00475077	-0.146128	0.00474733	0.997901	0.0645813	0.146128	-0.064581	0.987155	2.98114	-1.318	40.8746	
0.988686	0.00500212	-0.149919	0.0049984	0.99779	0.0662551	0.149919	-0.0662548	0.986476	3.13694	-1.38685	41.9133	
0.988102	0.00526006	-0.153711	0.00525605	0.997676	0.0679287	0.153711	-0.0679283	0.985778	3.29673	-1.45747	42.9512	
0.987503	0.00552459	-0.157501	0.00552028	0.99756	0.069602	0.157502	-0.0696016	0.985063	3.46051	-1.52984	43.9884	
0.98689	0.00579572	-0.161292	0.00579109	0.99744	0.0712749	0.161292	-0.0712746	0.98433	3.62828	-1.60398	45.0248	
0.986261	0.00607344	-0.165081	0.00606848	0.997317	0.0729475	0.165081	-0.072947	0.983579	3.80004	-1.67988	46.0605	
0.985618	0.00635774	-0.16887	0.00635243	0.997192	0.0746195	0.16887	-0.074619	0.98281	3.97579	-1.75754	47.0953	
0.98496	0.00664864	-0.172657	0.00664296	0.997063	0.0762909	0.172657	-0.0762904	0.982023	4.15552	-1.83696	48.1293	
0.984286	0.00694611	-0.176443	0.00694006	0.996932	0.0779617	0.176443	-0.0779611	0.981219	4.33924	-1.91813	49.1625	
0.983598	0.00725017	-0.180228	0.00724371	0.996798	0.0796317	0.180228	-0.0796311	0.980396	4.52694	-2.00107	50.1948	
0.982895	0.00756079	-0.184011	0.00755391	0.996661	0.0813009	0.184011	-0.0813003	0.979556	4.71863	-2.08576	51.2263	
0.982177	0.00787797	-0.187792	0.00787067	0.996521	0.0829692	0.187792	-0.0829685	0.978698	4.91429	-2.17221	52.2568	
0.981444	0.00820172	-0.191571	0.00819396	0.996378	0.0846365	0.191572	-0.0846358	0.977823	5.11394	-2.26041	53.2865	
0.980697	0.008532	-0.195348	0.00852378	0.996232	0.0863028	0.195349	-0.086302	0.976929	5.31756	-2.35037	54.3152	
0.979934	0.00886883	-0.199123	0.00886012	0.996084	0.087968	0.199123	-0.0879671	0.976018	5.52516	-2.44208	55.343	
0.979157	0.00921219	-0.202895	0.00920296	0.995932	0.0896319	0.202895	-0.0896309	0.97509	5.73672	-2.53555	56.3698	
0.978365	0.00956206	-0.206664	0.00955231	0.995778	0.0912946	0.206665	-0.0912935	0.974143	5.95226	-2.63076	57.3956	
0.977558	0.00991844	-0.210431	0.00990815	0.995621	0.0929559	0.210432	-0.0929548	0.973179	6.17176	-2.72772	58.4204	
0.976737	0.0102813	-0.214195	0.0102705	0.995461	0.0946157	0.214195	-0.0946145	0.972198	6.39523	-2.82643	59.4441	
0.975901	0.0106507	-0.217955	0.0106392	0.995298	0.0962741	0.217955	-0.0962728	0.971199	6.62265	-2.92689	60.4669	
0.97505	0.0110265	-0.221712	0.0110144	0.995132	0.0979308	0.221712	-0.0979295	0.970182	6.85404	-3.02909	61.4886	
0.974184	0.0114087	-0.225465	0.0113961	0.994964	0.0995859	0.225466	-0.0995845	0.969148	7.08937	-3.13304	62.5092	
0.973304	0.0117975	-0.229215	0.0117841	0.994792	0.101239	0.229216	-0.101238	0.968097	7.32865	-3.23872	63.5287	
0.97241	0.0121926	-0.232961	0.0121786	0.994618	0.102891	0.232961	-0.102889	0.967028	7.57188	-3.34615	64.547	
0.971501	0.0125941	-0.236702	0.0125794	0.994441	0.104541	0.236703	-0.104539	0.965942	7.81904	-3.45531	65.5643	
0.970577	0.013002	-0.24044	0.0129866	0.994261	0.106188	0.240441	-0.106186	0.964838	8.07015	-3.56621	66.5804	
0.969639	0.0134163	-0.244173	0.0134001	0.994079	0.107834	0.244174	-0.107832	0.963718	8.32518	-3.67884	67.5953	
0.969181	0.0136163	-0.245974	0.0130067	0.99425	0.106287	0.246007	-0.106211	0.963431	8.58315	-3.79148	68.6095	
0.968719	0.0138134	-0.247775	0.0126104	0.99442	0.104741	0.247839	-0.104589	0.963139	8.84304	-3.90242	69.6234	
0.968254	0.0140073	-0.249575	0.0122111	0.994586	0.103195	0.249669	-0.102967	0.962841	9.10486	-4.01164	70.637	
0.971564	0.0127572	-0.236433	0.00673449	0.996655	0.0814503	0.236681	-0.0807264	0.968228	9.36082	-4.10832	71.6533	
0.974696	0.0118102	-0.223222	0.00155227	0.998222	0.0595916	0.223529	-0.0584302	0.972944	9.60303	-4.18156	72.6749	
0.977648	0.0111669	-0.209952	-0.00333201	0.999286	0.0376343	0.210222	-0.0360935	0.976987	9.83131	-4.23131	73.7011	
0.980418	0.0108278	-0.196631	-0.00791497	0.999847	0.0155936	0.19677	-0.0137319	0.980354	10.0455	-4.25753	74.7313	
0.983004	0.0107932	-0.183269	-0.0121934	0.999904	-0.00651534	0.183181	0.00863929	0.983041	10.2455	-4.26021	75.7646	
0.985403	0.011063	-0.169875	-0.0161644	0.999458	-0.0286771	0.169466	0.0310045	0.985048	10.4311	-4.23934	76.8004	
0.987616	0.011637	-0.156459	-0.0198252	0.998508	-0.0508764	0.155633	0.0533482	0.986373	10.6022	-4.19495	77.8379	
0.989639	0.012515	-0.143029	-0.0231733	0.997056	-0.0730979	0.141693	0.075655	0.987015	10.7586	-4.12706	78.8765	
0.991472	0.0136961	-0.129595	-0.0262063	0.995101	-0.0953261	0.127654	0.0979094	0.986974	10.9004	-4.03571	79.9154	
0.993114	0.0151798	-0.116166	-0.0289221	0.992646	-0.117546	0.113527	0.120096	0.98625	11.0273	-3.92098	80.9539	
0.994562	0.0169648	-0.102752	-0.0313189	0.989693	-0.139741	0.0993219	0.142199	0.984842	11.1394	-3.78293	81.9913	
0.995817	0.0190501	-0.0893612	-0.033395	0.986242	-0.161897	0.0850477	0.164205	0.982753	11.2364	-3.62167	83.0268	
0.996877	0.0214341	-0.0760038	-0.035149	0.982298	-0.183999	0.0707145	0.186096	0.979984	11.3184	-3.43731	84.0598	
0.997742	0.0241151	-0.0626886	-0.0365796	0.977862	-0.20603	0.0563324	0.207858	0.976535	11.3852	-3.22998	85.0895	
0.99841	0.0270914	-0.049425	-0.0376859	0.972937	-0.227977	0.0419112	0.229477	0.972411	11.4369	-2.99981	86.1152	
0.998882	0.0303609	-0.0362222	-0.0384671	0.967527	-0.249822	0.0274611	0.250937	0.967614	11.4734	-2.74697	87.1362	
0.999158	0.0339213	-0.0230891	-0.0389226	0.961636	-0.271553	0.0129919	0.272223	0.962147	11.4947	-2.47164	88.1518	
0.999236	0.0377701	-0.0100351	-0.0390522	0.955268	-0.293152	-0.0014862	0.29332	0.956013	11.5008	-2.174	89.1614	
0.999117	0.0419047	0.00293102	-0.0388557	0.948427	-0.314606	-0.0159633	0.314215	0.949218	11.4916	-1.85425	90.1641	
0.998802	0.0463222	0.0158001	-0.0383333	0.941117	-0.3359	-0.0304294	0.334891	0.941765	11.4672	-1.51263	91.1593	
0.998289	0.0510195	0.0285634	-0.0374853	0.933345	-0.357018	-0.0448744	0.355336	0.933661	11.4276	-1.14937	92.1463	
0.99758	0.0559935	0.0412119	-0.0363124	0.925115	-0.377947	-0.0592883	0.375535	0.92491	11.3727	-0.76472	93.1245	
0.996675	0.0612406	0.053737	-0.0348153	0.916433	-0.398671	-0.0736612	0.395474	0.915518	11.3028	-0.358943	94.0931	
0.995575	0.0667573	0.0661299	-0.0329951	0.907305	-0.419176	-0.0879831	0.41514	0.905493	11.2177	0.0676776	95.0514	
0.994281	0.0725396	0.0783822	-0.030853	0.897737	-0.439449	-0.102244	0.434517	0.894841	11.1176	0.514846	95.9989	
0.992793	0.0785837	0.0904852	-0.0283906	0.887737	-0.459475	-0.116434	0.453594	0.88357	11.0025	0.982253	96.9349	
0.991112	0.0848853	0.102431	-0.0256095	0.87731	-0.47924	-0.130544	0.472357	0.871686	10.8725	1.46958	97.8587	
0.989239	0.09144	0.11421	-0.0225116	0.866464	-0.498731	-0.144563	0.490793	0.859199	10.7277	1.97647	98.7696	
0.987177	0.0982434	0.125816	-0.0190992	0.855208	-0.517934	-0.158482	0.508889	0.846118	10.5682	2.5026	99.6671	
0.984926	0.105291	0.137239	-0.0153745	0.843547	-0.536835	-0.172292	0.526633	0.83245	10.3941	3.04759	100.551	
0.982488	0.112577	0.148473	-0.0113401	0.831491	-0.555423	-0.185982	0.544012	0.818206	10.2056	3.61106	101.419	
