1	0	0	0	1	0	0	0	1	0	0	0	
0.999994	5.79966e-06	0.00340518	5.79966e-06	0.999994	-0.00340636	-0.00340518	0.00340636	0.999988	-0.0014429	0.0014434	0.847471	
0.999977	2.32005e-05	0.00681091	2.31961e-05	0.999977	-0.00681195	-0.00681091	0.00681195	0.999954	-0.00577185	0.00577329	1.69492	
0.999948	5.22042e-05	0.0102171	5.21864e-05	0.999948	-0.0102167	-0.0102171	0.0102167	0.999896	-0.0129873	0.012989	2.54234	
0.999907	9.28118e-05	0.0136237	9.27674e-05	0.999907	-0.0136206	-0.0136237	0.0136206	0.999814	-0.0230895	0.0230897	3.38969	
0.999855	0.000145024	0.0170306	0.000144936	0.999855	-0.0170234	-0.0170306	0.0170234	0.99971	-0.0360789	0.0360748	4.23696	
0.999791	0.000208843	0.0204377	0.000208687	0.999791	-0.0204252	-0.0204377	0.0204252	0.999582	-0.0519556	0.0519431	5.08414	
0.999716	0.000284267	0.0238449	0.000284018	0.999716	-0.0238258	-0.0238449	0.0238258	0.999432	-0.0707198	0.0706939	5.9312	
0.999629	0.000371297	0.0272522	0.000370925	0.999629	-0.0272252	-0.0272522	0.0272251	0.999258	-0.0923716	0.0923262	6.77812	
0.99953	0.000469934	0.0306596	0.000469401	0.999531	-0.0306232	-0.0306596	0.0306232	0.999061	-0.116911	0.116839	7.62488	
0.999419	0.000580176	0.0340668	0.000579444	0.999421	-0.0340199	-0.0340668	0.0340199	0.99884	-0.144338	0.14423	8.47147	
0.999297	0.000702023	0.0374738	0.000701047	0.9993	-0.0374151	-0.0374738	0.0374151	0.998597	-0.174653	0.1745	9.31786	
0.999164	0.000835475	0.0408806	0.000834205	0.999167	-0.0408087	-0.0408806	0.0408087	0.99833	-0.207854	0.207647	10.164	
0.999018	0.000980528	0.0442871	0.000978913	0.999022	-0.0442008	-0.0442871	0.0442007	0.998041	-0.243943	0.243668	11.01	
0.998861	0.00113718	0.0476931	0.00113516	0.998866	-0.0475911	-0.0476932	0.047591	0.997728	-0.282919	0.282564	11.8557	
0.998693	0.00130544	0.0510987	0.00130295	0.998699	-0.0509796	-0.0510987	0.0509795	0.997392	-0.324781	0.324332	12.7011	
0.998512	0.00148529	0.0545037	0.00148227	0.99852	-0.0543663	-0.0545037	0.0543662	0.997032	-0.369528	0.368971	13.5462	
0.998321	0.00167674	0.057908	0.00167312	0.99833	-0.057751	-0.0579081	0.0577509	0.99665	-0.417162	0.416479	14.391	
0.998117	0.00187978	0.0613116	0.00187548	0.998128	-0.0611337	-0.0613117	0.0611335	0.996245	-0.46768	0.466855	15.2354	
0.997902	0.0020944	0.0647144	0.00208935	0.997915	-0.0645143	-0.0647146	0.0645141	0.995816	-0.521082	0.520097	16.0796	
0.997675	0.00232062	0.0681163	0.00231472	0.99769	-0.0678927	-0.0681165	0.0678925	0.995365	-0.577367	0.576203	16.9233	
0.997436	0.00255842	0.0715172	0.00255159	0.997454	-0.0712688	-0.0715175	0.0712686	0.99489	-0.636536	0.635171	17.7666	
0.997186	0.00280779	0.0749171	0.00279994	0.997206	-0.0746426	-0.0749174	0.0746423	0.994392	-0.698586	0.696999	18.6096	
0.996924	0.00306874	0.0783158	0.00305977	0.996948	-0.078014	-0.0783162	0.0780137	0.993871	-0.763517	0.761685	19.4521	
0.99665	0.00334126	0.0817134	0.00333107	0.996677	-0.081383	-0.0817138	0.0813825	0.993328	-0.831327	0.829227	20.2941	
0.996365	0.00362535	0.0851096	0.00361383	0.996396	-0.0847493	-0.0851101	0.0847488	0.992761	-0.902017	0.899623	21.1357	
0.996068	0.003921	0.0885045	0.00390804	0.996103	-0.088113	-0.0885051	0.0881124	0.992171	-0.975584	0.972871	21.9768	
0.995759	0.0042282	0.0918979	0.0042137	0.995799	-0.091474	-0.0918986	0.0914733	0.991558	-1.05203	1.04897	22.8174	
0.995439	0.00454696	0.0952898	0.00453078	0.995483	-0.0948321	-0.0952906	0.0948314	0.990922	-1.13135	1.12791	23.6574	
0.995107	0.00487726	0.0986801	0.00485929	0.995156	-0.0981874	-0.098681	0.0981865	0.990263	-1.21354	1.2097	24.4969	
0.994764	0.00521909	0.102069	0.0051992	0.994818	-0.10154	-0.10207	0.101539	0.989582	-1.29861	1.29433	25.3359	
0.994408	0.00557246	0.105455	0.00555052	0.994468	-0.104889	-0.105457	0.104888	0.988877	-1.38654	1.3818	26.1742	
0.994042	0.00593736	0.10884	0.00591323	0.994108	-0.108235	-0.108842	0.108234	0.988149	-1.47735	1.47211	27.012	
0.993663	0.00631378	0.112223	0.00628731	0.993736	-0.111578	-0.112225	0.111577	0.987399	-1.57102	1.56525	27.8491	
0.993273	0.0067017	0.115604	0.00667277	0.993353	-0.114918	-0.115606	0.114916	0.986625	-1.66756	1.66123	28.6856	
0.992871	0.00710113	0.118983	0.00706958	0.992958	-0.118254	-0.118985	0.118252	0.985829	-1.76697	1.76003	29.5214	
0.992457	0.00751206	0.12236	0.00747773	0.992553	-0.121587	-0.122362	0.121585	0.98501	-1.86924	1.86166	30.3565	
0.992032	0.00793448	0.125735	0.00789721	0.992136	-0.124917	-0.125737	0.124914	0.984168	-1.97437	1.96611	31.1909	
0.991595	0.00836838	0.129107	0.00832801	0.991708	-0.128243	-0.129109	0.12824	0.983303	-2.08236	2.07338	32.0246	
0.991147	0.00881374	0.132477	0.00877012	0.991269	-0.131565	-0.132479	0.131562	0.982416	-2.1932	2.18347	32.8575	
0.990687	0.00927058	0.135844	0.00922353	0.990819	-0.134883	-0.135847	0.13488	0.981505	-2.3069	2.29637	33.6897	
0.990215	0.00973886	0.139209	0.00968821	0.990357	-0.138198	-0.139212	0.138195	0.980572	-2.42345	2.41208	34.5211	
0.989732	0.0102186	0.142571	0.0101642	0.989885	-0.141509	-0.142574	0.141505	0.979617	-2.54286	2.5306	35.3517	
0.989237	0.0107098	0.14593	0.0106514	0.989401	-0.144816	-0.145934	0.144812	0.978638	-2.66511	2.65193	36.1815	
0.98873	0.0112124	0.149286	0.0111498	0.988907	-0.148119	-0.149291	0.148114	0.977637	-2.79021	2.77605	37.0105	
0.988212	0.0117264	0.15264	0.0116595	0.988401	-0.151417	-0.152645	0.151412	0.976613	-2.91815	2.90297	37.8386	
0.987683	0.0122518	0.155991	0.0121803	0.987885	-0.154712	-0.155996	0.154706	0.975567	-3.04893	3.03268	38.6658	
0.987141	0.0127886	0.159338	0.0127124	0.987357	-0.158002	-0.159344	0.157996	0.974498	-3.18256	3.16519	39.4921	
0.986588	0.0133368	0.162683	0.0132556	0.986818	-0.161288	-0.162689	0.161282	0.973407	-3.31901	3.30048	40.3175	
0.986024	0.0138963	0.166024	0.0138101	0.986269	-0.16457	-0.166031	0.164563	0.972293	-3.4583	3.43855	41.142	
0.985448	0.0144672	0.169362	0.0143756	0.985708	-0.167847	-0.16937	0.167839	0.971156	-3.60043	3.5794	41.9655	
0.98486	0.0150495	0.172697	0.0149523	0.985137	-0.171119	-0.172705	0.171111	0.969997	-3.74538	3.72303	42.788	
0.984261	0.0156431	0.176028	0.0155401	0.984554	-0.174387	-0.176037	0.174378	0.968815	-3.89315	3.86943	43.6096	
0.98365	0.016248	0.179355	0.016139	0.983961	-0.177651	-0.179365	0.177641	0.967611	-4.04375	4.01859	44.4301	
0.983028	0.0168643	0.18268	0.016749	0.983357	-0.180909	-0.18269	0.180898	0.966385	-4.19717	4.17052	45.2496	
0.982394	0.0174918	0.186	0.0173701	0.982742	-0.184162	-0.186011	0.184151	0.965136	-4.3534	4.3252	46.0681	
0.981749	0.0181306	0.189316	0.0180022	0.982117	-0.187411	-0.189329	0.187399	0.963865	-4.51245	4.48264	46.8855	
0.981092	0.0187807	0.192629	0.0186453	0.98148	-0.190655	-0.192642	0.190641	0.962572	-4.6743	4.64283	47.7018	
0.979855	0.0199991	0.198705	0.0195373	0.980601	-0.195037	-0.198751	0.194991	0.960457	-4.84015	4.80624	48.5166	
0.97858	0.0212447	0.204766	0.0204577	0.979702	-0.199413	-0.204846	0.199331	0.958282	-5.01117	4.97333	49.3297	
0.977267	0.0225176	0.210812	0.0214065	0.978782	-0.203781	-0.210928	0.203661	0.95605	-5.18735	5.14409	50.1409	
0.975916	0.0238176	0.216844	0.0223835	0.977843	-0.208142	-0.216996	0.207982	0.953759	-5.36868	5.31852	50.9501	
0.974526	0.0251447	0.22286	0.0233887	0.976883	-0.212494	-0.223051	0.212293	0.95141	-5.55514	5.49661	51.7574	
0.973099	0.0264988	0.22886	0.024422	0.975902	-0.216837	-0.229091	0.216593	0.949002	-5.74673	5.67834	52.5627	
0.971633	0.0278798	0.234844	0.0254835	0.974902	-0.221171	-0.235116	0.220882	0.946537	-5.94344	5.86372	53.3659	
0.97013	0.0292878	0.240811	0.026573	0.973882	-0.225496	-0.241126	0.22516	0.944013	-6.14524	6.05273	54.167	
0.968589	0.0307225	0.246762	0.0276904	0.972841	-0.229811	-0.247121	0.229426	0.941433	-6.35213	6.24535	54.9659	
0.96701	0.032184	0.252696	0.0288357	0.971781	-0.234116	-0.2531	0.23368	0.938794	-6.56409	6.44159	55.7627	
0.965394	0.0336721	0.258612	0.0300088	0.970701	-0.238411	-0.259063	0.237921	0.936098	-6.78111	6.64142	56.5571	
0.963741	0.0351868	0.26451	0.0312096	0.969601	-0.242694	-0.265009	0.24215	0.933345	-7.00318	6.84485	57.3493	
0.96205	0.036728	0.270391	0.0324381	0.968481	-0.246966	-0.270939	0.246365	0.930536	-7.23029	7.05185	58.1391	
0.960322	0.0382956	0.276252	0.0336941	0.967342	-0.251227	-0.276851	0.250567	0.927669	-7.46241	7.26242	58.9265	
0.958557	0.0398896	0.282096	0.0349775	0.966183	-0.255475	-0.282747	0.254755	0.924746	-7.69953	7.47655	59.7114	
0.956755	0.0415097	0.28792	0.0362883	0.965004	-0.259712	-0.288624	0.258928	0.921766	-7.94164	7.69421	60.4939	
0.954916	0.0431561	0.293724	0.0376263	0.963806	-0.263935	-0.294484	0.263087	0.91873	-8.18873	7.91541	61.2738	
0.95304	0.0448285	0.299509	0.0389915	0.962589	-0.268145	-0.300325	0.267231	0.915638	-8.44077	8.14013	62.0511	
0.951127	0.0465269	0.305274	0.0403837	0.961353	-0.272342	-0.306147	0.27136	0.91249	-8.69776	8.36835	62.8257	
0.949178	0.0482511	0.311018	0.0418029	0.960097	-0.276525	-0.31195	0.275473	0.909287	-8.95967	8.60007	63.5977	
0.947193	0.0500012	0.316742	0.0432488	0.958823	-0.280693	-0.317734	0.279569	0.906028	-9.22649	8.83526	64.3669	
0.945171	0.0517769	0.322444	0.0447215	0.957529	-0.284847	-0.323498	0.28365	0.902714	-9.49821	9.07392	65.1333	
0.943113	0.0535782	0.328126	0.0462208	0.956217	-0.288986	-0.329243	0.287713	0.899345	-9.7748	9.31603	65.8969	
0.94102	0.055405	0.333785	0.0477465	0.954886	-0.29311	-0.334967	0.291759	0.895921	-10.0563	9.56157	66.6577	
0.93889	0.0572572	0.339423	0.0492985	0.953536	-0.297218	-0.34067	0.295788	0.892442	-10.3425	9.81054	67.4155	
0.936724	0.0591346	0.345038	0.0508768	0.952168	-0.30131	-0.346352	0.299799	0.88891	-10.6337	10.0629	68.1703	
0.934523	0.0610372	0.350631	0.0524811	0.950781	-0.305386	-0.352013	0.303792	0.885323	-10.9296	10.3187	68.9221	
0.927504	0.0670114	0.367757	0.0555134	0.9482	-0.312786	-0.369668	0.310525	0.87574	-11.2354	10.579	69.6683	
0.920144	0.0731153	0.384693	0.0586934	0.945563	-0.320103	-0.387156	0.31712	0.865763	-11.5561	10.845	70.4063	
0.912446	0.079346	0.401431	0.0620196	0.942871	-0.327335	-0.404471	0.323572	0.855397	-11.8916	11.1165	71.1357	
0.904412	0.0857007	0.417964	0.0654905	0.940125	-0.334478	-0.421604	0.329879	0.844648	-12.2416	11.3934	71.8561	
0.896047	0.0921767	0.434284	0.0691047	0.937327	-0.341529	-0.438548	0.336037	0.83352	-12.6061	11.6755	72.5672	
0.887355	0.0987711	0.450384	0.0728603	0.934478	-0.348485	-0.455295	0.342045	0.822017	-12.9849	11.9629	73.2687	
0.878338	0.105481	0.466257	0.0767559	0.931579	-0.355343	-0.471837	0.3479	0.810145	-13.3778	12.2553	73.9604	
0.869002	0.112303	0.481895	0.0807896	0.928632	-0.3621	-0.488168	0.353598	0.79791	-13.7846	12.5525	74.6418	
0.859351	0.119234	0.497292	0.0849596	0.925637	-0.368752	-0.50428	0.359137	0.785317	-14.2051	12.8545	75.3127	
0.849388	0.126272	0.51244	0.0892641	0.922596	-0.375297	-0.520165	0.364516	0.772371	-14.6392	13.1612	75.9728	
0.839119	0.133412	0.527334	0.093701	0.919511	-0.381732	-0.535817	0.36973	0.759078	-15.0867	13.4723	76.6217	
0.828547	0.140652	0.541965	0.0982685	0.916383	-0.388054	-0.551228	0.374779	0.745445	-15.5473	13.7878	77.2593	
0.817679	0.147989	0.556328	0.102964	0.913213	-0.394259	-0.566392	0.379659	0.731477	-16.0209	14.1075	77.8851	
0.806517	0.155419	0.570416	0.107787	0.910003	-0.400346	-0.581302	0.384369	0.717181	-16.5073	14.4313	78.499	
0.795069	0.162939	0.584223	0.112733	0.906754	-0.406312	-0.595951	0.388907	0.702563	-17.0061	14.7589	79.1006	
