1	0	0	0	1	0	0	0	1	0	0	0	
1	-2.59127e-07	0.000693626	-2.59127e-07	1	0.000747167	-0.000693626	-0.000747167	0.999999	-0.00032089	-0.000345659	0.925252	
0.999999	-1.04116e-06	0.00139032	-1.04129e-06	0.999999	0.00149782	-0.00139032	-0.00149782	0.999998	-0.00128498	-0.00138425	1.8505	
0.999998	-2.35307e-06	0.00209005	-2.35358e-06	0.999997	0.00225193	-0.00209005	-0.00225193	0.999995	-0.00289509	-0.00311898	2.77575	
0.999996	-4.20175e-06	0.00279278	-4.20304e-06	0.999995	0.00300946	-0.00279278	-0.00300946	0.999992	-0.00515401	-0.00555304	3.701	
0.999994	-6.59407e-06	0.00349848	-6.59665e-06	0.999993	0.00377038	-0.00349848	-0.00377038	0.999987	-0.00806451	-0.00868957	4.62624	
0.999991	-9.5368e-06	0.00420713	-9.54133e-06	0.99999	0.00453467	-0.00420713	-0.00453467	0.999981	-0.0116293	-0.0125317	5.55148	
0.999988	-1.30367e-05	0.00491869	-1.3044e-05	0.999986	0.00530228	-0.00491869	-0.00530228	0.999974	-0.0158512	-0.0170825	6.47671	
0.999984	-1.71003e-05	0.00563314	-1.71113e-05	0.999982	0.00607319	-0.00563314	-0.00607319	0.999966	-0.0207327	-0.0223451	7.40194	
0.99998	-2.17344e-05	0.00635043	-2.17502e-05	0.999977	0.00684736	-0.00635043	-0.00684736	0.999956	-0.0262766	-0.0283225	8.32715	
0.999975	-2.69454e-05	0.00707054	-2.69672e-05	0.999971	0.00762476	-0.00707054	-0.00762476	0.999946	-0.0324855	-0.0350177	9.25236	
0.99997	-3.27399e-05	0.00779344	-3.2769e-05	0.999965	0.00840537	-0.00779344	-0.00840537	0.999934	-0.039362	-0.0424337	10.1776	
0.999964	-3.91241e-05	0.00851909	-3.91621e-05	0.999958	0.00918914	-0.00851909	-0.00918914	0.999921	-0.0469086	-0.0505733	11.1027	
0.999957	-4.61044e-05	0.00924746	-4.6153e-05	0.99995	0.00997604	-0.00924746	-0.00997604	0.999907	-0.0551279	-0.0594397	12.0279	
0.99995	-5.36871e-05	0.00997853	-5.37481e-05	0.999942	0.0107661	-0.00997853	-0.0107661	0.999892	-0.0640223	-0.0690355	12.9531	
0.999943	-6.18784e-05	0.0107123	-6.19537e-05	0.999933	0.0115591	-0.0107123	-0.0115591	0.999876	-0.0735944	-0.0793637	13.8782	
0.999934	-7.06843e-05	0.0114486	-7.07761e-05	0.999924	0.0123552	-0.0114486	-0.0123552	0.999858	-0.0838466	-0.0904271	14.8034	
0.999926	-8.01109e-05	0.0121876	-8.02216e-05	0.999913	0.0131543	-0.0121876	-0.0131544	0.999839	-0.0947814	-0.102229	15.7285	
0.999916	-9.01642e-05	0.0129291	-9.02961e-05	0.999903	0.0139564	-0.0129291	-0.0139564	0.999819	-0.106401	-0.114771	16.6536	
0.999907	-0.00010085	0.0136731	-0.000101006	0.999891	0.0147614	-0.0136731	-0.0147615	0.999798	-0.118708	-0.128056	17.5786	
0.999896	-0.000112174	0.0144197	-0.000112357	0.999879	0.0155694	-0.0144197	-0.0155694	0.999775	-0.131704	-0.142088	18.5037	
0.999885	-0.000124142	0.0151687	-0.000124354	0.999866	0.0163802	-0.0151687	-0.0163802	0.999751	-0.145393	-0.156869	19.4287	
0.999873	-0.00013676	0.0159202	-0.000137005	0.999852	0.0171938	-0.0159202	-0.0171938	0.999725	-0.159775	-0.172401	20.3537	
0.999861	-0.000150033	0.016674	-0.000150314	0.999838	0.0180102	-0.016674	-0.0180102	0.999699	-0.174854	-0.188687	21.2787	
0.999848	-0.000163967	0.0174302	-0.000164287	0.999823	0.0188294	-0.0174302	-0.0188294	0.999671	-0.190632	-0.20573	22.2037	
0.999835	-0.000178567	0.0181888	-0.000178931	0.999807	0.0196513	-0.0181888	-0.0196513	0.999641	-0.20711	-0.223533	23.1286	
0.99982	-0.000193839	0.0189497	-0.000194249	0.99979	0.0204759	-0.0189496	-0.0204759	0.999611	-0.224291	-0.242096	24.0535	
0.999806	-0.000209787	0.0197128	-0.000210248	0.999773	0.0213032	-0.0197128	-0.0213032	0.999579	-0.242177	-0.261425	24.9784	
0.99979	-0.000226416	0.0204782	-0.000226932	0.999755	0.0221331	-0.0204782	-0.0221331	0.999545	-0.260771	-0.281519	25.9032	
0.999774	-0.000243733	0.0212457	-0.000244308	0.999736	0.0229656	-0.0212457	-0.0229656	0.99951	-0.280073	-0.302383	26.8281	
0.999758	-0.000261741	0.0220155	-0.000262381	0.999717	0.0238007	-0.0220155	-0.0238007	0.999474	-0.300087	-0.324019	27.7528	
0.99974	-0.000280446	0.0227874	-0.000281154	0.999696	0.0246383	-0.0227874	-0.0246383	0.999437	-0.320814	-0.346428	28.6776	
0.999722	-0.000299852	0.0235614	-0.000300634	0.999675	0.0254784	-0.0235614	-0.0254784	0.999398	-0.342256	-0.369613	29.6023	
0.999704	-0.000319965	0.0243374	-0.000320824	0.999653	0.0263209	-0.0243374	-0.0263209	0.999357	-0.364416	-0.393577	30.527	
0.999684	-0.000340788	0.0251155	-0.000341731	0.999631	0.0271659	-0.0251155	-0.0271659	0.999315	-0.387294	-0.418321	31.4516	
0.999665	-0.000362326	0.0258956	-0.000363358	0.999607	0.0280132	-0.0258956	-0.0280132	0.999272	-0.410893	-0.443848	32.3762	
0.999644	-0.000384583	0.0266777	-0.000385711	0.999583	0.0288629	-0.0266777	-0.0288629	0.999227	-0.435215	-0.470161	33.3008	
0.999623	-0.000407564	0.0274617	-0.000408792	0.999558	0.0297149	-0.0274617	-0.0297149	0.999181	-0.460261	-0.497261	34.2253	
0.999601	-0.000431274	0.0282477	-0.000432608	0.999533	0.0305692	-0.0282476	-0.0305692	0.999133	-0.486034	-0.52515	35.1498	
0.999578	-0.000455715	0.0290354	-0.000457162	0.999506	0.0314257	-0.0290354	-0.0314257	0.999084	-0.512534	-0.55383	36.0742	
0.999555	-0.000480892	0.0298251	-0.000482458	0.999479	0.0322844	-0.029825	-0.0322845	0.999034	-0.539765	-0.583304	36.9986	
0.999531	-0.000506809	0.0306165	-0.000508501	0.99945	0.0331453	-0.0306165	-0.0331454	0.998981	-0.567726	-0.613574	37.9229	
0.999506	-0.00053347	0.0314097	-0.000535295	0.999421	0.0340084	-0.0314097	-0.0340084	0.998928	-0.596421	-0.644641	38.8472	
0.999481	-0.000560879	0.0322046	-0.000562842	0.999392	0.0348735	-0.0322046	-0.0348735	0.998873	-0.625851	-0.676507	39.7714	
0.999455	-0.000589038	0.0330013	-0.000591148	0.999361	0.0357407	-0.0330012	-0.0357407	0.998816	-0.656017	-0.709175	40.6956	
0.999428	-0.000617952	0.0337996	-0.000620216	0.999329	0.0366099	-0.0337995	-0.03661	0.998758	-0.686921	-0.742647	41.6197	
0.999401	-0.000647624	0.0345995	-0.000650049	0.999297	0.0374811	-0.0345994	-0.0374812	0.998698	-0.718564	-0.776923	42.5438	
0.999373	-0.000678056	0.035401	-0.000680651	0.999264	0.0383543	-0.035401	-0.0383543	0.998637	-0.750948	-0.812007	43.4678	
0.999344	-0.000709253	0.0362041	-0.000712025	0.99923	0.0392294	-0.0362041	-0.0392294	0.998574	-0.784074	-0.847899	44.3918	
0.999315	-0.000741217	0.0370087	-0.000744174	0.999195	0.0401063	-0.0370087	-0.0401064	0.99851	-0.817944	-0.884602	45.3157	
0.999284	-0.000773952	0.0378148	-0.000777102	0.999159	0.0409852	-0.0378148	-0.0409852	0.998444	-0.85256	-0.922117	46.2396	
0.999254	-0.000807459	0.0386224	-0.000810811	0.999123	0.0418658	-0.0386224	-0.0418658	0.998376	-0.887922	-0.960446	47.1633	
0.999222	-0.000841743	0.0394314	-0.000845305	0.999086	0.0427482	-0.0394313	-0.0427482	0.998307	-0.924031	-0.999591	48.0871	
0.99919	-0.000876805	0.0402418	-0.000880587	0.999047	0.0436323	-0.0402417	-0.0436324	0.998237	-0.96089	-1.03955	49.0107	
0.999157	-0.000912647	0.0410536	-0.000916658	0.999008	0.0445181	-0.0410535	-0.0445182	0.998165	-0.998499	-1.08033	49.9343	
0.999123	-0.000949273	0.0418666	-0.000953522	0.998968	0.0454056	-0.0418665	-0.0454057	0.998091	-1.03686	-1.12193	50.8578	
0.999088	-0.000986685	0.042681	-0.000991181	0.998927	0.0462947	-0.0426809	-0.0462948	0.998016	-1.07597	-1.16436	51.7813	
0.999053	-0.00102488	0.0434966	-0.00102964	0.998886	0.0471854	-0.0434965	-0.0471855	0.997939	-1.11584	-1.2076	52.7046	
0.999017	-0.00106387	0.0443135	-0.00106889	0.998843	0.0480776	-0.0443133	-0.0480777	0.99786	-1.15647	-1.25168	53.628	
0.99898	-0.00110365	0.0451315	-0.00110895	0.9988	0.0489714	-0.0451313	-0.0489715	0.99778	-1.19784	-1.29657	54.5512	
0.998943	-0.00114423	0.0459506	-0.00114981	0.998755	0.0498666	-0.0459505	-0.0498667	0.997698	-1.23998	-1.3423	55.4744	
0.998905	-0.0011856	0.0467709	-0.00119148	0.99871	0.0507632	-0.0467708	-0.0507634	0.997615	-1.28288	-1.38885	56.3974	
0.99876	-0.00134308	0.0497619	-0.00136115	0.998525	0.0542696	-0.0497615	-0.05427	0.997286	-1.32754	-1.43744	57.3203	
0.998606	-0.00151113	0.0527529	-0.00154139	0.998328	0.0577759	-0.0527521	-0.0577767	0.996935	-1.37496	-1.48928	58.2429	
0.998444	-0.00168975	0.0557437	-0.00173221	0.998119	0.061282	-0.0557424	-0.0612832	0.996563	-1.42515	-1.54436	59.1652	
0.998272	-0.00187894	0.0587341	-0.0019336	0.997897	0.0647877	-0.0587323	-0.0647893	0.996169	-1.47811	-1.60268	60.087	
0.998091	-0.00207869	0.0617239	-0.00214555	0.997663	0.0682927	-0.0617216	-0.0682948	0.995754	-1.53384	-1.66425	61.0086	
0.997901	-0.002289	0.0647128	-0.00236807	0.997416	0.0717969	-0.06471	-0.0717995	0.995318	-1.59233	-1.72906	61.9297	
0.997703	-0.00250985	0.0677008	-0.00260113	0.997158	0.0753001	-0.0676974	-0.0753032	0.99486	-1.65358	-1.79712	62.8504	
0.997495	-0.00274125	0.0706876	-0.00284474	0.996886	0.078802	-0.0706835	-0.0788057	0.994381	-1.7176	-1.86841	63.7707	
0.997278	-0.00298316	0.073673	-0.00309888	0.996603	0.0823024	-0.0736683	-0.0823067	0.993881	-1.78438	-1.94295	64.6905	
0.997052	-0.00323558	0.0766569	-0.00336354	0.996307	0.0858012	-0.0766514	-0.0858061	0.993359	-1.85393	-2.02072	65.6099	
0.996818	-0.0034985	0.079639	-0.00363869	0.995998	0.0892981	-0.0796327	-0.0893037	0.992816	-1.92623	-2.10173	66.5287	
0.996574	-0.00377188	0.0826191	-0.00392433	0.995678	0.0927929	-0.082612	-0.0927992	0.992252	-2.00129	-2.18598	67.4471	
0.996322	-0.00405572	0.0855971	-0.00422044	0.995345	0.0962854	-0.0855892	-0.0962925	0.991666	-2.0791	-2.27346	68.3649	
0.99606	-0.00434999	0.0885728	-0.00452698	0.995	0.0997755	-0.0885639	-0.0997833	0.99106	-2.15967	-2.36417	69.2821	
0.99579	-0.00465467	0.091546	-0.00484395	0.994642	0.103263	-0.0915361	-0.103271	0.990432	-2.24299	-2.4581	70.1988	
0.995511	-0.00496972	0.0945164	-0.00517131	0.994273	0.106747	-0.0945056	-0.106757	0.989784	-2.32905	-2.55527	71.1149	
0.994004	-0.00667938	0.109135	-0.00698163	0.992218	0.124315	-0.109116	-0.124332	0.986223	-2.42326	-2.66218	72.0291	
0.992282	-0.00864858	0.123698	-0.00905122	0.989852	0.141815	-0.123669	-0.14184	0.982134	-2.53096	-2.78533	72.9398	
0.990345	-0.0108763	0.138196	-0.011379	0.987175	0.159237	-0.138155	-0.159272	0.97752	-2.65209	-2.92463	73.8464	
0.988194	-0.0133613	0.152622	-0.0139637	0.984189	0.176573	-0.152568	-0.17662	0.972383	-2.78659	-3.08003	74.7485	
0.985831	-0.0161023	0.166968	-0.0168039	0.980895	0.193813	-0.166899	-0.193872	0.966726	-2.93439	-3.25144	75.6456	
0.983256	-0.0190978	0.181226	-0.0198982	0.977295	0.210947	-0.18114	-0.211021	0.960551	-3.09541	-3.43876	76.5373	
0.980471	-0.0223462	0.19539	-0.0232448	0.973391	0.227967	-0.195285	-0.228057	0.953863	-3.26956	-3.6419	77.423	
0.977478	-0.0258458	0.20945	-0.026842	0.969186	0.244864	-0.209325	-0.244971	0.946664	-3.45675	-3.86075	78.3023	
0.974277	-0.0295947	0.223401	-0.0306879	0.964681	0.261628	-0.223253	-0.261754	0.938958	-3.65689	-4.09518	79.1746	
0.970872	-0.0335909	0.237233	-0.0347803	0.959878	0.278251	-0.237062	-0.278397	0.930751	-3.86985	-4.34508	80.0397	
0.967263	-0.0378322	0.250941	-0.0391172	0.954782	0.294724	-0.250744	-0.294891	0.922045	-4.09553	-4.61031	80.8968	
0.963453	-0.0423165	0.264516	-0.0436961	0.949393	0.311037	-0.264291	-0.311227	0.912846	-4.33381	-4.89073	81.7457	
0.959443	-0.0470412	0.277951	-0.0485147	0.943715	0.327182	-0.277698	-0.327397	0.903158	-4.58456	-5.18619	82.5859	
0.955236	-0.0520038	0.291239	-0.0535704	0.937751	0.343151	-0.290955	-0.343392	0.892988	-4.84764	-5.49653	83.4169	
0.950834	-0.0572018	0.304374	-0.0588603	0.931505	0.358934	-0.304057	-0.359203	0.882339	-5.12292	-5.82158	84.2382	
0.946239	-0.0626323	0.317347	-0.0643819	0.924979	0.374525	-0.316997	-0.374821	0.871219	-5.41025	-6.16117	85.0495	
0.941454	-0.0682924	0.330152	-0.0701319	0.918177	0.389913	-0.329766	-0.390239	0.859632	-5.70948	-6.51513	85.8503	
0.936481	-0.0741791	0.342783	-0.0761075	0.911103	0.405091	-0.34236	-0.405448	0.847586	-6.02043	-6.88325	86.6401	
0.931324	-0.0802893	0.355231	-0.0823054	0.903761	0.420051	-0.35477	-0.420441	0.835086	-6.34296	-7.26534	87.4186	
0.925984	-0.0866196	0.367492	-0.0887222	0.896153	0.434784	-0.36699	-0.435208	0.822139	-6.67688	-7.66121	88.1853	
0.920465	-0.0931667	0.379558	-0.0953546	0.888286	0.449284	-0.379014	-0.449743	0.808752	-7.02201	-8.07063	88.9399	
0.914769	-0.0999271	0.391422	-0.102199	0.880162	0.463542	-0.390835	-0.464037	0.794933	-7.37818	-8.49338	89.6818	
