1	0	0	0	1	0	0	0	1	0	0	0	
1	1.28239e-06	-0.000817622	1.28239e-06	0.999995	0.00313687	0.000817622	-0.00313687	0.999995	0.000431729	-0.00165636	1.05606	
0.999999	5.13456e-06	-0.0016359	5.13622e-06	0.99998	0.0062783	0.0016359	-0.0062783	0.999979	0.00172726	-0.00662786	2.11211	
0.999997	1.15641e-05	-0.00245479	1.15707e-05	0.999956	0.00942412	0.00245479	-0.00942412	0.999953	0.00388728	-0.0149192	3.16813	
0.999995	2.05781e-05	-0.00327426	2.05948e-05	0.999921	0.0125742	0.00327426	-0.0125742	0.999916	0.00691239	-0.026535	4.22412	
0.999992	3.21833e-05	-0.00409426	3.22168e-05	0.999876	0.0157283	0.00409426	-0.0157283	0.999868	0.0108032	-0.0414796	5.28007	
0.999988	4.6386e-05	-0.00491474	4.64446e-05	0.999822	0.0188864	0.00491474	-0.0188864	0.99981	0.0155602	-0.0597573	6.33596	
0.999984	6.3192e-05	-0.00573566	6.32858e-05	0.999757	0.0220483	0.00573566	-0.0220483	0.99974	0.021184	-0.081372	7.39179	
0.999978	8.26066e-05	-0.00655699	8.27475e-05	0.999682	0.0252137	0.00655699	-0.0252137	0.999661	0.0276749	-0.106328	8.44753	
0.999973	0.000104635	-0.00737868	0.000104836	0.999597	0.0283826	0.00737868	-0.0283826	0.99957	0.0350333	-0.134628	9.50319	
0.999966	0.000129281	-0.00820069	0.000129559	0.999502	0.0315548	0.00820069	-0.0315548	0.999468	0.0432597	-0.166277	10.5587	
0.999959	0.00015655	-0.00902297	0.00015692	0.999397	0.0347301	0.00902297	-0.0347301	0.999356	0.0523543	-0.201278	11.6142	
0.999952	0.000186444	-0.00984549	0.000186926	0.999281	0.0379084	0.00984548	-0.0379084	0.999233	0.0623175	-0.239633	12.6695	
0.999943	0.000218967	-0.0106682	0.000219581	0.999155	0.0410895	0.0106682	-0.0410895	0.999099	0.0731493	-0.281346	13.7247	
0.999934	0.000254122	-0.0114911	0.00025489	0.999019	0.0442732	0.011491	-0.0442732	0.998953	0.08485	-0.32642	14.7797	
0.999924	0.000291911	-0.012314	0.000292857	0.998873	0.0474595	0.012314	-0.0474595	0.998797	0.0974198	-0.374858	15.8346	
0.999914	0.000332335	-0.013137	0.000333486	0.998717	0.050648	0.013137	-0.0506481	0.99863	0.110859	-0.426662	16.8893	
0.999902	0.000375397	-0.0139601	0.000376779	0.99855	0.0538388	0.0139601	-0.0538388	0.998452	0.125167	-0.481834	17.9438	
0.999891	0.000421097	-0.0147831	0.000422739	0.998372	0.0570316	0.0147831	-0.0570316	0.998263	0.140344	-0.540377	18.9981	
0.999878	0.000469436	-0.0156061	0.00047137	0.998185	0.0602262	0.015606	-0.0602262	0.998063	0.15639	-0.602293	20.0523	
0.999865	0.000520414	-0.016429	0.000522671	0.997987	0.0634225	0.0164289	-0.0634225	0.997852	0.173306	-0.667583	21.1062	
0.999851	0.00057403	-0.0172517	0.000576646	0.997778	0.0666204	0.0172516	-0.0666204	0.997629	0.19109	-0.73625	22.1598	
0.999836	0.000630284	-0.0180742	0.000633295	0.997559	0.0698196	0.0180741	-0.0698196	0.997396	0.209743	-0.808294	23.2133	
0.999821	0.000689174	-0.0188966	0.000692618	0.99733	0.0730201	0.0188964	-0.0730201	0.997151	0.229265	-0.883718	24.2665	
0.999805	0.000750699	-0.0197186	0.000754616	0.997091	0.0762216	0.0197185	-0.0762216	0.996896	0.249655	-0.962522	25.3194	
0.999789	0.000814857	-0.0205404	0.000819288	0.996841	0.079424	0.0205402	-0.0794241	0.996629	0.270913	-1.04471	26.372	
0.999771	0.000881645	-0.0213617	0.000886633	0.99658	0.0826272	0.0213615	-0.0826272	0.996352	0.293038	-1.13028	27.4244	
0.999753	0.000951061	-0.0221827	0.00095665	0.996309	0.0858309	0.0221825	-0.085831	0.996063	0.316031	-1.21923	28.4764	
0.999735	0.0010231	-0.0230033	0.00102934	0.996028	0.0890351	0.023003	-0.0890352	0.995763	0.33989	-1.31156	29.5282	
0.999716	0.00109776	-0.0238234	0.0011047	0.995736	0.0922395	0.0238231	-0.0922396	0.995452	0.364616	-1.40728	30.5796	
0.999696	0.00117504	-0.024643	0.00118272	0.995434	0.0954441	0.0246426	-0.0954441	0.99513	0.390207	-1.50638	31.6307	
0.999675	0.00125492	-0.025462	0.0012634	0.995122	0.0986485	0.0254616	-0.0986486	0.994797	0.416664	-1.60887	32.6814	
0.999654	0.00133741	-0.0262805	0.00134675	0.994799	0.101853	0.02628	-0.101853	0.994452	0.443985	-1.71474	33.7318	
0.999632	0.00142251	-0.0270983	0.00143275	0.994465	0.105057	0.0270977	-0.105057	0.994097	0.47217	-1.824	34.7818	
0.999609	0.00151019	-0.0279154	0.0015214	0.994121	0.10826	0.0279148	-0.10826	0.993731	0.501218	-1.93663	35.8315	
0.999586	0.00160047	-0.0287318	0.0016127	0.993767	0.111463	0.0287311	-0.111463	0.993353	0.531129	-2.05265	36.8807	
0.999562	0.00169333	-0.0295475	0.00170664	0.993403	0.114665	0.0295467	-0.114665	0.992965	0.561901	-2.17206	37.9295	
0.999537	0.00178876	-0.0303623	0.00180322	0.993028	0.117865	0.0303615	-0.117866	0.992565	0.593535	-2.29484	38.978	
0.999512	0.00188676	-0.0311764	0.00190243	0.992643	0.121065	0.0311754	-0.121065	0.992155	0.626028	-2.421	40.026	
0.999486	0.00198731	-0.0319895	0.00200426	0.992247	0.124263	0.0319885	-0.124264	0.991733	0.659381	-2.55054	41.0735	
0.99946	0.00209042	-0.0328018	0.0021087	0.991841	0.12746	0.0328006	-0.127461	0.991301	0.693591	-2.68346	42.1206	
0.999433	0.00219606	-0.0336131	0.00221576	0.991425	0.130656	0.0336118	-0.130656	0.990858	0.728659	-2.81976	43.1672	
0.999405	0.00230424	-0.0344234	0.00232542	0.990999	0.133849	0.0344219	-0.133849	0.990404	0.764583	-2.95942	44.2134	
0.999376	0.00241494	-0.0352326	0.00243767	0.990562	0.137041	0.0352311	-0.137041	0.989939	0.801362	-3.10246	45.2591	
0.999347	0.00252815	-0.0360408	0.00255251	0.990116	0.14023	0.0360391	-0.14023	0.989463	0.838995	-3.24887	46.3043	
0.999317	0.00264387	-0.0368479	0.00266993	0.989659	0.143417	0.0368461	-0.143418	0.988976	0.87748	-3.39864	47.349	
0.999287	0.00276207	-0.0376539	0.00278991	0.989192	0.146602	0.0376518	-0.146602	0.988479	0.916818	-3.55178	48.3931	
0.999256	0.00288275	-0.0384586	0.00291244	0.988714	0.149784	0.0384564	-0.149785	0.98797	0.957005	-3.70829	49.4367	
0.999224	0.0030059	-0.0392622	0.00303753	0.988227	0.152964	0.0392597	-0.152964	0.987452	0.998042	-3.86815	50.4798	
0.999192	0.0031315	-0.0400645	0.00316515	0.98773	0.15614	0.0400618	-0.156141	0.986922	1.03993	-4.03136	51.5224	
0.999159	0.00325955	-0.0408654	0.0032953	0.987223	0.159314	0.0408626	-0.159314	0.986382	1.08266	-4.19793	52.5643	
0.999126	0.00339002	-0.0416651	0.00342795	0.986705	0.162484	0.041662	-0.162485	0.985831	1.12623	-4.36785	53.6057	
0.999092	0.00352291	-0.0424633	0.00356312	0.986178	0.165651	0.04246	-0.165652	0.98527	1.17065	-4.54112	54.6465	
0.999057	0.0036582	-0.0432602	0.00370077	0.985641	0.168815	0.0432566	-0.168816	0.984698	1.21591	-4.71773	55.6867	
0.999022	0.00379588	-0.0440556	0.00384089	0.985094	0.171974	0.0440517	-0.171975	0.984116	1.26201	-4.89768	56.7263	
0.998986	0.00393593	-0.0448495	0.00398348	0.984537	0.175131	0.0448453	-0.175132	0.983523	1.30895	-5.08096	57.7653	
0.99895	0.00407834	-0.0456419	0.00412852	0.983971	0.178283	0.0456374	-0.178284	0.98292	1.35673	-5.26757	58.8036	
0.998912	0.0042231	-0.0464327	0.004276	0.983394	0.181431	0.0464279	-0.181432	0.982307	1.40534	-5.45752	59.8413	
0.998875	0.00437018	-0.0472219	0.00442589	0.982809	0.184574	0.0472167	-0.184576	0.981683	1.45479	-5.65078	60.8784	
0.998837	0.00451957	-0.0480095	0.0045782	0.982213	0.187714	0.048004	-0.187715	0.98105	1.50507	-5.84736	61.9148	
0.998798	0.00467125	-0.0487954	0.00473289	0.981608	0.190849	0.0487895	-0.19085	0.980406	1.55618	-6.04725	62.9505	
0.998759	0.00482521	-0.0495797	0.00488996	0.980994	0.193979	0.0495733	-0.19398	0.979752	1.60812	-6.25046	63.9855	
0.998719	0.00498143	-0.0503621	0.00504939	0.98037	0.197104	0.0503554	-0.197106	0.979088	1.66089	-6.45696	65.0198	
0.998678	0.0051399	-0.0511428	0.00521116	0.979736	0.200224	0.0511356	-0.200226	0.978414	1.71448	-6.66676	66.0534	
0.998637	0.00530059	-0.0519217	0.00537527	0.979094	0.203339	0.051914	-0.203341	0.977731	1.76889	-6.87986	67.0863	
0.998596	0.00546348	-0.0526987	0.00554168	0.978442	0.206449	0.0526906	-0.206451	0.977037	1.82412	-7.09624	68.1185	
0.998697	0.00505134	-0.0507763	0.00584699	0.977205	0.212216	0.0506909	-0.212237	0.975903	1.87871	-7.31732	69.1497	
0.998795	0.00462759	-0.0488551	0.00614032	0.975935	0.217974	0.0486882	-0.218011	0.974731	1.93119	-7.54451	70.1797	
0.998889	0.00419218	-0.046935	0.00642163	0.974632	0.223721	0.0466823	-0.223774	0.973523	1.98155	-7.77779	71.2085	
0.999589	-0.000180936	-0.0286826	0.00711253	0.970312	0.241751	0.0277873	-0.241856	0.969914	2.02087	-8.02367	72.2347	
0.999933	-0.00489212	-0.0105042	0.00745265	0.965658	0.259708	0.00887296	-0.259769	0.96563	2.04023	-8.28855	73.2568	
0.999922	-0.00993809	0.00758733	0.00744175	0.960674	0.27758	-0.0100476	-0.277502	0.960673	2.03961	-8.57227	74.274	
0.999555	-0.0153153	0.0255795	0.00707985	0.955362	0.295353	-0.0289611	-0.29504	0.955046	2.01901	-8.8746	75.2856	
0.998834	-0.0210201	0.0434597	0.00636718	0.949727	0.313016	-0.0478544	-0.312374	0.948753	1.97845	-9.19535	76.291	
0.997758	-0.0270483	0.0612155	0.00530426	0.943772	0.330555	-0.0667144	-0.329489	0.941799	1.91795	-9.5343	77.2893	
0.996328	-0.033396	0.0788345	0.00389183	0.937501	0.34796	-0.0855279	-0.346375	0.934189	1.83755	-9.8912	78.2799	
0.994546	-0.0400585	0.0963044	0.00213085	0.93092	0.365217	-0.104282	-0.36302	0.925928	1.73732	-10.2658	79.2622	
0.992411	-0.0470313	0.113613	2.25738e-05	0.924032	0.382315	-0.122963	-0.379411	0.917021	1.61732	-10.6578	80.2354	
0.989927	-0.0543095	0.130748	-0.00243154	0.916842	0.399242	-0.141558	-0.395539	0.907475	1.47764	-11.0671	81.1988	
0.987094	-0.0618881	0.147699	-0.00522978	0.909356	0.415986	-0.160055	-0.41139	0.897296	1.31837	-11.4932	82.1518	
0.983915	-0.0697617	0.164452	-0.0083702	0.901578	0.432535	-0.17844	-0.426955	0.886492	1.13962	-11.9359	83.0938	
0.980392	-0.0779249	0.180996	-0.0118506	0.893514	0.448878	-0.196701	-0.442222	0.875071	0.941526	-12.3949	84.024	
0.976527	-0.0863719	0.19732	-0.0156686	0.88517	0.465004	-0.214825	-0.45718	0.863039	0.724215	-12.8698	84.9418	
0.972323	-0.0950969	0.213413	-0.0198214	0.876551	0.4809	-0.232799	-0.471821	0.850406	0.487842	-13.3604	85.8466	
0.967783	-0.104094	0.229262	-0.0243063	0.867664	0.496557	-0.250611	-0.486132	0.83718	0.232572	-13.8662	86.7378	
0.96291	-0.113356	0.244858	-0.0291201	0.858514	0.511963	-0.268248	-0.500104	0.82337	-0.0414169	-14.387	87.6147	
0.957707	-0.122878	0.260189	-0.0342593	0.849108	0.527107	-0.285698	-0.513728	0.808987	-0.333934	-14.9224	88.4766	
0.952179	-0.132653	0.275244	-0.0397206	0.839452	0.54198	-0.302949	-0.526994	0.79404	-0.644776	-15.4719	89.3231	
0.946328	-0.142673	0.290013	-0.0454999	0.829554	0.556569	-0.319989	-0.539893	0.778539	-0.973725	-16.0353	90.1535	
0.94016	-0.152931	0.304487	-0.0515934	0.81942	0.570866	-0.336806	-0.552415	0.762496	-1.32055	-16.6121	90.9673	
0.933677	-0.163422	0.318653	-0.0579967	0.809058	0.584861	-0.353388	-0.564552	0.745921	-1.68502	-17.202	91.7638	
0.926886	-0.174136	0.332504	-0.0647054	0.798473	0.598543	-0.369724	-0.576296	0.728826	-2.06686	-17.8044	92.5426	
0.91979	-0.185068	0.346029	-0.0717149	0.787675	0.611903	-0.385802	-0.587638	0.711223	-2.46583	-18.419	93.303	
0.912395	-0.196209	0.359218	-0.0790202	0.77667	0.624932	-0.401611	-0.59857	0.693125	-2.88163	-19.0454	94.0446	
0.904705	-0.207551	0.372063	-0.0866162	0.765466	0.637621	-0.41714	-0.609085	0.674544	-3.31398	-19.6831	94.7668	
0.896727	-0.219086	0.384555	-0.0944976	0.75407	0.64996	-0.432379	-0.619176	0.655492	-3.76258	-20.3317	95.4692	
0.888465	-0.230808	0.396684	-0.102659	0.742492	0.661942	-0.447316	-0.628835	0.635983	-4.22711	-20.9907	96.1511	
0.879925	-0.242706	0.408443	-0.111095	0.730738	0.673558	-0.461941	-0.638056	0.616032	-4.70725	-21.6597	96.8123	
0.871114	-0.254773	0.419823	-0.119799	0.718817	0.684799	-0.476244	-0.646832	0.59565	-5.20267	-22.3382	97.4521	
0.862037	-0.267002	0.430816	-0.128765	0.706738	0.695658	-0.490216	-0.655157	0.574854	-5.71302	-23.0258	98.0702	
