1	0	0	0	1	0	0	0	1	0	0	0	
0.999991	1.24224e-06	-0.00432608	1.24224e-06	1	0.0005743	0.00432608	-0.0005743	0.99999	0.00174136	-0.00023117	0.805048	
0.999963	4.97024e-06	-0.00865352	4.96952e-06	0.999999	0.00114862	0.00865352	-0.00114862	0.999962	0.00696598	-0.000924688	1.61008	
0.999916	1.11857e-05	-0.0129822	1.11828e-05	0.999999	0.00172294	0.0129822	-0.00172294	0.999914	0.0156749	-0.00208056	2.41508	
0.99985	1.98901e-05	-0.0173121	1.9883e-05	0.999997	0.00229725	0.0173121	-0.00229725	0.999847	0.0278692	-0.00369879	3.22004	
0.999766	3.10852e-05	-0.021643	3.10709e-05	0.999996	0.00287153	0.021643	-0.00287153	0.999762	0.0435496	-0.00577936	4.02493	
0.999663	4.47721e-05	-0.0259749	4.47472e-05	0.999994	0.00344578	0.0259749	-0.00344578	0.999657	0.0627171	-0.00832224	4.82975	
0.999541	6.09524e-05	-0.0303077	6.09126e-05	0.999992	0.00401998	0.0303077	-0.00401998	0.999533	0.0853723	-0.0113274	5.63448	
0.9994	7.96273e-05	-0.0346412	7.95674e-05	0.999989	0.00459412	0.0346412	-0.00459412	0.999389	0.111516	-0.0147948	6.43909	
0.99924	0.000100798	-0.0389755	0.000100712	0.999987	0.00516818	0.0389755	-0.00516818	0.999227	0.141149	-0.0187244	7.24359	
0.999062	0.000124465	-0.0433102	0.000124348	0.999984	0.00574216	0.0433102	-0.00574215	0.999045	0.174271	-0.0231161	8.04794	
0.998864	0.00015063	-0.0476455	0.000150474	0.99998	0.00631603	0.0476455	-0.00631602	0.998844	0.210883	-0.0279698	8.85215	
0.998648	0.000179294	-0.0519811	0.00017909	0.999976	0.00688978	0.0519811	-0.00688977	0.998624	0.250985	-0.0332855	9.65618	
0.998413	0.000210457	-0.0563169	0.000210198	0.999972	0.0074634	0.0563169	-0.0074634	0.998385	0.294578	-0.039063	10.46	
0.998159	0.000244121	-0.060653	0.000243797	0.999968	0.00803688	0.060653	-0.00803688	0.998127	0.341661	-0.0453023	11.2637	
0.997886	0.000280286	-0.0649891	0.000279886	0.999963	0.00861021	0.0649891	-0.0086102	0.997849	0.392235	-0.0520031	12.0671	
0.997594	0.000318952	-0.0693252	0.000318467	0.999958	0.00918337	0.0693252	-0.00918335	0.997552	0.4463	-0.0591655	12.8703	
0.997283	0.00036012	-0.0736611	0.000359538	0.999952	0.00975635	0.0736611	-0.00975632	0.997236	0.503856	-0.0667892	13.6733	
0.996954	0.00040379	-0.0779968	0.000403099	0.999947	0.0103291	0.0779968	-0.0103291	0.9969	0.564902	-0.0748741	14.476	
0.996605	0.000449963	-0.0823322	0.00044915	0.99994	0.0109017	0.0823322	-0.0109017	0.996545	0.629439	-0.0834201	15.2784	
0.996237	0.00049864	-0.0866672	0.00049769	0.999934	0.0114741	0.0866672	-0.011474	0.996171	0.697466	-0.0924268	16.0805	
0.995851	0.000549819	-0.0910016	0.000548719	0.999927	0.0120462	0.0910016	-0.0120461	0.995778	0.768982	-0.101894	16.8823	
0.995445	0.000603501	-0.0953355	0.000602237	0.99992	0.012618	0.0953355	-0.012618	0.995365	0.843987	-0.111822	17.6838	
0.99502	0.000659687	-0.0996685	0.000658241	0.999913	0.0131897	0.0996685	-0.0131896	0.994933	0.922482	-0.12221	18.4849	
0.994577	0.000718376	-0.104001	0.000716733	0.999905	0.013761	0.104001	-0.0137609	0.994482	1.00446	-0.133059	19.2857	
0.994114	0.000779568	-0.108332	0.00077771	0.999897	0.014332	0.108332	-0.0143319	0.994011	1.08993	-0.144367	20.0861	
0.993633	0.000843262	-0.112662	0.000841172	0.999889	0.0149028	0.112662	-0.0149027	0.993522	1.17889	-0.156135	20.8862	
0.993132	0.000909459	-0.116992	0.000907118	0.99988	0.0154732	0.116992	-0.0154731	0.993012	1.27133	-0.168362	21.6858	
0.992613	0.000978158	-0.12132	0.000975547	0.999871	0.0160433	0.12132	-0.0160432	0.992484	1.36726	-0.181048	22.485	
0.992075	0.00104936	-0.125646	0.00104646	0.999861	0.0166131	0.125646	-0.0166129	0.991936	1.46667	-0.194193	23.2838	
0.991517	0.00112306	-0.129972	0.00111985	0.999852	0.0171825	0.129972	-0.0171823	0.991369	1.56956	-0.207796	24.0821	
0.990941	0.00119926	-0.134295	0.00119572	0.999842	0.0177516	0.134295	-0.0177514	0.990782	1.67593	-0.221858	24.88	
0.990345	0.00127796	-0.138617	0.00127406	0.999831	0.0183203	0.138617	-0.01832	0.990177	1.78579	-0.236377	25.6774	
0.989731	0.00135916	-0.142938	0.00135489	0.999821	0.0188886	0.142938	-0.0188883	0.989551	1.89912	-0.251355	26.4743	
0.989097	0.00144286	-0.147256	0.00143818	0.99981	0.0194565	0.147256	-0.0194561	0.988907	2.01593	-0.266789	27.2707	
0.988445	0.00152906	-0.151573	0.00152395	0.999798	0.020024	0.151573	-0.0200236	0.988243	2.13622	-0.282681	28.0665	
0.987773	0.00161775	-0.155888	0.00161219	0.999787	0.020591	0.155888	-0.0205906	0.98756	2.25998	-0.299029	28.8618	
0.987083	0.00170893	-0.1602	0.0017029	0.999775	0.0211576	0.1602	-0.0211571	0.986858	2.38721	-0.315834	29.6566	
0.986374	0.00180261	-0.16451	0.00179608	0.999762	0.0217238	0.164511	-0.0217232	0.986136	2.51792	-0.333094	30.4508	
0.985645	0.00189879	-0.168819	0.00189172	0.99975	0.0222895	0.168819	-0.0222889	0.985395	2.65209	-0.35081	31.2444	
0.984898	0.00199745	-0.173124	0.00198982	0.999737	0.0228547	0.173124	-0.022854	0.984635	2.78973	-0.368981	32.0373	
0.984132	0.0020986	-0.177427	0.00209039	0.999724	0.0234194	0.177427	-0.0234187	0.983855	2.93084	-0.387607	32.8297	
0.983346	0.00220224	-0.181728	0.00219342	0.99971	0.0239836	0.181728	-0.0239828	0.983056	3.07541	-0.406688	33.6214	
0.982542	0.00230837	-0.186026	0.0022989	0.999696	0.0245473	0.186026	-0.0245464	0.982238	3.22344	-0.426222	34.4125	
0.981719	0.00241698	-0.190321	0.00240683	0.999682	0.0251105	0.190321	-0.0251095	0.981401	3.37493	-0.44621	35.2029	
0.980877	0.00252808	-0.194613	0.00251722	0.999667	0.0256731	0.194613	-0.025672	0.980544	3.52987	-0.466651	35.9927	
0.980016	0.00264165	-0.198902	0.00263006	0.999652	0.0262352	0.198902	-0.026234	0.979668	3.68827	-0.487544	36.7817	
0.979136	0.00275771	-0.203188	0.00274534	0.999637	0.0267967	0.203188	-0.0267954	0.978773	3.85013	-0.50889	37.57	
0.978237	0.00287624	-0.207471	0.00286307	0.999622	0.0273576	0.207471	-0.0273562	0.977859	4.01543	-0.530687	38.3576	
0.977319	0.00299725	-0.211751	0.00298324	0.999606	0.027918	0.211751	-0.0279165	0.976925	4.18418	-0.552936	39.1445	
0.976382	0.00312074	-0.216027	0.00310585	0.99959	0.0284777	0.216027	-0.0284761	0.975972	4.35637	-0.575635	39.9306	
0.975427	0.00324669	-0.2203	0.00323089	0.999573	0.0290368	0.2203	-0.029035	0.975	4.532	-0.598785	40.7159	
0.974452	0.00337511	-0.224569	0.00335837	0.999556	0.0295953	0.224569	-0.0295934	0.974009	4.71107	-0.622385	41.5004	
0.973459	0.003506	-0.228835	0.00348828	0.999539	0.0301531	0.228835	-0.0301511	0.972998	4.89358	-0.646433	42.2841	
0.972447	0.00363936	-0.233096	0.00362061	0.999522	0.0307103	0.233097	-0.0307081	0.971969	5.07952	-0.670931	43.067	
0.971416	0.00377517	-0.237354	0.00375537	0.999504	0.0312669	0.237355	-0.0312645	0.97092	5.26889	-0.695876	43.8491	
0.969647	0.00400712	-0.244476	0.00392134	0.999482	0.0319351	0.244477	-0.0319245	0.969129	5.46284	-0.721312	44.63	
0.967826	0.00424393	-0.251584	0.00409245	0.99946	0.032603	0.251587	-0.0325837	0.967286	5.66252	-0.747278	45.4095	
0.965953	0.00448559	-0.25868	0.00426867	0.999437	0.0332705	0.258683	-0.0332419	0.96539	5.86791	-0.773774	46.1874	
0.964027	0.00473211	-0.265761	0.00445	0.999414	0.0339374	0.265766	-0.0338992	0.963441	6.07902	-0.800801	46.9638	
0.96205	0.00498346	-0.272829	0.00463645	0.99939	0.0346038	0.272835	-0.0345555	0.96144	6.29582	-0.828355	47.7387	
0.96002	0.00523966	-0.279883	0.00482801	0.999366	0.0352695	0.27989	-0.0352107	0.959386	6.51831	-0.856438	48.5118	
0.957938	0.00550068	-0.286922	0.00502467	0.999342	0.0359345	0.286931	-0.0358647	0.95728	6.74647	-0.885048	49.2834	
0.955805	0.00576652	-0.293946	0.00522643	0.999316	0.0365987	0.293956	-0.0365175	0.955121	6.98029	-0.914184	50.0531	
0.95362	0.00603717	-0.300954	0.00543327	0.999291	0.0372621	0.300965	-0.037169	0.95291	7.21976	-0.943845	50.8212	
0.951383	0.00631262	-0.307946	0.00564519	0.999265	0.0379245	0.307959	-0.0378192	0.950648	7.46487	-0.974029	51.5874	
0.949095	0.00659286	-0.314922	0.00586217	0.999238	0.0385861	0.314936	-0.0384679	0.948333	7.7156	-1.00474	52.3518	
0.946755	0.00687788	-0.321881	0.00608422	0.999211	0.0392465	0.321897	-0.0391153	0.945966	7.97195	-1.03597	53.1143	
0.944364	0.00716767	-0.328823	0.00631132	0.999184	0.039906	0.328841	-0.0397611	0.943548	8.23389	-1.06772	53.8749	
0.941922	0.00746222	-0.335748	0.00654345	0.999156	0.0405642	0.335767	-0.0404053	0.941078	8.50141	-1.09999	54.6335	
0.93943	0.00776151	-0.342654	0.00678061	0.999127	0.0412213	0.342675	-0.0410479	0.938557	8.7745	-1.13277	55.3901	
0.936886	0.00806553	-0.349542	0.00702279	0.999098	0.0418771	0.349565	-0.0416888	0.935984	9.05314	-1.16608	56.1447	
0.934291	0.00837428	-0.356412	0.00726995	0.999069	0.0425315	0.356436	-0.0423279	0.93336	9.33733	-1.1999	56.8971	
0.931646	0.00868773	-0.363262	0.00752211	0.999039	0.0431846	0.363288	-0.0429653	0.930686	9.62704	-1.23423	57.6475	
0.928951	0.00900588	-0.370093	0.00777923	0.999008	0.0438362	0.370121	-0.0436007	0.92796	9.92225	-1.26907	58.3956	
0.926205	0.00932871	-0.376904	0.0080413	0.998978	0.0444863	0.376934	-0.0442342	0.925183	10.223	-1.30443	59.1415	
0.923409	0.0096562	-0.383695	0.0083083	0.998946	0.0451348	0.383726	-0.0448658	0.922356	10.5292	-1.34029	59.8852	
0.920564	0.00998834	-0.390465	0.00858023	0.998915	0.0457817	0.390498	-0.0454952	0.919479	10.8408	-1.37667	60.6266	
0.917668	0.0103251	-0.397214	0.00885705	0.998882	0.0464269	0.397249	-0.0461226	0.916551	11.1579	-1.41355	61.3657	
0.914723	0.0106665	-0.403942	0.00913875	0.99885	0.0470703	0.403979	-0.0467478	0.913573	11.4804	-1.45093	62.1023	
0.911728	0.0110125	-0.410647	0.0094253	0.998817	0.047712	0.410687	-0.0473708	0.910545	11.8083	-1.48881	62.8366	
0.908684	0.0113631	-0.417331	0.0097167	0.998783	0.0483517	0.417372	-0.0479915	0.907467	12.1416	-1.5272	63.5684	
0.90559	0.0117182	-0.423992	0.0100129	0.998749	0.0489896	0.424035	-0.0486099	0.90434	12.4803	-1.56608	64.2977	
0.902448	0.0120779	-0.43063	0.0103139	0.998715	0.0496254	0.430676	-0.0492258	0.901163	12.8244	-1.60547	65.0245	
0.899257	0.0124422	-0.437244	0.0106197	0.99868	0.0502592	0.437293	-0.0498393	0.897937	13.1738	-1.64534	65.7487	
0.896017	0.0128109	-0.443835	0.0109302	0.998644	0.0508909	0.443886	-0.0504503	0.894662	13.5285	-1.68571	66.4702	
0.892728	0.0131841	-0.450402	0.0112455	0.998609	0.0515205	0.450455	-0.0510588	0.891338	13.8885	-1.72657	67.1891	
0.889392	0.0135618	-0.456945	0.0115654	0.998572	0.0521478	0.457	-0.0516646	0.887965	14.2537	-1.76792	67.9054	
0.886007	0.013944	-0.463462	0.01189	0.998536	0.0527728	0.46352	-0.0522677	0.884544	14.6243	-1.80976	68.6188	
0.882574	0.0143306	-0.469955	0.0122193	0.998499	0.0533956	0.470014	-0.0528681	0.881074	15	-1.85208	69.3295	
0.872946	0.0153996	-0.487573	0.012648	0.998451	0.0541801	0.487652	-0.0534631	0.871399	15.3855	-1.89488	70.035	
0.862966	0.0164803	-0.504994	0.0130924	0.998403	0.0549558	0.505093	-0.0540365	0.861372	15.7852	-1.93815	70.7325	
0.852637	0.0175724	-0.522209	0.0135523	0.998354	0.0557223	0.522329	-0.0545881	0.850995	16.1987	-1.98188	71.4218	
0.841963	0.0186753	-0.539212	0.0140276	0.998305	0.0564795	0.539353	-0.0551175	0.840274	16.6261	-2.02604	72.1026	
0.830949	0.0197887	-0.555996	0.014518	0.998256	0.0572268	0.556159	-0.0556246	0.829212	17.0671	-2.07062	72.7746	
0.8196	0.020912	-0.572555	0.0150234	0.998206	0.0579641	0.572739	-0.0561091	0.817815	17.5215	-2.11559	73.4376	
0.807919	0.0220448	-0.588881	0.0155435	0.998155	0.0586911	0.589088	-0.0565709	0.806086	17.9892	-2.16095	74.0913	
0.795913	0.0231867	-0.604967	0.0160781	0.998104	0.0594074	0.605198	-0.0570098	0.794031	18.4699	-2.20667	74.7354	
0.783584	0.0243372	-0.620809	0.0166271	0.998053	0.0601128	0.621063	-0.0574257	0.781654	18.9636	-2.25274	75.3697	
0.77094	0.0254958	-0.636398	0.0171901	0.998002	0.0608069	0.636676	-0.0578182	0.768961	19.4698	-2.29913	75.9939	
