1	0	0	0	1	0	0	0	1	0	0	0	
1	2.55223e-08	-0.000123129	2.55223e-08	1	0.000414563	0.000123129	-0.000414563	1	4.62976e-05	-0.00015588	0.75202	
1	1.03069e-07	-0.000247426	1.03087e-07	1	0.000833201	0.000247426	-0.000833201	1	0.00018563	-0.000625052	1.50404	
1	2.34122e-07	-0.000372889	2.34191e-07	0.999999	0.0012559	0.000372889	-0.0012559	0.999999	0.000418875	-0.00141058	2.25606	
1	4.20167e-07	-0.000499512	4.20342e-07	0.999999	0.00168266	0.000499512	-0.00168266	0.999998	0.000746906	-0.00251551	3.00808	
1	6.62699e-07	-0.000627291	6.63054e-07	0.999998	0.00211346	0.000627291	-0.00211346	0.999998	0.0011706	-0.00394288	3.7601	
1	9.63219e-07	-0.000756221	9.63846e-07	0.999997	0.00254828	0.000756221	-0.00254828	0.999996	0.00169081	-0.00569574	4.51212	
1	1.32324e-06	-0.000886298	1.32425e-06	0.999996	0.00298712	0.000886298	-0.00298712	0.999995	0.00230841	-0.00777711	5.26413	
0.999999	1.74426e-06	-0.00101752	1.7458e-06	0.999994	0.00342996	0.00101752	-0.00342996	0.999994	0.00302427	-0.01019	6.01615	
0.999999	2.22782e-06	-0.00114988	2.23003e-06	0.999992	0.00387679	0.00114988	-0.00387679	0.999992	0.00383923	-0.0129374	6.76816	
0.999999	2.77543e-06	-0.00128337	2.7785e-06	0.999991	0.0043276	0.00128337	-0.0043276	0.99999	0.00475415	-0.0160223	7.52018	
0.999999	3.38863e-06	-0.00141799	3.39276e-06	0.999989	0.00478237	0.00141799	-0.00478237	0.999988	0.00576989	-0.0194478	8.27219	
0.999999	4.06896e-06	-0.00155373	4.07437e-06	0.999986	0.0052411	0.00155373	-0.0052411	0.999985	0.00688729	-0.0232167	9.0242	
0.999999	4.81795e-06	-0.0016906	4.8249e-06	0.999984	0.00570376	0.0016906	-0.00570376	0.999982	0.00810719	-0.0273321	9.77621	
0.999998	5.63715e-06	-0.00182857	5.64592e-06	0.999981	0.00617035	0.00182857	-0.00617035	0.999979	0.00943043	-0.0317969	10.5282	
0.999998	6.52812e-06	-0.00196766	6.53901e-06	0.999978	0.00664086	0.00196766	-0.00664086	0.999976	0.0108579	-0.036614	11.2802	
0.999998	7.49241e-06	-0.00210786	7.50575e-06	0.999975	0.00711526	0.00210786	-0.00711526	0.999972	0.0123903	-0.0417865	12.0322	
0.999997	8.53158e-06	-0.00224915	8.54773e-06	0.999971	0.00759354	0.00224915	-0.00759354	0.999969	0.0140286	-0.0473171	12.7842	
0.999997	9.6472e-06	-0.00239154	9.66654e-06	0.999967	0.0080757	0.00239154	-0.0080757	0.999965	0.0157735	-0.0532089	13.5362	
0.999997	1.08408e-05	-0.00253503	1.08638e-05	0.999963	0.00856171	0.00253503	-0.00856171	0.99996	0.017626	-0.0594647	14.2882	
0.999996	1.2114e-05	-0.00267959	1.2141e-05	0.999959	0.00905157	0.00267959	-0.00905157	0.999955	0.0195867	-0.0660875	15.0402	
0.999996	1.34684e-05	-0.00282524	1.34999e-05	0.999954	0.00954526	0.00282524	-0.00954526	0.99995	0.0216566	-0.0730801	15.7922	
0.999996	1.49055e-05	-0.00297197	1.49421e-05	0.99995	0.0100428	0.00297197	-0.0100428	0.999945	0.0238364	-0.0804454	16.5442	
0.999995	1.64269e-05	-0.00311977	1.64691e-05	0.999944	0.0105441	0.00311977	-0.0105441	0.99994	0.026127	-0.0881863	17.2961	
0.999995	1.80343e-05	-0.00326863	1.80826e-05	0.999939	0.0110492	0.00326863	-0.0110492	0.999934	0.0285291	-0.0963055	18.0481	
0.999994	1.97291e-05	-0.00341856	1.97841e-05	0.999933	0.011558	0.00341856	-0.011558	0.999927	0.0310435	-0.104806	18.8001	
0.999994	2.1513e-05	-0.00356954	2.15754e-05	0.999927	0.0120707	0.00356954	-0.0120707	0.999921	0.0336711	-0.113691	19.552	
0.999993	2.33875e-05	-0.00372157	2.3458e-05	0.999921	0.012587	0.00372157	-0.012587	0.999914	0.0364126	-0.122962	20.304	
0.999992	2.53543e-05	-0.00387465	2.54336e-05	0.999914	0.0131071	0.00387465	-0.0131071	0.999907	0.0392689	-0.132623	21.0559	
0.999992	2.7415e-05	-0.00402877	2.75037e-05	0.999907	0.0136309	0.00402877	-0.0136309	0.999899	0.0422406	-0.142677	21.8079	
0.999991	2.9571e-05	-0.00418393	2.96701e-05	0.9999	0.0141584	0.00418393	-0.0141584	0.999891	0.0453287	-0.153126	22.5598	
0.999991	3.18242e-05	-0.00434012	3.19343e-05	0.999892	0.0146896	0.00434011	-0.0146896	0.999883	0.0485338	-0.163974	23.3118	
0.99999	3.41759e-05	-0.00449733	3.4298e-05	0.999884	0.0152245	0.00449733	-0.0152245	0.999874	0.0518568	-0.175222	24.0637	
0.999989	3.66279e-05	-0.00465556	3.67628e-05	0.999876	0.015763	0.00465556	-0.015763	0.999865	0.0552984	-0.186873	24.8156	
0.999988	3.91816e-05	-0.00481481	3.93304e-05	0.999867	0.0163052	0.00481481	-0.0163052	0.999855	0.0588593	-0.198931	25.5675	
0.999988	4.18388e-05	-0.00497507	4.20024e-05	0.999858	0.016851	0.00497507	-0.016851	0.999846	0.0625404	-0.211398	26.3194	
0.999987	4.4601e-05	-0.00513634	4.47803e-05	0.999849	0.0174003	0.00513634	-0.0174003	0.999835	0.0663424	-0.224277	27.0713	
0.999986	4.74698e-05	-0.0052986	4.7666e-05	0.999839	0.0179533	0.0052986	-0.0179533	0.999825	0.0702661	-0.23757	27.8232	
0.999985	5.04468e-05	-0.00546186	5.06609e-05	0.999829	0.0185099	0.00546186	-0.0185099	0.999814	0.0743121	-0.251281	28.5751	
0.999984	5.35336e-05	-0.00562611	5.37668e-05	0.999818	0.01907	0.0056261	-0.01907	0.999802	0.0784813	-0.265411	29.327	
0.999983	5.67318e-05	-0.00579134	5.69852e-05	0.999807	0.0196337	0.00579133	-0.0196337	0.99979	0.0827744	-0.279964	30.0789	
0.999982	6.00429e-05	-0.00595754	6.03178e-05	0.999796	0.0202008	0.00595754	-0.0202008	0.999778	0.0871921	-0.294942	30.8307	
0.999981	6.34686e-05	-0.00612472	6.37663e-05	0.999784	0.0207715	0.00612472	-0.0207715	0.999765	0.0917351	-0.310348	31.5826	
0.99998	6.70104e-05	-0.00629287	6.73322e-05	0.999772	0.0213457	0.00629287	-0.0213457	0.999752	0.0964042	-0.326185	32.3344	
0.999979	7.06699e-05	-0.00646198	7.10172e-05	0.99976	0.0219234	0.00646198	-0.0219234	0.999739	0.1012	-0.342455	33.0862	
0.999978	7.44488e-05	-0.00663205	7.48229e-05	0.999747	0.0225045	0.00663204	-0.0225045	0.999725	0.106124	-0.35916	33.8381	
0.999977	7.83485e-05	-0.00680306	7.8751e-05	0.999733	0.0230891	0.00680306	-0.0230891	0.99971	0.111175	-0.376304	34.5899	
0.999976	8.23707e-05	-0.00697503	8.28031e-05	0.99972	0.0236771	0.00697502	-0.0236771	0.999695	0.116356	-0.393888	35.3417	
0.999974	8.65169e-05	-0.00714793	8.69807e-05	0.999705	0.0242686	0.00714792	-0.0242686	0.99968	0.121666	-0.411916	36.0934	
0.999973	9.07888e-05	-0.00732176	9.12856e-05	0.999691	0.0248634	0.00732176	-0.0248634	0.999664	0.127107	-0.43039	36.8452	
0.999972	9.51877e-05	-0.00749652	9.57193e-05	0.999676	0.0254616	0.00749652	-0.0254616	0.999648	0.132679	-0.449313	37.597	
0.999971	9.97155e-05	-0.00767221	0.000100283	0.99966	0.0260632	0.0076722	-0.0260632	0.999631	0.138383	-0.468687	38.3487	
0.999969	0.000104373	-0.00784881	0.00010498	0.999644	0.0266681	0.0078488	-0.0266681	0.999614	0.144219	-0.488514	39.1005	
0.999977	7.58332e-05	-0.00683789	0.000127776	0.999557	0.0297713	0.00683711	-0.0297714	0.999533	0.149741	-0.509736	39.8522	
0.999983	4.42155e-05	-0.00582905	0.000147458	0.999459	0.0328779	0.00582736	-0.0328782	0.999442	0.154503	-0.533293	40.6038	
0.999988	9.52793e-06	-0.00482228	0.000164024	0.999352	0.035988	0.0048195	-0.0359883	0.999341	0.158506	-0.559188	41.3554	
0.999993	-2.82223e-05	-0.00381753	0.000177472	0.999235	0.0391013	0.00381351	-0.0391016	0.999228	0.161752	-0.587422	42.1068	
0.999996	-6.90284e-05	-0.00281477	0.000187801	0.999108	0.0422177	0.00280935	-0.042218	0.999104	0.164242	-0.617999	42.8582	
0.999998	-0.000112884	-0.00181397	0.000195008	0.998972	0.0453371	0.00180698	-0.0453374	0.99897	0.165978	-0.650921	43.6095	
1	-0.000159782	-0.000815078	0.000199092	0.998825	0.0484594	0.000806377	-0.0484596	0.998825	0.166961	-0.68619	44.3607	
1	-0.000209717	0.000181932	0.000200053	0.998669	0.0515845	-0.000192508	-0.0515845	0.998669	0.167192	-0.723807	45.1118	
0.999999	-0.000262683	0.0011771	0.000197888	0.998502	0.0547122	-0.00118971	-0.054712	0.998501	0.166672	-0.763776	45.8628	
0.999998	-0.000318675	0.00217045	0.000192597	0.998326	0.0578425	-0.00218525	-0.0578419	0.998323	0.165403	-0.806097	46.6136	
0.999995	-0.000377688	0.00316204	0.00018418	0.998139	0.0609752	-0.00317918	-0.0609743	0.998134	0.163386	-0.850774	47.3643	
0.999991	-0.000439716	0.00415189	0.000172635	0.997943	0.0641101	-0.00417154	-0.0641089	0.997934	0.160622	-0.897806	48.1148	
0.999987	-0.000504757	0.00514004	0.000157962	0.997736	0.0672473	-0.00516235	-0.0672456	0.997723	0.157112	-0.947197	48.8652	
0.999981	-0.000572804	0.00612653	0.000140162	0.99752	0.0703864	-0.00615165	-0.0703843	0.997501	0.152858	-0.998947	49.6154	
0.999975	-0.000643855	0.00711139	0.000119232	0.997293	0.0735276	-0.00713948	-0.0735248	0.997268	0.14786	-1.05306	50.3655	
0.999967	-0.000717907	0.00809466	9.51749e-05	0.997056	0.0766705	-0.00812588	-0.0766672	0.997024	0.142121	-1.10953	51.1154	
0.999958	-0.000794955	0.00907639	6.79892e-05	0.99681	0.0798151	-0.00911088	-0.0798111	0.996768	0.135639	-1.16837	51.8651	
0.999949	-0.000874997	0.0100566	3.76755e-05	0.996553	0.0829612	-0.0100945	-0.0829566	0.996502	0.128418	-1.22957	52.6145	
0.999939	-0.000958031	0.0110353	4.23443e-06	0.996286	0.0861088	-0.0110768	-0.0861035	0.996225	0.120457	-1.29314	53.3638	
0.999927	-0.00104405	0.0120126	-3.23336e-05	0.996009	0.0892578	-0.0120579	-0.0892517	0.995936	0.111758	-1.35908	54.1129	
0.999915	-0.00113307	0.0129885	-7.20278e-05	0.995721	0.0924079	-0.0130376	-0.092401	0.995637	0.102322	-1.42738	54.8618	
0.999902	-0.00122506	0.013963	-0.000114847	0.995424	0.0955591	-0.0140162	-0.0955513	0.995326	0.0921497	-1.49805	55.6104	
0.999888	-0.00132005	0.0149362	-0.000160791	0.995116	0.0987112	-0.0149936	-0.0987025	0.995004	0.0812417	-1.57109	56.3588	
0.999872	-0.00141801	0.0159081	-0.000209858	0.994798	0.101864	-0.0159698	-0.101855	0.994671	0.0695992	-1.6465	57.1069	
0.999856	-0.00151896	0.0168787	-0.000262046	0.99447	0.105018	-0.0169449	-0.105007	0.994327	0.0572229	-1.72429	57.8548	
0.999839	-0.00162289	0.0178482	-0.000317355	0.994132	0.108172	-0.017919	-0.10816	0.993972	0.0441137	-1.80444	58.6024	
0.999821	-0.00172981	0.0188164	-0.000375783	0.993784	0.111327	-0.018892	-0.111314	0.993606	0.0302724	-1.88696	59.3498	
0.999803	-0.00183971	0.0197835	-0.000437328	0.993425	0.114482	-0.0198641	-0.114468	0.993228	0.0156997	-1.97186	60.0968	
0.999783	-0.0019526	0.0207495	-0.000501988	0.993056	0.117637	-0.0208351	-0.117622	0.99284	0.000396353	-2.05913	60.8436	
0.999762	-0.00206847	0.0217145	-0.000569761	0.992678	0.120793	-0.0218053	-0.120776	0.99244	-0.0156369	-2.14877	61.5901	
0.99974	-0.00218733	0.0226784	-0.000640646	0.992288	0.123948	-0.0227746	-0.123931	0.99203	-0.0323994	-2.24078	62.3363	
0.999718	-0.00230918	0.0236413	-0.000714639	0.991889	0.127103	-0.023743	-0.127085	0.991608	-0.0498905	-2.33517	63.0821	
0.999694	-0.00243402	0.0246032	-0.000791738	0.99148	0.130258	-0.0247106	-0.130238	0.991175	-0.0681096	-2.43192	63.8277	
0.99967	-0.00256185	0.0255642	-0.000871941	0.99106	0.133413	-0.0256775	-0.133391	0.990731	-0.0870561	-2.53105	64.5729	
0.999645	-0.00269269	0.0265244	-0.000955245	0.99063	0.136567	-0.0266436	-0.136544	0.990276	-0.106729	-2.63255	65.3178	
0.999618	-0.00282652	0.0274837	-0.00104165	0.99019	0.139721	-0.027609	-0.139696	0.989809	-0.127129	-2.73642	66.0623	
0.999591	-0.00296336	0.0284422	-0.00113115	0.98974	0.142873	-0.0285738	-0.142847	0.989332	-0.148254	-2.84266	66.8065	
0.999563	-0.0031032	0.0294	-0.00122374	0.98928	0.146025	-0.0295379	-0.145997	0.988844	-0.170105	-2.95127	67.5503	
0.999534	-0.00324606	0.030357	-0.00131942	0.98881	0.149176	-0.0305015	-0.149147	0.988345	-0.19268	-3.06224	68.2938	
0.999504	-0.00339193	0.0313133	-0.00141818	0.988329	0.152326	-0.0314645	-0.152295	0.987834	-0.21598	-3.17559	69.0368	
0.999473	-0.00354082	0.0322689	-0.00152003	0.987839	0.155474	-0.032427	-0.155441	0.987313	-0.240004	-3.2913	69.7795	
0.999441	-0.00369275	0.033224	-0.00162495	0.987338	0.158622	-0.033389	-0.158587	0.98678	-0.264752	-3.40938	70.5218	
0.999408	-0.0038477	0.0341784	-0.00173295	0.986827	0.161767	-0.0343506	-0.161731	0.986237	-0.290222	-3.52982	71.2637	
0.999105	-0.00519515	0.0419776	-0.00238585	0.983927	0.178556	-0.0422305	-0.178497	0.983034	-0.319018	-3.65775	72.0041	
0.998739	-0.00667515	0.04975	-0.00317298	0.980741	0.195288	-0.0500955	-0.1952	0.979483	-0.353735	-3.79827	72.7421	
0.998312	-0.00828718	0.057493	-0.00409406	0.977271	0.211956	-0.0579427	-0.211833	0.975587	-0.39436	-3.95132	73.4772	
0.997822	-0.0100307	0.0652037	-0.00514878	0.973517	0.228555	-0.0657695	-0.228392	0.971345	-0.440878	-4.11686	74.2093	
