1	0	0	0	1	0	0	0	1	0	0	0	
0.999991	-6.70331e-06	-0.00413411	-6.70331e-06	0.999995	-0.00324291	0.00413411	0.00324291	0.999986	0.00198563	0.00155758	0.960602	
0.999966	-2.68166e-05	-0.00826809	-2.68237e-05	0.999979	-0.00648745	0.00826809	0.00648745	0.999945	0.00794246	0.00623111	1.92118	
0.999923	-6.03462e-05	-0.0124018	-6.03749e-05	0.999953	-0.00973353	0.0124018	0.00973353	0.999876	0.0178703	0.0140221	2.8817	
0.999863	-0.000107298	-0.0165352	-0.00010737	0.999916	-0.012981	0.0165352	0.012981	0.999779	0.0317689	0.024932	3.84214	
0.999786	-0.000167677	-0.020668	-0.00016782	0.999868	-0.0162299	0.020668	0.0162299	0.999655	0.0496377	0.0389621	4.80248	
0.999692	-0.000241488	-0.0248002	-0.000241739	0.99981	-0.01948	0.0248002	0.01948	0.999503	0.0714763	0.0561137	5.76268	
0.999581	-0.000328735	-0.0289316	-0.000329137	0.999742	-0.0227312	0.0289316	0.0227312	0.999323	0.0972839	0.0763879	6.72273	
0.999453	-0.000429422	-0.0330622	-0.000430025	0.999662	-0.0259834	0.0330621	0.0259834	0.999115	0.12706	0.0997857	7.68258	
0.999308	-0.000543552	-0.0371916	-0.000544412	0.999572	-0.0292365	0.0371916	0.0292365	0.99888	0.160803	0.126308	8.64223	
0.999146	-0.000671126	-0.04132	-0.000672309	0.999472	-0.0324905	0.0413199	0.0324905	0.998618	0.198512	0.155956	9.60164	
0.998966	-0.000812146	-0.045447	-0.000813724	0.999361	-0.0357452	0.045447	0.0357452	0.998327	0.240187	0.18873	10.5608	
0.99877	-0.000966615	-0.0495726	-0.000968666	0.999239	-0.0390005	0.0495725	0.0390005	0.998009	0.285825	0.22463	11.5196	
0.998557	-0.00113453	-0.0536966	-0.00113714	0.999106	-0.0422563	0.0536966	0.0422563	0.997663	0.335426	0.263658	12.4782	
0.998326	-0.0013159	-0.057819	-0.00131916	0.998963	-0.0455125	0.0578189	0.0455126	0.997289	0.388987	0.305814	13.4363	
0.998079	-0.00151071	-0.0619395	-0.00151473	0.998809	-0.048769	0.0619394	0.0487691	0.996888	0.446508	0.351098	14.3941	
0.997814	-0.00171897	-0.0660581	-0.00172385	0.998644	-0.0520257	0.066058	0.0520259	0.996459	0.507985	0.39951	15.3516	
0.997533	-0.00194068	-0.0701747	-0.00194653	0.998469	-0.0552825	0.0701745	0.0552827	0.996002	0.573418	0.451051	16.3085	
0.997234	-0.00217582	-0.074289	-0.00218278	0.998283	-0.0585393	0.0742888	0.0585396	0.995517	0.642805	0.50572	17.2651	
0.996919	-0.00242441	-0.078401	-0.00243259	0.998086	-0.061796	0.0784008	0.0617963	0.995005	0.716142	0.563518	18.2211	
0.996587	-0.00268644	-0.0825106	-0.00269598	0.997878	-0.0650525	0.0825102	0.0650529	0.994465	0.793428	0.624444	19.1767	
0.996237	-0.0029619	-0.0866175	-0.00297295	0.99766	-0.0683087	0.0866171	0.0683092	0.993897	0.874661	0.688499	20.1317	
0.995871	-0.00325079	-0.0907218	-0.00326349	0.997431	-0.0715644	0.0907213	0.071565	0.993302	0.959837	0.755681	21.0862	
0.995488	-0.0035531	-0.0948232	-0.00356762	0.997191	-0.0748197	0.0948226	0.0748203	0.992678	1.04895	0.82599	22.04	
0.995088	-0.00386883	-0.0989216	-0.00388533	0.99694	-0.0780743	0.0989209	0.0780751	0.992028	1.14201	0.899427	22.9933	
0.994671	-0.00419797	-0.103017	-0.00421662	0.996678	-0.0813281	0.103016	0.0813291	0.991349	1.239	0.975989	23.9459	
0.994237	-0.00454052	-0.107109	-0.0045615	0.996406	-0.0845812	0.107108	0.0845823	0.990643	1.33993	1.05568	24.8979	
0.993786	-0.00489646	-0.111198	-0.00491996	0.996123	-0.0878333	0.111197	0.0878346	0.989909	1.44478	1.13849	25.8492	
0.993319	-0.0052658	-0.115283	-0.005292	0.995829	-0.0910844	0.115282	0.0910859	0.989148	1.55356	1.22443	26.7997	
0.992834	-0.00564852	-0.119365	-0.00567763	0.995524	-0.0943343	0.119363	0.094336	0.988359	1.66626	1.31348	27.7495	
0.992333	-0.00604461	-0.123443	-0.00607684	0.995209	-0.097583	0.123441	0.097585	0.987542	1.78288	1.40567	28.6985	
0.991815	-0.00645407	-0.127517	-0.00648962	0.994882	-0.10083	0.127515	0.100833	0.986698	1.90341	1.50097	29.6468	
0.991281	-0.00687688	-0.131587	-0.00691599	0.994545	-0.104076	0.131585	0.104079	0.985826	2.02786	1.59939	30.5942	
0.990729	-0.00731304	-0.135653	-0.00735592	0.994197	-0.107321	0.13565	0.107323	0.984927	2.15621	1.70092	31.5408	
0.990161	-0.00776252	-0.139714	-0.00780942	0.993838	-0.110563	0.139712	0.110567	0.984	2.28847	1.80558	32.4864	
0.989577	-0.00822533	-0.143772	-0.00827648	0.993469	-0.113804	0.143769	0.113808	0.983045	2.42463	1.91334	33.4312	
0.988975	-0.00870145	-0.147825	-0.00875711	0.993088	-0.117043	0.147821	0.117047	0.982064	2.56468	2.02423	34.3751	
0.988357	-0.00919087	-0.151873	-0.00925128	0.992697	-0.12028	0.151869	0.120285	0.981054	2.70862	2.13822	35.318	
0.987723	-0.00969357	-0.155916	-0.009759	0.992295	-0.123515	0.155912	0.12352	0.980017	2.85645	2.25532	36.2599	
0.987071	-0.0102095	-0.159955	-0.0102803	0.991882	-0.126748	0.159951	0.126754	0.978953	3.00816	2.37553	37.2008	
0.986404	-0.0107388	-0.163989	-0.0108151	0.991458	-0.129979	0.163984	0.129985	0.977862	3.16375	2.49884	38.1406	
0.985719	-0.0112812	-0.168017	-0.0113634	0.991023	-0.133207	0.168012	0.133214	0.976743	3.32321	2.62525	39.0794	
0.985019	-0.0118369	-0.172041	-0.0119252	0.990578	-0.136433	0.172034	0.13644	0.975596	3.48653	2.75477	40.0172	
0.984302	-0.0124058	-0.176059	-0.0125005	0.990121	-0.139656	0.176052	0.139664	0.974423	3.65372	2.88738	40.9538	
0.983568	-0.0129879	-0.180071	-0.0130894	0.989654	-0.142876	0.180064	0.142885	0.973222	3.82476	3.02309	41.8892	
0.982818	-0.0135832	-0.184078	-0.0136917	0.989176	-0.146094	0.18407	0.146104	0.971994	3.99966	3.1619	42.8235	
0.982051	-0.0141916	-0.188079	-0.0143075	0.988687	-0.149308	0.18807	0.149319	0.970739	4.1784	3.30379	43.7566	
0.981269	-0.0148132	-0.192074	-0.0149368	0.988187	-0.15252	0.192065	0.152532	0.969456	4.36098	3.44877	44.6885	
0.98047	-0.0154479	-0.196063	-0.0155795	0.987677	-0.155729	0.196053	0.155742	0.968147	4.54739	3.59683	45.6191	
0.979654	-0.0160957	-0.200047	-0.0162356	0.987156	-0.158934	0.200035	0.158948	0.96681	4.73764	3.74798	46.5485	
0.978823	-0.0167566	-0.204024	-0.0169052	0.986624	-0.162136	0.204011	0.162152	0.965446	4.9317	3.90221	47.4766	
0.977975	-0.0174305	-0.207994	-0.0175882	0.986081	-0.165335	0.207981	0.165352	0.964055	5.12958	4.05951	48.4033	
0.977111	-0.0181175	-0.211958	-0.0182846	0.985527	-0.16853	0.211944	0.168548	0.962638	5.33128	4.21988	49.3287	
0.976231	-0.0188176	-0.215916	-0.0189944	0.984962	-0.171722	0.2159	0.171741	0.961193	5.53677	4.38333	50.2527	
0.975334	-0.0195306	-0.219867	-0.0197175	0.984387	-0.17491	0.21985	0.174931	0.959721	5.74606	4.54983	51.1754	
0.974422	-0.0202566	-0.223811	-0.0204541	0.983801	-0.178094	0.223793	0.178116	0.958223	5.95915	4.7194	52.0966	
0.973494	-0.0209955	-0.227748	-0.0212039	0.983204	-0.181274	0.227729	0.181298	0.956698	6.17602	4.89203	53.0163	
0.972549	-0.0217474	-0.231678	-0.0219671	0.982596	-0.18445	0.231657	0.184476	0.955146	6.39666	5.06771	53.9346	
0.971589	-0.0225122	-0.235601	-0.0227436	0.981978	-0.187622	0.235579	0.18765	0.953567	6.62108	5.24645	54.8513	
0.970613	-0.0232899	-0.239516	-0.0235333	0.981349	-0.19079	0.239493	0.19082	0.951962	6.84925	5.42823	55.7666	
0.969621	-0.0240805	-0.243425	-0.0243364	0.980709	-0.193953	0.243399	0.193985	0.95033	7.08119	5.61305	56.6803	
0.968613	-0.0248839	-0.247325	-0.0251526	0.980058	-0.197112	0.247298	0.197146	0.948671	7.31687	5.80091	57.5924	
0.967589	-0.0257001	-0.251218	-0.0259822	0.979397	-0.200267	0.251189	0.200303	0.946986	7.5563	5.99181	58.5028	
0.96739	-0.0258605	-0.251968	-0.0271263	0.978476	-0.204572	0.251835	0.204736	0.945866	7.7979	6.18635	59.412	
0.96719	-0.0260247	-0.252718	-0.0282747	0.977533	-0.208877	0.252476	0.20917	0.944724	8.04013	6.38515	60.32	
0.966989	-0.0261926	-0.253468	-0.0294273	0.976569	-0.213182	0.253112	0.213604	0.943561	8.28296	6.58821	61.227	
0.966788	-0.0263642	-0.254217	-0.030584	0.975584	-0.217486	0.253744	0.218038	0.942377	8.52641	6.79553	62.1328	
0.966586	-0.0265394	-0.254967	-0.0317444	0.974578	-0.221788	0.254371	0.222471	0.941171	8.77046	7.00711	63.0375	
0.966383	-0.0267184	-0.255716	-0.0329086	0.973551	-0.226087	0.254993	0.226902	0.939944	9.01511	7.22294	63.941	
0.966179	-0.026901	-0.256464	-0.0340763	0.972503	-0.230383	0.25561	0.231331	0.938696	9.26035	7.44304	64.8433	
0.965975	-0.0270873	-0.257213	-0.0352474	0.971434	-0.234676	0.256222	0.235757	0.937427	9.50619	7.66738	65.7444	
0.96577	-0.0272771	-0.25796	-0.0364216	0.970345	-0.238964	0.256829	0.24018	0.936137	9.75261	7.89597	66.6443	
0.965565	-0.0274706	-0.258707	-0.0375988	0.969235	-0.243247	0.25743	0.244598	0.934827	9.99961	8.12881	67.5429	
0.965359	-0.0276676	-0.259452	-0.0387789	0.968105	-0.247524	0.258026	0.249011	0.933497	10.2472	8.3659	68.4403	
0.965153	-0.0278682	-0.260197	-0.0399617	0.966955	-0.251795	0.258616	0.253419	0.932146	10.4953	8.60722	69.3364	
0.970717	-0.0220749	-0.239211	-0.0420589	0.964771	-0.259706	0.236517	0.262162	0.935591	10.7332	8.85486	70.2335	
0.975782	-0.0160869	-0.218153	-0.0439683	0.962514	-0.267644	0.214281	0.270754	0.938497	10.9497	9.11084	71.1337	
0.980346	-0.00990756	-0.197036	-0.0456889	0.960185	-0.275605	0.191921	0.27919	0.940861	11.1448	9.37499	72.0364	
0.984407	-0.00354043	-0.175872	-0.0472195	0.957784	-0.283583	0.169451	0.287465	0.942682	11.3184	9.64717	72.9411	
0.987961	0.00301079	-0.154673	-0.0485594	0.955315	-0.291574	0.146883	0.295575	0.94396	11.4703	9.92722	73.8473	
0.991007	0.00974233	-0.133451	-0.0497078	0.952777	-0.299574	0.124231	0.303513	0.944694	11.6005	10.215	74.7545	
0.993544	0.0166503	-0.112219	-0.0506639	0.950173	-0.307577	0.101507	0.311277	0.944883	11.709	10.5103	75.6621	
0.995569	0.0237308	-0.0909893	-0.0514273	0.947504	-0.31558	0.0787238	0.318861	0.944526	11.7955	10.8129	76.5696	
0.997082	0.0309796	-0.0697735	-0.0519975	0.944772	-0.323578	0.0558957	0.326262	0.943625	11.8602	11.1228	77.4765	
0.998081	0.0383926	-0.048584	-0.0523742	0.941977	-0.331566	0.0330353	0.333474	0.94218	11.9029	11.4397	78.3823	
0.998566	0.0459655	-0.027433	-0.0525571	0.939123	-0.339539	0.0101559	0.340494	0.940192	11.9237	11.7634	79.2865	
0.998537	0.0536939	-0.00633286	-0.0525462	0.936209	-0.347493	-0.0127294	0.347317	0.937661	11.9224	12.0938	80.1885	
0.997994	0.0615735	0.0147043	-0.0523415	0.933239	-0.355423	-0.0356073	0.35394	0.93459	11.8992	12.4306	81.0878	
0.996937	0.0695996	0.0356665	-0.051943	0.930213	-0.363325	-0.0584647	0.360359	0.93098	11.854	12.7737	81.9839	
0.995367	0.0777676	0.0565414	-0.0513511	0.927134	-0.371194	-0.0812884	0.366571	0.926832	11.7869	13.1229	82.8762	
0.993284	0.0860728	0.0773172	-0.050566	0.924004	-0.379026	-0.104065	0.37257	0.922151	11.6979	13.4779	83.7643	
0.99069	0.0945105	0.0979818	-0.0495882	0.920823	-0.386815	-0.126782	0.378355	0.916937	11.587	13.8386	84.6477	
0.987587	0.103076	0.118523	-0.0484183	0.917594	-0.394559	-0.149426	0.383922	0.911195	11.4543	14.2048	85.5258	
0.983975	0.111763	0.13893	-0.0470569	0.914319	-0.402251	-0.171983	0.389268	0.904927	11.2999	14.5761	86.3981	
0.979858	0.120569	0.15919	-0.0455048	0.911	-0.409888	-0.194441	0.394389	0.898137	11.1239	14.9526	87.2642	
0.975237	0.129487	0.179291	-0.043763	0.907638	-0.417466	-0.216788	0.399282	0.890829	10.9264	15.3338	88.1235	
0.970116	0.138512	0.199222	-0.0418324	0.904236	-0.424979	-0.239009	0.403945	0.883008	10.7075	15.7196	88.9755	
0.964497	0.14764	0.218972	-0.0397141	0.900795	-0.432424	-0.261092	0.408375	0.874677	10.4673	16.1098	89.8197	
0.958383	0.156864	0.238529	-0.0374094	0.897318	-0.439796	-0.283025	0.41257	0.865842	10.2059	16.5041	90.6558	
0.951778	0.16618	0.257882	-0.0349196	0.893806	-0.447092	-0.304794	0.416527	0.856508	9.92356	16.9023	91.483	
