1	0	0	0	1	0	0	0	1	0	0	0	
1	1.49574e-08	3.10188e-05	1.49574e-08	1	-0.000964409	-3.10188e-05	0.000964409	1	-1.67078e-05	0.000519466	1.07727	
1	5.97925e-08	6.19952e-05	5.98816e-08	0.999998	-0.00193038	-6.19952e-05	0.00193038	0.999998	-6.68085e-05	0.0020787	2.15454	
1	1.34466e-07	9.29271e-05	1.34823e-07	0.999996	-0.00289784	-9.29271e-05	0.00289784	0.999996	-0.000150255	0.00467936	3.23181	
1	2.3893e-07	0.000123813	2.39825e-07	0.999993	-0.00386675	-0.000123813	0.00386675	0.999993	-0.000266999	0.00832301	4.30908	
1	3.73132e-07	0.00015465	3.74922e-07	0.999988	-0.00483706	-0.00015465	0.00483706	0.999988	-0.000416989	0.0130112	5.38634	
1	5.37007e-07	0.000185436	5.40145e-07	0.999983	-0.0058087	-0.000185436	0.0058087	0.999983	-0.000600172	0.0187454	6.4636	
1	7.30486e-07	0.00021617	7.35515e-07	0.999977	-0.00678162	-0.00021617	0.00678162	0.999977	-0.000816492	0.025527	7.54085	
1	9.53492e-07	0.00024685	9.61045e-07	0.99997	-0.00775577	-0.00024685	0.00775577	0.99997	-0.00106589	0.0333574	8.6181	
1	1.20594e-06	0.000277473	1.21674e-06	0.999962	-0.00873108	-0.000277473	0.00873108	0.999962	-0.00134831	0.0422378	9.69533	
1	1.48774e-06	0.000308037	1.50261e-06	0.999953	-0.00970751	-0.000308037	0.00970751	0.999953	-0.00166369	0.0521695	10.7726	
1	1.79878e-06	0.000338542	1.81864e-06	0.999943	-0.010685	-0.000338542	0.010685	0.999943	-0.00201196	0.0631536	11.8498	
1	2.13897e-06	0.000368984	2.16482e-06	0.999932	-0.0116635	-0.000368983	0.0116635	0.999932	-0.00239306	0.0751914	12.927	
1	2.50818e-06	0.000399361	2.54112e-06	0.99992	-0.0126429	-0.000399361	0.0126429	0.99992	-0.00280692	0.0882837	14.0042	
1	2.9063e-06	0.000429673	2.94752e-06	0.999907	-0.0136233	-0.000429673	0.0136233	0.999907	-0.00325346	0.102432	15.0814	
1	3.3332e-06	0.000459917	3.38398e-06	0.999893	-0.0146044	-0.000459916	0.0146044	0.999893	-0.00373263	0.117636	16.1585	
1	3.78874e-06	0.00049009	3.85047e-06	0.999879	-0.0155864	-0.00049009	0.0155864	0.999878	-0.00424434	0.133898	17.2357	
1	4.27278e-06	0.000520193	4.34692e-06	0.999863	-0.0165691	-0.000520192	0.0165691	0.999863	-0.00478851	0.151218	18.3128	
1	4.78516e-06	0.000550221	4.87329e-06	0.999846	-0.0175524	-0.00055022	0.0175524	0.999846	-0.00536507	0.169597	19.3899	
1	5.32573e-06	0.000580174	5.42951e-06	0.999828	-0.0185364	-0.000580173	0.0185364	0.999828	-0.00597394	0.189036	20.467	
1	5.89433e-06	0.00061005	6.01552e-06	0.999809	-0.0195209	-0.000610049	0.0195209	0.999809	-0.00661504	0.209535	21.5441	
1	6.49079e-06	0.000639847	6.63123e-06	0.99979	-0.0205059	-0.000639846	0.0205059	0.99979	-0.00728828	0.231095	22.6211	
1	7.11493e-06	0.000669563	7.27656e-06	0.999769	-0.0214914	-0.000669561	0.0214914	0.999769	-0.00799357	0.253716	23.6982	
1	7.76656e-06	0.000699197	7.95142e-06	0.999747	-0.0224772	-0.000699195	0.0224772	0.999747	-0.00873084	0.277399	24.7752	
1	8.4455e-06	0.000728746	8.65572e-06	0.999725	-0.0234634	-0.000728743	0.0234634	0.999724	-0.00949998	0.302145	25.8522	
1	9.15154e-06	0.000758209	9.38934e-06	0.999701	-0.0244499	-0.000758206	0.0244499	0.999701	-0.0103009	0.327952	26.9291	
1	9.88449e-06	0.000787585	1.01522e-05	0.999676	-0.0254366	-0.000787581	0.0254366	0.999676	-0.0111335	0.354823	28.0061	
1	1.06441e-05	0.000816871	1.09441e-05	0.999651	-0.0264235	-0.000816867	0.0264235	0.999651	-0.0119977	0.382757	29.083	
1	1.14303e-05	0.000846065	1.17651e-05	0.999624	-0.0274104	-0.000846061	0.0274104	0.999624	-0.0128934	0.411754	30.1599	
1	1.22426e-05	0.000875168	1.26148e-05	0.999597	-0.0283975	-0.000875162	0.0283975	0.999596	-0.0138206	0.441814	31.2367	
1	1.3081e-05	0.000904175	1.34933e-05	0.999568	-0.0293845	-0.000904169	0.0293845	0.999568	-0.014779	0.472937	32.3136	
1	1.39452e-05	0.000933087	1.44004e-05	0.999539	-0.0303714	-0.00093308	0.0303714	0.999538	-0.0157686	0.505124	33.3903	
1	1.4835e-05	0.0009619	1.53359e-05	0.999508	-0.0313583	-0.000961893	0.0313583	0.999508	-0.0167893	0.538374	34.4671	
1	1.57501e-05	0.000990615	1.62996e-05	0.999477	-0.032345	-0.000990606	0.032345	0.999476	-0.017841	0.572687	35.5438	
0.999999	1.66902e-05	0.00101923	1.72914e-05	0.999444	-0.0333314	-0.00101922	0.0333314	0.999444	-0.0189235	0.608063	36.6205	
0.999999	1.76551e-05	0.00104774	1.83112e-05	0.999411	-0.0343176	-0.00104773	0.0343176	0.99941	-0.0200369	0.644501	37.6972	
0.999999	1.86446e-05	0.00107615	1.93587e-05	0.999377	-0.0353034	-0.00107613	0.0353034	0.999376	-0.0211809	0.682001	38.7738	
0.999999	1.96583e-05	0.00110445	2.04338e-05	0.999341	-0.0362889	-0.00110443	0.0362889	0.999341	-0.0223554	0.720563	39.8504	
0.999999	2.0696e-05	0.00113264	2.15363e-05	0.999305	-0.0372739	-0.00113263	0.0372739	0.999304	-0.0235604	0.760187	40.9269	
0.999999	2.17575e-05	0.00116073	2.2666e-05	0.999268	-0.0382584	-0.00116071	0.0382584	0.999267	-0.0247956	0.800871	42.0034	
0.999999	2.28424e-05	0.0011887	2.38227e-05	0.99923	-0.0392423	-0.00118868	0.0392423	0.999229	-0.0260611	0.842616	43.0799	
0.999999	2.39504e-05	0.00121657	2.50062e-05	0.999191	-0.0402256	-0.00121655	0.0402256	0.99919	-0.0273566	0.88542	44.1563	
0.999999	2.50813e-05	0.00124432	2.62163e-05	0.999151	-0.0412083	-0.00124429	0.0412083	0.99915	-0.0286821	0.929284	45.2327	
0.999999	2.62347e-05	0.00127195	2.74527e-05	0.99911	-0.0421902	-0.00127193	0.0421902	0.999109	-0.0300375	0.974205	46.309	
0.999999	2.74104e-05	0.00129948	2.87153e-05	0.999068	-0.0431713	-0.00129945	0.0431713	0.999067	-0.0314225	1.02018	47.3853	
0.999999	2.8608e-05	0.00132688	3.00038e-05	0.999025	-0.0441516	-0.00132685	0.0441516	0.999024	-0.0328371	1.06722	48.4616	
0.999999	2.98272e-05	0.00135416	3.1318e-05	0.998981	-0.045131	-0.00135413	0.045131	0.99898	-0.0342812	1.11531	49.5378	
0.999999	3.10678e-05	0.00138133	3.26576e-05	0.998936	-0.0461095	-0.00138129	0.0461095	0.998935	-0.0357546	1.16446	50.6139	
0.999999	3.23293e-05	0.00140837	3.40225e-05	0.998891	-0.0470869	-0.00140833	0.0470869	0.99889	-0.0372572	1.21465	51.69	
0.999999	3.36115e-05	0.00143529	3.54122e-05	0.998844	-0.0480633	-0.00143525	0.0480633	0.998843	-0.0387888	1.26591	52.7661	
0.999999	3.4914e-05	0.00146209	3.68267e-05	0.998797	-0.0490386	-0.00146204	0.0490386	0.998796	-0.0403494	1.31821	53.8421	
0.999999	3.62366e-05	0.00148876	3.82657e-05	0.998749	-0.0500127	-0.00148871	0.0500127	0.998747	-0.0419388	1.37156	54.918	
0.999999	3.75788e-05	0.0015153	3.97288e-05	0.998699	-0.0509856	-0.00151525	0.0509856	0.998698	-0.0435568	1.42596	55.9939	
0.999999	3.89403e-05	0.00154172	4.12158e-05	0.998649	-0.0519572	-0.00154166	0.0519572	0.998648	-0.0452034	1.48141	57.0697	
0.999999	4.03208e-05	0.00156801	4.27265e-05	0.998598	-0.0529274	-0.00156794	0.0529274	0.998597	-0.0468784	1.53791	58.1455	
0.999999	4.17199e-05	0.00159417	4.42605e-05	0.998547	-0.0538963	-0.0015941	0.0538963	0.998545	-0.0485815	1.59544	59.2213	
0.999999	4.31372e-05	0.00162019	4.58175e-05	0.998494	-0.0548637	-0.00162012	0.0548637	0.998493	-0.0503128	1.65403	60.2969	
0.999999	4.45725e-05	0.00164608	4.73974e-05	0.99844	-0.0558297	-0.00164601	0.0558297	0.998439	-0.0520721	1.71365	61.3726	
0.999999	4.60254e-05	0.00167184	4.89997e-05	0.998386	-0.056794	-0.00167176	0.056794	0.998385	-0.0538592	1.77431	62.4481	
0.999999	4.74954e-05	0.00169747	5.06243e-05	0.998331	-0.0577568	-0.00169738	0.0577568	0.998329	-0.0556739	1.83602	63.5236	
0.999999	4.89823e-05	0.00172296	5.22707e-05	0.998275	-0.0587179	-0.00172286	0.0587179	0.998273	-0.0575162	1.89875	64.5991	
0.999998	5.04857e-05	0.00174831	5.39386e-05	0.998218	-0.0596773	-0.0017482	0.0596773	0.998216	-0.0593858	1.96252	65.6745	
0.999998	5.20051e-05	0.00177352	5.56279e-05	0.99816	-0.0606349	-0.00177341	0.0606349	0.998158	-0.0612827	2.02733	66.7498	
0.999998	5.35402e-05	0.00179859	5.73381e-05	0.998101	-0.0615907	-0.00179847	0.0615907	0.9981	-0.0632066	2.09316	67.825	
0.999998	5.50907e-05	0.00182352	5.90689e-05	0.998042	-0.0625446	-0.0018234	0.0625447	0.998041	-0.0651575	2.16003	68.9002	
0.999998	5.66562e-05	0.00184832	6.082e-05	0.997982	-0.0634966	-0.00184818	0.0634966	0.99798	-0.0671351	2.22792	69.9754	
0.999998	5.82362e-05	0.00187296	6.25912e-05	0.997921	-0.0644466	-0.00187282	0.0644466	0.997919	-0.0691394	2.29683	71.0504	
0.999747	-0.00165149	-0.0224336	-5.56489e-05	0.997117	-0.0758844	0.0224942	0.0758665	0.996864	-0.0580313	2.37242	72.1249	
0.998902	-0.00363884	-0.0467056	-0.000453229	0.996181	-0.087306	0.046845	0.0872313	0.995086	-0.0206804	2.46027	73.1979	
0.997464	-0.00590239	-0.0709255	-0.00112986	0.995116	-0.098703	0.0711617	0.0985328	0.992586	0.0428861	2.56034	74.2686	
0.995434	-0.00844048	-0.0950757	-0.00208506	0.993922	-0.110067	0.0954269	0.109763	0.989366	0.132622	2.67254	75.3363	
0.992814	-0.0112513	-0.119139	-0.00331812	0.992599	-0.12139	0.119623	0.120913	0.985429	0.248463	2.7968	76.4	
0.989605	-0.0143328	-0.143097	-0.00482816	0.991149	-0.132664	0.143732	0.131976	0.980777	0.390324	2.93302	77.4592	
0.98581	-0.0176827	-0.166933	-0.00661407	0.989573	-0.143881	0.167737	0.142943	0.975414	0.558102	3.08111	78.5129	
0.981431	-0.0212986	-0.19063	-0.00867457	0.987871	-0.155032	0.19162	0.153807	0.969343	0.751677	3.24096	79.5605	
0.976472	-0.0251779	-0.214171	-0.0110082	0.986046	-0.166109	0.215364	0.164558	0.962569	0.970907	3.41246	80.6011	
0.970936	-0.0293177	-0.237538	-0.0136131	0.984098	-0.177105	0.238953	0.175191	0.955097	1.21563	3.59547	81.6341	
0.964827	-0.0337152	-0.260714	-0.0164876	0.982029	-0.188011	0.262367	0.185696	0.946932	1.48568	3.78987	82.6587	
0.95815	-0.038367	-0.283683	-0.0196296	0.97984	-0.198819	0.285592	0.196067	0.93808	1.78085	3.99551	83.6741	
0.95091	-0.0432698	-0.306428	-0.0230366	0.977533	-0.209522	0.308609	0.206296	0.928549	2.10092	4.21225	84.6796	
0.943111	-0.0484201	-0.328932	-0.0267064	0.975109	-0.220112	0.331403	0.216375	0.918343	2.44568	4.43993	85.6744	
0.93476	-0.053814	-0.35118	-0.0306361	0.972571	-0.230581	0.353956	0.226297	0.907472	2.81486	4.67838	86.658	
0.925863	-0.0594478	-0.373155	-0.034823	0.96992	-0.240921	0.376252	0.236054	0.895942	3.2082	4.92744	87.6294	
0.916425	-0.0653173	-0.394841	-0.039264	0.967158	-0.251126	0.398276	0.245641	0.883763	3.62542	5.18691	88.5881	
0.906454	-0.0714182	-0.416222	-0.043956	0.964287	-0.261187	0.420011	0.255049	0.870942	4.0662	5.45662	89.5333	
0.895957	-0.0777462	-0.437283	-0.0488954	0.961309	-0.271098	0.441441	0.264273	0.85749	4.53024	5.73636	90.4643	
0.884942	-0.0842966	-0.458008	-0.0540788	0.958227	-0.28085	0.462551	0.273305	0.843416	5.01719	6.02594	91.3806	
0.873416	-0.0910647	-0.478384	-0.0595023	0.955042	-0.290438	0.483325	0.282138	0.828731	5.5267	6.32514	92.2813	
0.861389	-0.0980456	-0.498394	-0.065162	0.951757	-0.299854	0.503749	0.290767	0.813444	6.05841	6.63374	93.1659	
0.848868	-0.105234	-0.518024	-0.0710539	0.948374	-0.309092	0.523808	0.299186	0.797567	6.61192	6.95153	94.0337	
0.835863	-0.112625	-0.53726	-0.0771736	0.944896	-0.318143	0.543486	0.307387	0.781112	7.18684	7.27827	94.8841	
0.822383	-0.120214	-0.556089	-0.0835167	0.941326	-0.327003	0.562771	0.315365	0.764091	7.78275	7.61373	95.7164	
0.808438	-0.127993	-0.574495	-0.0900786	0.937665	-0.335665	0.581647	0.323114	0.746515	8.39921	7.95766	96.5301	
0.794039	-0.135959	-0.592467	-0.0968546	0.933916	-0.344122	0.600101	0.330629	0.728397	9.03578	8.30981	97.3246	
0.779195	-0.144106	-0.609991	-0.10384	0.930083	-0.352368	0.61812	0.337905	0.709752	9.692	8.66993	98.0993	
0.763917	-0.152426	-0.627054	-0.111029	0.926168	-0.360397	0.635691	0.344935	0.690591	10.3674	9.03775	98.8536	
0.748217	-0.160915	-0.643645	-0.118417	0.922173	-0.368204	0.652801	0.351715	0.67093	11.0615	9.41302	99.587	
0.732105	-0.169566	-0.65975	-0.125998	0.918102	-0.375783	0.669438	0.35824	0.650782	11.7737	9.79545	100.299	
0.715594	-0.178372	-0.675358	-0.133768	0.913958	-0.383127	0.685588	0.364505	0.630162	12.5036	10.1848	100.989	
0.698695	-0.187328	-0.690458	-0.14172	0.909744	-0.390233	0.701242	0.370506	0.609086	13.2507	10.5807	101.657	
