1	0	0	0	1	0	0	0	1	0	0	0	
0.999997	2.61746e-06	-0.00237904	2.61746e-06	0.999998	0.00220043	0.00237904	-0.00220043	0.999995	0.00113845	-0.00105298	0.957069	
0.999989	1.04927e-05	-0.00476295	1.04952e-05	0.99999	0.00440645	0.00476295	-0.00440645	0.999979	0.00455615	-0.00421461	1.91413	
0.999974	2.36601e-05	-0.00715164	2.36704e-05	0.999978	0.00661797	0.00715164	-0.00661797	0.999953	0.0102577	-0.00949019	2.87117	
0.999954	4.21534e-05	-0.009545	4.21793e-05	0.999961	0.0088349	0.009545	-0.0088349	0.999915	0.0182477	-0.0168849	3.82818	
0.999929	6.60058e-05	-0.0119429	6.60577e-05	0.999939	0.0110572	0.0119429	-0.0110572	0.999868	0.0285304	-0.026404	4.78514	
0.999897	9.52497e-05	-0.0143453	9.53407e-05	0.999912	0.0132846	0.0143453	-0.0132846	0.999809	0.0411103	-0.0380524	5.74206	
0.99986	0.000129917	-0.016752	0.000130063	0.99988	0.0155172	0.016752	-0.0155172	0.999739	0.0559914	-0.0518351	6.69891	
0.999816	0.000170038	-0.019163	0.000170258	0.999842	0.0177549	0.019163	-0.0177549	0.999659	0.0731781	-0.0677571	7.6557	
0.999767	0.000215645	-0.0215782	0.000215958	0.9998	0.0199975	0.0215782	-0.0199975	0.999567	0.0926742	-0.0858229	8.6124	
0.999712	0.000266766	-0.0239974	0.000267198	0.999753	0.022245	0.0239974	-0.022245	0.999465	0.114484	-0.106037	9.56901	
0.999651	0.00032343	-0.0264205	0.000324008	0.9997	0.0244972	0.0264205	-0.0244972	0.999351	0.13861	-0.128405	10.5255	
0.999584	0.000385667	-0.0288474	0.000386419	0.999642	0.0267541	0.0288474	-0.0267541	0.999226	0.165058	-0.152931	11.4819	
0.999511	0.000453503	-0.0312781	0.000454462	0.999579	0.0290156	0.0312781	-0.0290156	0.999089	0.19383	-0.179619	12.4382	
0.999431	0.000526966	-0.0337124	0.000528168	0.99951	0.0312815	0.0337124	-0.0312815	0.998942	0.224931	-0.208473	13.3943	
0.999346	0.000606082	-0.0361503	0.000607564	0.999437	0.0335519	0.0361502	-0.0335519	0.998783	0.258362	-0.239498	14.3503	
0.999255	0.000690878	-0.0385915	0.00069268	0.999358	0.0358265	0.0385915	-0.0358265	0.998613	0.294129	-0.272698	15.3061	
0.999157	0.000781377	-0.041036	0.000783544	0.999273	0.0381053	0.041036	-0.0381054	0.998431	0.332234	-0.308077	16.2618	
0.999054	0.000877604	-0.0434838	0.000880182	0.999184	0.0403883	0.0434837	-0.0403883	0.998237	0.372679	-0.345639	17.2172	
0.998944	0.000979582	-0.0459347	0.000982621	0.999089	0.0426752	0.0459346	-0.0426753	0.998032	0.415469	-0.385388	18.1725	
0.998828	0.00108734	-0.0483885	0.00109089	0.998988	0.0449661	0.0483884	-0.0449662	0.997816	0.460606	-0.427328	19.1276	
0.998706	0.00120089	-0.0508452	0.001205	0.998882	0.0472608	0.0508451	-0.0472609	0.997588	0.508093	-0.471462	20.0825	
0.998577	0.00132025	-0.0533048	0.001325	0.99877	0.0495592	0.0533047	-0.0495594	0.997348	0.557932	-0.517794	21.0371	
0.998443	0.00144546	-0.055767	0.00145089	0.998653	0.0518613	0.0557668	-0.0518615	0.997096	0.610127	-0.566327	21.9915	
0.998302	0.00157653	-0.0582318	0.00158271	0.998531	0.0541669	0.0582316	-0.0541671	0.996832	0.664679	-0.617066	22.9457	
0.998155	0.00171347	-0.060699	0.00172047	0.998402	0.056476	0.0606988	-0.0564762	0.996557	0.721592	-0.670012	23.8996	
0.998001	0.00185632	-0.0631687	0.00186421	0.998269	0.0587884	0.0631684	-0.0587886	0.99627	0.780867	-0.725171	24.8533	
0.997841	0.00200507	-0.0656405	0.00201392	0.998129	0.061104	0.0656403	-0.0611043	0.995971	0.842506	-0.782544	25.8066	
0.997675	0.00215976	-0.0681146	0.00216965	0.997984	0.0634228	0.0681143	-0.0634232	0.99566	0.906513	-0.842135	26.7597	
0.997503	0.0023204	-0.0705907	0.00233141	0.997834	0.0657447	0.0705903	-0.0657451	0.995336	0.972888	-0.903946	27.7124	
0.997324	0.00248701	-0.0730687	0.00249921	0.997677	0.0680695	0.0730683	-0.06807	0.995001	1.04163	-0.967982	28.6649	
0.997139	0.0026596	-0.0755486	0.00267308	0.997515	0.0703973	0.0755482	-0.0703978	0.994654	1.11275	-1.03424	29.617	
0.996947	0.00283818	-0.0780303	0.00285303	0.997348	0.0727278	0.0780297	-0.0727283	0.994295	1.18624	-1.10273	30.5688	
0.996749	0.00302277	-0.0805135	0.00303908	0.997174	0.0750609	0.0805129	-0.0750616	0.993923	1.26211	-1.17346	31.5202	
0.996545	0.00321338	-0.0829984	0.00323124	0.996995	0.0773967	0.0829977	-0.0773974	0.99354	1.34036	-1.24641	32.4713	
0.996334	0.00341002	-0.0854846	0.00342954	0.99681	0.0797349	0.0854838	-0.0797358	0.993144	1.42098	-1.32161	33.422	
0.996116	0.00361271	-0.0879722	0.00363398	0.996619	0.0820756	0.0879713	-0.0820765	0.992736	1.50399	-1.39904	34.3723	
0.995893	0.00382146	-0.0904609	0.00384458	0.996423	0.0844185	0.09046	-0.0844196	0.992316	1.58937	-1.47872	35.3222	
0.995663	0.00403627	-0.0929509	0.00406136	0.996221	0.0867637	0.0929498	-0.0867648	0.991883	1.67714	-1.56063	36.2717	
0.995426	0.00425716	-0.0954418	0.00428432	0.996012	0.0891109	0.0954406	-0.0891122	0.991438	1.76729	-1.6448	37.2208	
0.995183	0.00448414	-0.0979336	0.00451347	0.995799	0.0914602	0.0979323	-0.0914616	0.990981	1.85983	-1.73121	38.1695	
0.994933	0.0047172	-0.100426	0.00474884	0.995579	0.0938114	0.100425	-0.093813	0.990512	1.95475	-1.81987	39.1177	
0.994677	0.00495637	-0.10292	0.00499042	0.995353	0.0961644	0.102918	-0.0961661	0.99003	2.05206	-1.91078	40.0655	
0.994415	0.00520165	-0.105414	0.00523823	0.995121	0.0985191	0.105412	-0.098521	0.989536	2.15175	-2.00394	41.0128	
0.994146	0.00545304	-0.107908	0.00549228	0.994884	0.100875	0.107906	-0.100878	0.98903	2.25383	-2.09936	41.9596	
0.993871	0.00571055	-0.110403	0.00575257	0.994641	0.103233	0.110401	-0.103236	0.988511	2.3583	-2.19704	42.9059	
0.993589	0.00597418	-0.112898	0.00601912	0.994391	0.105593	0.112896	-0.105595	0.98798	2.46515	-2.29697	43.8517	
0.9933	0.00624393	-0.115393	0.00629192	0.994136	0.107953	0.115391	-0.107956	0.987436	2.5744	-2.39916	44.797	
0.993005	0.00651982	-0.117889	0.00657099	0.993875	0.110315	0.117886	-0.110318	0.98688	2.68603	-2.50362	45.7418	
0.992704	0.00680184	-0.120384	0.00685633	0.993608	0.112678	0.120381	-0.112682	0.986312	2.80005	-2.61033	46.6861	
0.992396	0.00708999	-0.12288	0.00714795	0.993335	0.115042	0.122876	-0.115046	0.985731	2.91645	-2.71931	47.6298	
0.992082	0.00738428	-0.125375	0.00744585	0.993056	0.117407	0.125371	-0.117411	0.985138	3.03525	-2.83054	48.5729	
0.991761	0.0076847	-0.127869	0.00775003	0.992771	0.119773	0.127865	-0.119777	0.984532	3.15643	-2.94405	49.5154	
0.991434	0.00799126	-0.130364	0.0080605	0.99248	0.12214	0.130359	-0.122144	0.983914	3.28	-3.05982	50.4574	
0.9911	0.00830395	-0.132858	0.00837725	0.992183	0.124507	0.132853	-0.124512	0.983284	3.40596	-3.17785	51.3988	
0.99076	0.00862278	-0.135351	0.00870029	0.991881	0.126875	0.135346	-0.126881	0.982641	3.5343	-3.29815	52.3396	
0.990414	0.00894773	-0.137843	0.00902962	0.991572	0.129244	0.137838	-0.129249	0.981985	3.66503	-3.42072	53.2797	
0.990061	0.0092788	-0.140335	0.00936524	0.991257	0.131612	0.140329	-0.131619	0.981318	3.79814	-3.54555	54.2192	
0.989701	0.009616	-0.142826	0.00970714	0.990936	0.133981	0.14282	-0.133988	0.980637	3.93364	-3.67266	55.1581	
0.989335	0.00995932	-0.145316	0.0100553	0.99061	0.136351	0.145309	-0.136358	0.979945	4.07152	-3.80203	56.0963	
0.988963	0.0103087	-0.147804	0.0104098	0.990277	0.13872	0.147797	-0.138728	0.97924	4.21178	-3.93366	57.0338	
0.988584	0.0106643	-0.150292	0.0107706	0.989938	0.141089	0.150284	-0.141098	0.978522	4.35442	-4.06757	57.9707	
0.988199	0.0110259	-0.152778	0.0111376	0.989594	0.143459	0.15277	-0.143467	0.977793	4.49945	-4.20374	58.9068	
0.987852	0.0113558	-0.15498	0.01205	0.988725	0.149254	0.154928	-0.149308	0.976578	4.64669	-4.34385	59.8421	
0.9875	0.0116995	-0.157183	0.0129755	0.987822	0.155044	0.157083	-0.155145	0.975323	4.796	-4.48954	60.7761	
0.987143	0.0120568	-0.159387	0.0139139	0.986885	0.160827	0.159235	-0.160977	0.974028	4.94737	-4.64082	61.709	
0.98678	0.0124278	-0.16159	0.0148654	0.985912	0.166604	0.161384	-0.166804	0.972693	5.1008	-4.79767	62.6406	
0.986412	0.0128124	-0.163793	0.0158298	0.984904	0.172374	0.163529	-0.172625	0.971318	5.25628	-4.9601	63.5708	
0.986038	0.0132106	-0.165995	0.0168071	0.983862	0.178137	0.165669	-0.17844	0.969904	5.41381	-5.1281	64.4998	
0.98566	0.0136222	-0.168195	0.0177972	0.982785	0.183892	0.167804	-0.184248	0.968449	5.57339	-5.30166	65.4274	
0.985276	0.0140474	-0.170393	0.0188	0.981674	0.189639	0.169934	-0.19005	0.966956	5.73501	-5.48077	66.3535	
0.984887	0.0144859	-0.172589	0.0198156	0.980528	0.195378	0.172058	-0.195845	0.965423	5.89867	-5.66544	67.2782	
0.984494	0.0149377	-0.174782	0.0208439	0.979347	0.201107	0.174176	-0.201632	0.96385	6.06435	-5.85565	68.2015	
0.984095	0.0154027	-0.176971	0.0218848	0.978133	0.206828	0.176287	-0.207411	0.962239	6.23206	-6.05139	69.1232	
0.983692	0.0158808	-0.179157	0.0229381	0.976883	0.212538	0.178391	-0.213182	0.960588	6.40179	-6.25266	70.0433	
0.983284	0.0163719	-0.181339	0.024004	0.9756	0.218239	0.180487	-0.218944	0.958899	6.57353	-6.45945	70.9619	
0.983612	0.0159506	-0.179591	0.0282812	0.970099	0.241055	0.178066	-0.242184	0.95375	6.74512	-6.68012	71.8772	
0.983935	0.015487	-0.177854	0.0324994	0.964046	0.263742	0.175543	-0.265285	0.948055	6.91434	-6.92298	72.7873	
0.984253	0.0149812	-0.176127	0.0366562	0.957443	0.286286	0.17292	-0.288234	0.941817	7.0811	-7.18787	73.6917	
0.984567	0.0144337	-0.174412	0.0407493	0.950294	0.308675	0.170198	-0.311018	0.93504	7.2453	-7.47464	74.5899	
0.984875	0.0138447	-0.17271	0.0447762	0.942604	0.330896	0.167378	-0.333625	0.927728	7.40685	-7.78314	75.4813	
0.985179	0.0132146	-0.171022	0.0487348	0.934377	0.352936	0.164463	-0.35604	0.919884	7.56566	-8.11319	76.3655	
0.985476	0.0125437	-0.169349	0.0526226	0.925618	0.374783	0.161453	-0.378251	0.911515	7.72163	-8.46459	77.242	
0.985769	0.0118324	-0.167691	0.0564376	0.916331	0.396424	0.158351	-0.400246	0.902623	7.87467	-8.83715	78.1101	
0.986055	0.0110811	-0.16605	0.0601774	0.906522	0.417847	0.155159	-0.422012	0.893214	8.0247	-9.23064	78.9695	
0.986336	0.0102903	-0.164427	0.0638401	0.896197	0.439039	0.151877	-0.443536	0.883294	8.17164	-9.64486	79.8197	
0.98661	0.00946037	-0.162823	0.0674234	0.885362	0.459988	0.148509	-0.464807	0.872869	8.31539	-10.0796	80.6601	
0.986878	0.00859182	-0.161238	0.0709253	0.874022	0.480682	0.145055	-0.485811	0.861944	8.45588	-10.5345	81.4903	
0.98714	0.00768514	-0.159673	0.0743438	0.862184	0.50111	0.141519	-0.506537	0.850525	8.59302	-11.0094	82.3099	
0.987395	0.00674085	-0.15813	0.077677	0.849855	0.52126	0.137901	-0.526973	0.83862	8.72674	-11.504	83.1182	
0.987644	0.00575949	-0.156608	0.080923	0.837043	0.54112	0.134205	-0.547108	0.826234	8.85696	-12.018	83.9149	
0.987886	0.00474163	-0.15511	0.0840798	0.823753	0.560679	0.130431	-0.566929	0.813375	8.9836	-12.5511	84.6996	
0.988121	0.00368785	-0.153636	0.0871458	0.809995	0.579926	0.126583	-0.586425	0.800051	9.1066	-13.1031	85.4717	
0.988348	0.00259874	-0.152187	0.090119	0.795775	0.598849	0.122663	-0.605586	0.786269	9.22587	-13.6735	86.2309	
0.988569	0.00147494	-0.150763	0.0929979	0.781103	0.617438	0.118672	-0.624401	0.772037	9.34137	-14.2621	86.9766	
0.988782	0.000317083	-0.149366	0.0957808	0.765986	0.635682	0.114614	-0.642858	0.757362	9.45301	-14.8686	87.7085	
0.988988	-0.000874164	-0.147996	0.098466	0.750432	0.653571	0.110489	-0.660947	0.742255	9.56073	-15.4925	88.4262	
0.989186	-0.00209812	-0.146653	0.101052	0.734452	0.671095	0.106302	-0.678657	0.726722	9.66448	-16.1336	89.1291	
0.989376	-0.00335408	-0.14534	0.103538	0.718054	0.688243	0.102054	-0.695979	0.710773	9.76419	-16.7915	89.8171	
0.989559	-0.00464134	-0.144056	0.105921	0.701248	0.705005	0.0977469	-0.712903	0.694417	9.85981	-17.4657	90.4895	
