1	0	0	0	1	0	0	0	1	0	0	0	
0.999999	-1.82198e-07	0.00165791	-1.82198e-07	1	0.000219792	-0.00165791	-0.000219792	0.999999	-0.000649769	-8.61406e-05	0.783838	
0.999994	-7.30687e-07	0.00332096	-7.29962e-07	1	0.000439826	-0.00332096	-0.000439826	0.999994	-0.00260109	-0.000344658	1.56767	
0.999988	-1.6481e-06	0.00498909	-1.64519e-06	1	0.000660094	-0.00498909	-0.000660094	0.999987	-0.00585795	-0.000775738	2.35151	
0.999978	-2.93702e-06	0.00666224	-2.92973e-06	1	0.000880587	-0.00666224	-0.000880587	0.999977	-0.0104243	-0.00137956	3.13533	
0.999965	-4.6e-06	0.00834037	-4.58537e-06	0.999999	0.00110129	-0.00834037	-0.00110129	0.999965	-0.0163041	-0.0021563	3.91915	
0.99995	-6.63954e-06	0.0100234	-6.61386e-06	0.999999	0.00132221	-0.0100234	-0.00132221	0.999949	-0.0235013	-0.00310611	4.70295	
0.999931	-9.0581e-06	0.0117114	-9.01689e-06	0.999999	0.00154332	-0.0117114	-0.00154332	0.99993	-0.0320196	-0.00422917	5.48674	
0.99991	-1.18581e-05	0.0134041	-1.17961e-05	0.999998	0.00176461	-0.0134041	-0.00176461	0.999909	-0.0418628	-0.00552561	6.27052	
0.999886	-1.50419e-05	0.0151017	-1.49531e-05	0.999998	0.00198609	-0.0151017	-0.00198609	0.999884	-0.0530348	-0.00699558	7.05427	
0.999859	-1.86119e-05	0.0168039	-1.84894e-05	0.999998	0.00220773	-0.0168039	-0.00220773	0.999856	-0.0655392	-0.00863922	7.83801	
0.999829	-2.25702e-05	0.0185109	-2.24065e-05	0.999997	0.00242954	-0.0185109	-0.00242954	0.999826	-0.0793798	-0.0104567	8.62173	
0.999796	-2.69193e-05	0.0202224	-2.67058e-05	0.999996	0.00265149	-0.0202224	-0.00265149	0.999792	-0.0945601	-0.012448	9.40541	
0.999759	-3.16612e-05	0.0219385	-3.13888e-05	0.999996	0.00287359	-0.0219385	-0.00287358	0.999755	-0.111084	-0.0146134	10.1891	
0.99972	-3.67982e-05	0.0236592	-3.64567e-05	0.999995	0.00309582	-0.0236592	-0.00309581	0.999715	-0.128954	-0.0169529	10.9727	
0.999678	-4.23323e-05	0.0253843	-4.19108e-05	0.999994	0.00331817	-0.0253843	-0.00331816	0.999672	-0.148176	-0.0194667	11.7563	
0.999632	-4.82655e-05	0.0271138	-4.77524e-05	0.999994	0.00354064	-0.0271138	-0.00354063	0.999626	-0.168751	-0.0221548	12.5399	
0.999584	-5.46e-05	0.0288477	-5.39826e-05	0.999993	0.00376321	-0.0288477	-0.0037632	0.999577	-0.190683	-0.0250173	13.3234	
0.999532	-6.13377e-05	0.0305859	-6.06026e-05	0.999992	0.00398588	-0.0305859	-0.00398586	0.999524	-0.213976	-0.0280543	14.1069	
0.999477	-6.84805e-05	0.0323283	-6.76134e-05	0.999991	0.00420863	-0.0323283	-0.00420862	0.999468	-0.238633	-0.0312659	14.8903	
0.999419	-7.60303e-05	0.034075	-7.50161e-05	0.99999	0.00443147	-0.034075	-0.00443145	0.999409	-0.264658	-0.0346521	15.6737	
0.999358	-8.3989e-05	0.0358258	-8.28115e-05	0.999989	0.00465437	-0.0358258	-0.00465435	0.999347	-0.292054	-0.038213	16.4571	
0.999294	-9.23583e-05	0.0375807	-9.10007e-05	0.999988	0.00487734	-0.0375807	-0.00487731	0.999282	-0.320823	-0.0419486	17.2404	
0.999226	-0.00010114	0.0393396	-9.95845e-05	0.999987	0.00510036	-0.0393396	-0.00510033	0.999213	-0.350969	-0.045859	18.0236	
0.999155	-0.000110336	0.0411025	-0.000108564	0.999986	0.00532342	-0.0411025	-0.00532338	0.999141	-0.382496	-0.0499443	18.8068	
0.999081	-0.000119947	0.0428694	-0.000117939	0.999985	0.00554651	-0.0428694	-0.00554647	0.999065	-0.415407	-0.0542044	19.59	
0.999003	-0.000129976	0.0446402	-0.000127711	0.999983	0.00576964	-0.0446402	-0.00576959	0.998986	-0.449703	-0.0586394	20.373	
0.998922	-0.000140423	0.0464148	-0.000137881	0.999982	0.00599278	-0.0464148	-0.00599272	0.998904	-0.485389	-0.0632493	21.156	
0.998838	-0.000151292	0.0481931	-0.000148449	0.999981	0.00621592	-0.0481931	-0.00621586	0.998819	-0.522468	-0.068034	21.939	
0.99875	-0.000162581	0.0499752	-0.000159415	0.999979	0.00643907	-0.0499752	-0.00643899	0.99873	-0.560942	-0.0729937	22.7219	
0.998659	-0.000174295	0.051761	-0.000170781	0.999978	0.00666221	-0.051761	-0.00666212	0.998637	-0.600815	-0.0781283	23.5047	
0.998565	-0.000186433	0.0535504	-0.000182546	0.999976	0.00688533	-0.0535504	-0.00688523	0.998541	-0.642088	-0.0834378	24.2874	
0.998467	-0.000198996	0.0553433	-0.000194711	0.999975	0.00710843	-0.0553433	-0.00710831	0.998442	-0.684766	-0.0889221	25.0701	
0.998366	-0.000211987	0.0571398	-0.000207277	0.999973	0.00733149	-0.0571398	-0.00733135	0.998339	-0.72885	-0.0945813	25.8526	
0.998262	-0.000225407	0.0589397	-0.000220243	0.999971	0.00755451	-0.0589397	-0.00755436	0.998233	-0.774344	-0.100415	26.6351	
0.998153	-0.000239256	0.0607431	-0.00023361	0.99997	0.00777748	-0.0607431	-0.0077773	0.998123	-0.82125	-0.106424	27.4175	
0.998042	-0.000253536	0.0625497	-0.000247378	0.999968	0.00800038	-0.0625498	-0.00800019	0.99801	-0.869571	-0.112608	28.1999	
0.997927	-0.000268248	0.0643597	-0.000261547	0.999966	0.00822322	-0.0643597	-0.00822301	0.997893	-0.919309	-0.118966	28.9821	
0.997808	-0.000283393	0.0661729	-0.000276118	0.999964	0.00844599	-0.066173	-0.00844574	0.997772	-0.970467	-0.125499	29.7642	
0.997686	-0.000298972	0.0679893	-0.00029109	0.999962	0.00866866	-0.0679894	-0.0086684	0.997648	-1.02305	-0.132206	30.5463	
0.99756	-0.000314986	0.0698089	-0.000306463	0.99996	0.00889125	-0.0698089	-0.00889095	0.997521	-1.07705	-0.139088	31.3282	
0.997431	-0.000331435	0.0716315	-0.000322237	0.999958	0.00911373	-0.0716315	-0.0091134	0.99739	-1.13249	-0.146144	32.1101	
0.997298	-0.000348321	0.0734571	-0.000338412	0.999956	0.00933611	-0.0734572	-0.00933574	0.997255	-1.18935	-0.153375	32.8918	
0.997162	-0.000365644	0.0752857	-0.000354988	0.999954	0.00955836	-0.0752858	-0.00955796	0.997116	-1.24765	-0.160779	33.6734	
0.997022	-0.000383406	0.0771173	-0.000371965	0.999952	0.0097805	-0.0771173	-0.00978005	0.996974	-1.30738	-0.168358	34.455	
0.996878	-0.000401606	0.0789517	-0.000389343	0.99995	0.0100025	-0.0789517	-0.010002	0.996828	-1.36854	-0.176111	35.2364	
0.996731	-0.000420246	0.0807889	-0.00040712	0.999948	0.0102243	-0.0807889	-0.0102238	0.996679	-1.43115	-0.184038	36.0177	
0.99658	-0.000439326	0.0826288	-0.000425297	0.999945	0.0104461	-0.0826289	-0.0104455	0.996526	-1.49519	-0.192139	36.7988	
0.996426	-0.000458847	0.0844715	-0.000443873	0.999943	0.0106676	-0.0844715	-0.010667	0.996369	-1.56068	-0.200413	37.5799	
0.996268	-0.000478809	0.0863167	-0.000462848	0.999941	0.010889	-0.0863168	-0.0108883	0.996208	-1.62762	-0.208861	38.3608	
0.996106	-0.000499212	0.0881646	-0.000482222	0.999938	0.0111102	-0.0881647	-0.0111094	0.996044	-1.696	-0.217483	39.1416	
0.99594	-0.000520058	0.090015	-0.000501993	0.999936	0.0113312	-0.0900151	-0.0113304	0.995876	-1.76583	-0.226277	39.9223	
0.995771	-0.000541346	0.0918679	-0.000522161	0.999933	0.011552	-0.091868	-0.0115512	0.995704	-1.83712	-0.235245	40.7028	
0.995598	-0.000563077	0.0937232	-0.000542725	0.999931	0.0117727	-0.0937233	-0.0117717	0.995529	-1.90985	-0.244386	41.4832	
0.995421	-0.000585251	0.0955809	-0.000563685	0.999928	0.0119931	-0.095581	-0.0119921	0.995349	-1.98405	-0.253699	42.2635	
0.995118	-0.000619008	0.0986902	-0.000333215	0.999954	0.00963183	-0.0986915	-0.00961769	0.995072	-2.06019	-0.262168	43.0436	
0.994804	-0.000645406	0.101805	-9.55434e-05	0.999974	0.00727306	-0.101807	-0.007245	0.994778	-2.13876	-0.268777	43.8235	
0.99448	-0.000664418	0.104926	0.000149333	0.999988	0.00491681	-0.104928	-0.004874	0.994468	-2.21979	-0.273527	44.6031	
0.994145	-0.000676016	0.108052	0.00040142	0.999997	0.00256307	-0.108053	-0.00250468	0.994142	-2.30326	-0.276419	45.3825	
0.9938	-0.000680177	0.111183	0.000660723	1	0.000211815	-0.111183	-0.000137041	0.9938	-2.38918	-0.277454	46.1616	
0.993444	-0.000676876	0.114318	0.000927246	0.999997	-0.00213695	-0.114317	0.00222894	0.993442	-2.47756	-0.276634	46.9404	
0.993078	-0.000666091	0.117459	0.00120099	0.999989	-0.00448324	-0.117454	0.00459327	0.993068	-2.5684	-0.27396	47.719	
0.992701	-0.000647802	0.120603	0.00148197	0.999976	-0.00682706	-0.120596	0.00695595	0.992677	-2.66169	-0.269434	48.4972	
0.992313	-0.000621989	0.123752	0.00177018	0.999956	-0.00916843	-0.123741	0.00931701	0.992271	-2.75745	-0.263056	49.2752	
0.991915	-0.000588633	0.126904	0.00206563	0.999932	-0.0115073	-0.126889	0.0116764	0.991848	-2.85568	-0.254829	50.0528	
0.991506	-0.000547719	0.13006	0.00236832	0.999901	-0.0138438	-0.13004	0.0140343	0.991409	-2.95638	-0.244752	50.83	
0.991086	-0.00049923	0.13322	0.00267825	0.999866	-0.0161779	-0.133194	0.0163905	0.990954	-3.05954	-0.232828	51.607	
0.990656	-0.000443152	0.136382	0.00299544	0.999824	-0.0185096	-0.13635	0.0187452	0.990483	-3.16518	-0.219058	52.3835	
0.990215	-0.000379473	0.139548	0.00331988	0.999777	-0.0208389	-0.139509	0.0210982	0.989996	-3.2733	-0.203442	53.1597	
0.989764	-0.000308182	0.142715	0.00365158	0.999725	-0.0231658	-0.142669	0.0234498	0.989493	-3.38389	-0.185983	53.9355	
0.989301	-0.000229267	0.145886	0.00399055	0.999667	-0.0254903	-0.145831	0.0257997	0.988973	-3.49696	-0.166681	54.7109	
0.988828	-0.000142721	0.149058	0.00433678	0.999604	-0.0278125	-0.148995	0.0281482	0.988437	-3.6125	-0.145538	55.4859	
0.988345	-4.8536e-05	0.152232	0.00469028	0.999535	-0.0301323	-0.15216	0.0304951	0.987885	-3.73053	-0.122554	56.2605	
0.98785	5.32942e-05	0.155408	0.00505105	0.999461	-0.0324498	-0.155326	0.0328405	0.987317	-3.85104	-0.0977319	57.0346	
0.987345	0.000162774	0.158585	0.0054191	0.999381	-0.034765	-0.158492	0.0351845	0.986733	-3.97403	-0.0710716	57.8083	
0.98683	0.000279908	0.161763	0.00579443	0.999296	-0.0370779	-0.161659	0.0375269	0.986133	-4.09951	-0.0425746	58.5815	
0.986303	0.000404697	0.164942	0.00617705	0.999205	-0.0393885	-0.164827	0.0398679	0.985516	-4.22746	-0.012242	59.3542	
0.985766	0.000537142	0.168122	0.00656695	0.999109	-0.0416969	-0.167994	0.0422074	0.984884	-4.3579	0.0199249	60.1264	
0.985218	0.000677244	0.171302	0.00696415	0.999007	-0.044003	-0.171161	0.0445455	0.984236	-4.49082	0.0539251	60.8982	
0.98466	0.000824999	0.174482	0.00736864	0.9989	-0.0463069	-0.174328	0.0468822	0.983571	-4.62623	0.0897574	61.6694	
0.984091	0.000980406	0.177662	0.00778044	0.998788	-0.0486085	-0.177494	0.0492175	0.98289	-4.76411	0.127421	62.4401	
0.983512	0.00114346	0.180841	0.00819953	0.99867	-0.050908	-0.180659	0.0515514	0.982194	-4.90448	0.166914	63.2102	
0.982922	0.00131415	0.18402	0.00862593	0.998546	-0.0532053	-0.183823	0.0538839	0.981481	-5.04733	0.208236	63.9798	
0.982321	0.00149248	0.187199	0.00905964	0.998418	-0.0555003	-0.186985	0.0562151	0.980753	-5.19266	0.251386	64.7489	
0.98171	0.00167844	0.190376	0.00950066	0.998283	-0.0577933	-0.190146	0.0585449	0.980009	-5.34046	0.296363	65.5173	
0.981088	0.00187201	0.193552	0.009949	0.998144	-0.0600841	-0.193305	0.0608734	0.979248	-5.49074	0.343165	66.2852	
0.980456	0.00207318	0.196726	0.0104047	0.997999	-0.0623728	-0.196462	0.0632006	0.978473	-5.6435	0.391793	67.0525	
0.979814	0.00228195	0.199899	0.0108676	0.997848	-0.0646593	-0.199616	0.0655266	0.977681	-5.79873	0.442243	67.8191	
0.979161	0.0024983	0.203069	0.0113379	0.997692	-0.0669438	-0.202768	0.0678512	0.976873	-5.95643	0.494517	68.5852	
0.978498	0.00272221	0.206237	0.0118156	0.997531	-0.0692262	-0.205916	0.0701746	0.97605	-6.1166	0.548612	69.3506	
0.977825	0.00295368	0.209403	0.0123005	0.997364	-0.0715066	-0.209062	0.0724967	0.975211	-6.27924	0.604527	70.1153	
0.977142	0.00319267	0.212566	0.0127929	0.997192	-0.0737849	-0.212204	0.0748176	0.974357	-6.44434	0.662263	70.8794	
0.975184	0.00394736	0.221361	0.0165567	0.995741	-0.0906954	-0.220776	0.0921097	0.970965	-6.61404	0.727687	71.6418	
0.973149	0.00485825	0.230123	0.0204688	0.99399	-0.107544	-0.229263	0.109366	0.967201	-6.79043	0.806652	72.4014	
0.971038	0.00592499	0.23885	0.0245278	0.991939	-0.124323	-0.237661	0.126581	0.963065	-6.97343	0.899127	73.158	
0.968852	0.00714716	0.247538	0.0287319	0.989589	-0.141028	-0.245969	0.143747	0.958559	-7.16298	1.00508	73.9111	
0.966591	0.00852431	0.256183	0.0330797	0.986941	-0.157651	-0.254182	0.160858	0.953686	-7.359	1.12446	74.6606	
0.964256	0.0100559	0.264783	0.0375693	0.983996	-0.174186	-0.262297	0.177907	0.948446	-7.56143	1.25723	75.4061	
0.961848	0.0117413	0.273334	0.0421993	0.980755	-0.190626	-0.270312	0.194888	0.942842	-7.77017	1.40335	76.1473	
0.959368	0.01358	0.281832	0.0469676	0.97722	-0.206967	-0.278222	0.211794	0.936875	-7.98516	1.56274	76.8841	
