1	0	0	0	1	0	0	0	1	0	0	0	
0.999992	-8.63847e-06	-0.00402408	-8.63847e-06	0.999991	-0.00429335	0.00402408	0.00429335	0.999983	0.00208216	0.00222149	1.03484	
0.999968	-3.45554e-05	-0.00804841	-3.45522e-05	0.999963	-0.00858618	0.00804841	0.00858618	0.999931	0.00832878	0.00888569	2.06965	
0.999927	-7.77517e-05	-0.0120729	-7.77389e-05	0.999917	-0.0128783	0.0120729	0.0128783	0.999844	0.01874	0.019992	3.10438	
0.99987	-0.000138228	-0.0160973	-0.000138196	0.999853	-0.0171697	0.0160973	0.0171697	0.999723	0.033316	0.0355396	4.13901	
0.999798	-0.000215983	-0.0201215	-0.00021592	0.99977	-0.0214601	0.0201215	0.0214601	0.999567	0.0520566	0.0555276	5.1735	
0.999708	-0.000311018	-0.0241455	-0.000310906	0.999668	-0.0257493	0.0241455	0.0257493	0.999377	0.0749615	0.079955	6.2078	
0.999603	-0.000423329	-0.028169	-0.000423151	0.999549	-0.0300373	0.028169	0.0300373	0.999152	0.10203	0.10882	7.24189	
0.999482	-0.000552916	-0.0321919	-0.000552648	0.999411	-0.0343239	0.0321919	0.0343239	0.998892	0.133263	0.142123	8.27573	
0.999344	-0.000699775	-0.0362141	-0.000699392	0.999254	-0.0386089	0.0362141	0.0386089	0.998598	0.168658	0.17986	9.30928	
0.99919	-0.000863904	-0.0402355	-0.000863377	0.999079	-0.0428922	0.0402355	0.0428922	0.998269	0.208215	0.222031	10.3425	
0.99902	-0.0010453	-0.0442558	-0.0010446	0.998886	-0.0471736	0.0442558	0.0471736	0.997906	0.251933	0.268633	11.3754	
0.998833	-0.00124395	-0.048275	-0.00124304	0.998675	-0.051453	0.048275	0.051453	0.997508	0.29981	0.319665	12.4079	
0.998631	-0.00145986	-0.0522929	-0.0014587	0.998445	-0.0557303	0.0522929	0.0557303	0.997076	0.351847	0.375124	13.4399	
0.998412	-0.00169302	-0.0563094	-0.00169157	0.998197	-0.0600053	0.0563094	0.0600052	0.996609	0.40804	0.435009	14.4715	
0.998177	-0.00194343	-0.0603243	-0.00194164	0.99793	-0.0642778	0.0603243	0.0642777	0.996107	0.46839	0.499316	15.5026	
0.997926	-0.00221107	-0.0643375	-0.0022089	0.997645	-0.0685477	0.0643375	0.0685476	0.995571	0.532893	0.568043	16.5331	
0.997658	-0.00249594	-0.0683488	-0.00249334	0.997342	-0.0728149	0.0683489	0.0728148	0.995001	0.601548	0.641188	17.5631	
0.997375	-0.00279803	-0.0723582	-0.00279495	0.997021	-0.0770791	0.0723583	0.077079	0.994396	0.674354	0.718747	18.5925	
0.997075	-0.00311734	-0.0763655	-0.00311371	0.996682	-0.0813403	0.0763656	0.0813402	0.993757	0.751308	0.800717	19.6212	
0.996759	-0.00345385	-0.0803705	-0.00344961	0.996324	-0.0855984	0.0803707	0.0855982	0.993083	0.832407	0.887095	20.6492	
0.996427	-0.00380755	-0.0843731	-0.00380264	0.995948	-0.089853	0.0843733	0.0898528	0.992375	0.91765	0.977878	21.6766	
0.996079	-0.00417843	-0.0883731	-0.00417279	0.995554	-0.0941042	0.0883734	0.094104	0.991632	1.00703	1.07306	22.7031	
0.995714	-0.00456649	-0.0923705	-0.00456005	0.995141	-0.0983518	0.0923708	0.0983515	0.990855	1.10056	1.17264	23.7289	
0.995334	-0.0049717	-0.096365	-0.00496438	0.994711	-0.102596	0.0963654	0.102595	0.990044	1.19821	1.27662	24.7539	
0.994937	-0.00539407	-0.100357	-0.0053858	0.994262	-0.106835	0.100357	0.106835	0.989199	1.3	1.38498	25.778	
0.994524	-0.00583356	-0.104345	-0.00582426	0.993795	-0.111071	0.104346	0.111071	0.988319	1.40592	1.49773	26.8012	
0.994095	-0.00629018	-0.10833	-0.00627977	0.993311	-0.115303	0.108331	0.115302	0.987406	1.51596	1.61486	27.8235	
0.99365	-0.00676391	-0.112312	-0.00675229	0.992808	-0.11953	0.112313	0.119529	0.986458	1.63013	1.73637	28.8448	
0.993189	-0.00725473	-0.116291	-0.00724182	0.992287	-0.123753	0.116291	0.123752	0.985475	1.74842	1.86225	29.8652	
0.992711	-0.00776262	-0.120265	-0.00774834	0.991748	-0.127971	0.120266	0.12797	0.984459	1.87082	1.9925	30.8845	
0.992218	-0.00828757	-0.124236	-0.00827182	0.991191	-0.132184	0.124237	0.132183	0.983409	1.99733	2.12711	31.9027	
0.991709	-0.00882957	-0.128203	-0.00881225	0.990616	-0.136392	0.128204	0.136391	0.982324	2.12795	2.26608	32.9198	
0.991183	-0.0093886	-0.132166	-0.00936961	0.990023	-0.140595	0.132167	0.140594	0.981206	2.26267	2.40939	33.9358	
0.990642	-0.00996463	-0.136125	-0.00994387	0.989412	-0.144793	0.136126	0.144792	0.980054	2.4015	2.55706	34.9506	
0.990084	-0.0105577	-0.140079	-0.010535	0.988783	-0.148986	0.140081	0.148984	0.978867	2.54441	2.70907	35.9642	
0.98951	-0.0111677	-0.144029	-0.011143	0.988137	-0.153173	0.144031	0.153171	0.977647	2.69142	2.86541	36.9765	
0.988921	-0.0117946	-0.147974	-0.0117679	0.987472	-0.157354	0.147976	0.157352	0.976393	2.84251	3.02608	37.9876	
0.988315	-0.0124385	-0.151915	-0.0124095	0.98679	-0.16153	0.151917	0.161527	0.975105	2.99768	3.19108	38.9974	
0.987694	-0.0130993	-0.15585	-0.013068	0.98609	-0.165699	0.155853	0.165697	0.973784	3.15693	3.36039	40.0058	
0.987056	-0.013777	-0.159781	-0.0137432	0.985372	-0.169863	0.159784	0.16986	0.972428	3.32025	3.53402	41.0128	
0.986403	-0.0144715	-0.163706	-0.0144352	0.984636	-0.17402	0.163709	0.174017	0.971039	3.48763	3.71195	42.0184	
0.985734	-0.0151829	-0.167626	-0.0151439	0.983883	-0.178171	0.16763	0.178167	0.969617	3.65908	3.89418	43.0225	
0.985049	-0.0159111	-0.171541	-0.0158693	0.983112	-0.182315	0.171545	0.182311	0.968161	3.83457	4.0807	44.0252	
0.984347	-0.0166561	-0.17545	-0.0166113	0.982324	-0.186452	0.175454	0.186448	0.966671	4.01412	4.27151	45.0263	
0.983631	-0.0174179	-0.179353	-0.01737	0.981517	-0.190583	0.179358	0.190579	0.965148	4.19771	4.46659	46.0259	
0.982898	-0.0181965	-0.18325	-0.0181453	0.980694	-0.194707	0.183255	0.194702	0.963591	4.38533	4.66594	47.0239	
0.982149	-0.0189917	-0.187142	-0.0189372	0.979852	-0.198824	0.187147	0.198818	0.962002	4.57699	4.86956	48.0202	
0.981385	-0.0198037	-0.191027	-0.0197456	0.978994	-0.202933	0.191033	0.202927	0.960378	4.77267	5.07743	49.0149	
0.980605	-0.0206323	-0.194906	-0.0205705	0.978117	-0.207035	0.194913	0.207029	0.958722	4.97237	5.28956	50.0079	
0.979809	-0.0214776	-0.198779	-0.021412	0.977224	-0.21113	0.198786	0.211123	0.957033	5.17608	5.50592	50.9992	
0.978997	-0.0223395	-0.202645	-0.0222699	0.976312	-0.215216	0.202652	0.215209	0.95531	5.38379	5.72651	51.9887	
0.97817	-0.0232179	-0.206504	-0.0231442	0.975384	-0.219295	0.206512	0.219288	0.953554	5.5955	5.95133	52.9764	
0.977327	-0.024113	-0.210357	-0.024035	0.974438	-0.223367	0.210366	0.223358	0.951765	5.81121	6.18037	53.9622	
0.976469	-0.0250245	-0.214202	-0.0249421	0.973475	-0.22743	0.214212	0.22742	0.949944	6.0309	6.41361	54.9462	
0.975595	-0.0259526	-0.218041	-0.0258655	0.972495	-0.231484	0.218051	0.231475	0.948089	6.25456	6.65106	55.9283	
0.974705	-0.0268971	-0.221872	-0.0268053	0.971497	-0.235531	0.221883	0.23552	0.946202	6.48219	6.89269	56.9085	
0.973799	-0.0278581	-0.225696	-0.0277613	0.970482	-0.239568	0.225708	0.239557	0.944282	6.71379	7.13851	57.8866	
0.972878	-0.0288354	-0.229513	-0.0287335	0.969451	-0.243598	0.229525	0.243586	0.942329	6.94934	7.3885	58.8628	
0.971942	-0.0298292	-0.233321	-0.0297219	0.968402	-0.247618	0.233335	0.247605	0.940344	7.18883	7.64266	59.837	
0.97099	-0.0308392	-0.237122	-0.0307265	0.967336	-0.25163	0.237137	0.251616	0.938326	7.43227	7.90097	60.809	
0.970023	-0.0318656	-0.240916	-0.0317472	0.966253	-0.255632	0.240931	0.255617	0.936276	7.67963	8.16342	61.779	
0.96904	-0.0329083	-0.244701	-0.032784	0.965153	-0.259625	0.244718	0.25961	0.934193	7.93092	8.43001	62.7468	
0.968042	-0.0339671	-0.248478	-0.0338369	0.964036	-0.263609	0.248496	0.263592	0.932078	8.18612	8.70073	63.7125	
0.967028	-0.0350422	-0.252247	-0.0349058	0.962902	-0.267584	0.252266	0.267566	0.92993	8.44523	8.97557	64.6759	
0.965999	-0.0361334	-0.256007	-0.0359906	0.961752	-0.271548	0.256027	0.271529	0.927751	8.70823	9.25451	65.6372	
0.965577	-0.0365859	-0.257532	-0.0378432	0.959767	-0.278236	0.25735	0.278404	0.925344	8.97387	9.53906	66.596	
0.965152	-0.0370502	-0.259054	-0.0397054	0.957733	-0.284906	0.25866	0.285263	0.922887	9.24086	9.83071	67.5523	
0.964724	-0.0375261	-0.260573	-0.0415769	0.955649	-0.291557	0.259958	0.292106	0.920378	9.50921	10.1295	68.5061	
0.964295	-0.0380136	-0.26209	-0.0434575	0.953517	-0.29819	0.261242	0.298933	0.917819	9.77889	10.4353	69.4572	
0.968425	-0.032971	-0.247116	-0.0485321	0.947321	-0.316587	0.244537	0.318584	0.915809	10.0406	10.7548	70.406	
0.972281	-0.0276091	-0.232181	-0.0532698	0.940733	-0.334938	0.227667	0.338022	0.913186	10.285	11.0946	71.3524	
0.97586	-0.0219316	-0.217293	-0.0576674	0.933758	-0.353229	0.210646	0.357233	0.909952	10.5118	11.4543	72.2958	
0.97916	-0.0159423	-0.202463	-0.0617221	0.926399	-0.37145	0.193483	0.376206	0.906109	10.7209	11.8339	73.2356	
0.982179	-0.00964525	-0.1877	-0.0654311	0.918662	-0.389588	0.176191	0.394926	0.90166	10.9122	12.2329	74.171	
0.984914	-0.00304457	-0.173016	-0.0687919	0.910552	-0.40763	0.158781	0.413383	0.896607	11.0855	12.6511	75.1015	
0.987365	0.00385529	-0.158418	-0.0718023	0.902075	-0.425565	0.141265	0.431563	0.890953	11.2408	13.0884	76.0265	
0.989528	0.0110497	-0.143918	-0.0744603	0.893235	-0.44338	0.123654	0.449454	0.884704	11.3778	13.5443	76.9453	
0.991403	0.0185339	-0.129525	-0.0767641	0.88404	-0.461065	0.10596	0.467044	0.877863	11.4967	14.0185	77.8574	
0.992988	0.0263027	-0.115248	-0.0787121	0.874495	-0.478606	0.0881955	0.484321	0.870434	11.5971	14.5108	78.762	
0.994283	0.0343512	-0.101098	-0.080303	0.864606	-0.495992	0.070372	0.501275	0.862422	11.6792	15.0208	79.6587	
0.995287	0.0426737	-0.0870829	-0.0815358	0.854381	-0.513211	0.0525013	0.517892	0.853833	11.7428	15.5482	80.5468	
0.995998	0.0512648	-0.0732128	-0.0824097	0.843825	-0.530252	0.0345955	0.534164	0.844673	11.7878	16.0925	81.4257	
0.996416	0.0601188	-0.059497	-0.082924	0.832947	-0.547104	0.0166666	0.550078	0.834947	11.8143	16.6536	82.2948	
0.996542	0.0692297	-0.0459445	-0.0830784	0.821753	-0.563755	-0.00127355	0.565623	0.824663	11.8223	17.2309	83.1536	
0.996375	0.0785913	-0.0325646	-0.0828729	0.810251	-0.580195	-0.0192128	0.58079	0.813827	11.8117	17.8241	84.0014	
0.995915	0.0881975	-0.019366	-0.0823075	0.798448	-0.596411	-0.0371392	0.595569	0.802446	11.7826	18.4328	84.8378	
0.995162	0.0980418	-0.00635774	-0.0813826	0.786353	-0.612394	-0.0550407	0.609948	0.790527	11.7349	19.0566	85.662	
0.994117	0.108118	0.00645157	-0.0800989	0.773973	-0.628132	-0.0729054	0.62392	0.77808	11.6686	19.6951	86.4737	
0.992781	0.118418	0.0190533	-0.0784572	0.761318	-0.643615	-0.0907213	0.637474	0.765112	11.584	20.3478	87.2723	
0.991154	0.128937	0.0314391	-0.0764586	0.748394	-0.658833	-0.108477	0.650601	0.751632	11.4809	21.0143	88.0571	
0.989238	0.139666	0.0436007	-0.0741045	0.735212	-0.673775	-0.126159	0.663293	0.737649	11.3595	21.6942	88.8277	
0.987034	0.150599	0.0555298	-0.0713964	0.721779	-0.688431	-0.143757	0.675541	0.723173	11.2198	22.387	89.5836	
0.984543	0.161728	0.0672185	-0.0683361	0.708105	-0.702793	-0.161259	0.687336	0.708212	11.062	23.0922	90.3243	
0.981768	0.173046	0.0786591	-0.0649257	0.694199	-0.716849	-0.178653	0.698672	0.692777	10.8861	23.8094	91.0493	
0.978709	0.184546	0.0898437	-0.0611675	0.68007	-0.730591	-0.195928	0.70954	0.676879	10.6923	24.5381	91.758	
0.975369	0.196219	0.100765	-0.0570639	0.665728	-0.744009	-0.213071	0.719934	0.660527	10.4806	25.2778	92.45	
0.97175	0.208058	0.111416	-0.0526178	0.651182	-0.757095	-0.230072	0.729845	0.643734	10.2513	26.028	93.1249	
0.967855	0.220055	0.121789	-0.0478321	0.636442	-0.76984	-0.246918	0.739268	0.626509	10.0045	26.7882	93.7822	
0.963686	0.232202	0.131877	-0.04271	0.621518	-0.782235	-0.2636	0.748196	0.608866	9.74034	27.5579	94.4215	
