1	0	0	0	1	0	0	0	1	0	0	0	
1	-2.38134e-08	0.000294336	-2.38134e-08	1	0.000161811	-0.000294336	-0.000161811	1	-0.00013981	-7.68603e-05	0.95	
1	-9.47418e-08	0.00058704	-9.47729e-08	1	0.000322831	-0.00058704	-0.000322831	1	-0.000558463	-0.000307065	1.9	
1	-2.12022e-07	0.000878099	-2.12145e-07	1	0.000483051	-0.000878099	-0.000483051	0.999999	-0.0012544	-0.000689859	2.85	
0.999999	-3.74885e-07	0.0011675	-3.75192e-07	1	0.000642463	-0.0011675	-0.000642463	0.999999	-0.00222606	-0.00122448	3.8	
0.999999	-5.8256e-07	0.00145523	-5.83171e-07	1	0.00080106	-0.00145523	-0.00080106	0.999999	-0.00347186	-0.00191015	4.75	
0.999998	-8.3427e-07	0.00174129	-8.35335e-07	1	0.000958833	-0.00174129	-0.000958833	0.999998	-0.00499021	-0.0027461	5.7	
0.999998	-1.12924e-06	0.00202564	-1.13093e-06	0.999999	0.00111578	-0.00202564	-0.00111578	0.999997	-0.0067795	-0.00373154	6.64999	
0.999997	-1.46667e-06	0.00230829	-1.4692e-06	0.999999	0.00127188	-0.00230829	-0.00127188	0.999997	-0.00883812	-0.00486568	7.59999	
0.999997	-1.8458e-06	0.00258923	-1.84938e-06	0.999999	0.00142713	-0.00258923	-0.00142713	0.999996	-0.0111644	-0.00614771	8.54999	
0.999996	-2.26581e-06	0.00286843	-2.27072e-06	0.999999	0.00158153	-0.00286843	-0.00158153	0.999995	-0.0137568	-0.00757682	9.49998	
0.999995	-2.72593e-06	0.00314589	-2.73243e-06	0.999998	0.00173507	-0.00314589	-0.00173507	0.999994	-0.0166136	-0.00915221	10.45	
0.999994	-3.22535e-06	0.0034216	-3.23376e-06	0.999998	0.00188774	-0.0034216	-0.00188774	0.999992	-0.0197332	-0.010873	11.4	
0.999993	-3.76328e-06	0.00369554	-3.77391e-06	0.999998	0.00203953	-0.00369554	-0.00203953	0.999991	-0.0231138	-0.0127385	12.35	
0.999992	-4.33891e-06	0.00396771	-4.35212e-06	0.999998	0.00219043	-0.00396771	-0.00219043	0.99999	-0.0267539	-0.0147477	13.3	
0.999991	-4.95144e-06	0.00423809	-4.9676e-06	0.999997	0.00234044	-0.00423809	-0.00234044	0.999988	-0.0306516	-0.0168999	14.2499	
0.99999	-5.60006e-06	0.00450667	-5.61957e-06	0.999997	0.00248955	-0.00450667	-0.00248955	0.999987	-0.0348054	-0.0191941	15.1999	
0.999989	-6.28397e-06	0.00477343	-6.30723e-06	0.999997	0.00263775	-0.00477343	-0.00263775	0.999985	-0.0392134	-0.0216296	16.1499	
0.999987	-7.00235e-06	0.00503838	-7.02979e-06	0.999996	0.00278503	-0.00503838	-0.00278503	0.999983	-0.0438741	-0.0242054	17.0999	
0.999986	-7.75438e-06	0.00530149	-7.78647e-06	0.999996	0.00293139	-0.00530149	-0.00293139	0.999982	-0.0487855	-0.0269207	18.0499	
0.999985	-8.53927e-06	0.00556275	-8.57647e-06	0.999995	0.00307682	-0.00556275	-0.00307682	0.99998	-0.053946	-0.0297746	18.9999	
0.999983	-9.35618e-06	0.00582216	-9.39898e-06	0.999995	0.0032213	-0.00582216	-0.0032213	0.999978	-0.0593538	-0.0327662	19.9498	
0.999982	-1.02043e-05	0.00607971	-1.02532e-05	0.999994	0.00336485	-0.00607971	-0.00336485	0.999976	-0.0650072	-0.0358946	20.8998	
0.99998	-1.10828e-05	0.00633537	-1.11384e-05	0.999994	0.00350744	-0.00633537	-0.00350744	0.999974	-0.0709044	-0.039159	21.8498	
0.999978	-1.19909e-05	0.00658915	-1.20536e-05	0.999993	0.00364906	-0.00658915	-0.00364906	0.999972	-0.0770435	-0.0425583	22.7998	
0.999977	-1.29278e-05	0.00684103	-1.29982e-05	0.999993	0.00378972	-0.00684103	-0.00378972	0.999969	-0.0834229	-0.0460917	23.7497	
0.999975	-1.38926e-05	0.007091	-1.39713e-05	0.999992	0.00392941	-0.007091	-0.00392941	0.999967	-0.0900406	-0.0497583	24.6997	
0.999973	-1.48845e-05	0.00733904	-1.4972e-05	0.999992	0.00406811	-0.00733904	-0.00406811	0.999965	-0.0968948	-0.0535571	25.6497	
0.999971	-1.59027e-05	0.00758516	-1.59997e-05	0.999991	0.00420582	-0.00758516	-0.00420582	0.999962	-0.103984	-0.0574873	26.5997	
0.999969	-1.69464e-05	0.00782934	-1.70534e-05	0.999991	0.00434254	-0.00782934	-0.00434254	0.99996	-0.111306	-0.0615477	27.5496	
0.999967	-1.80148e-05	0.00807157	-1.81324e-05	0.99999	0.00447825	-0.00807157	-0.00447825	0.999957	-0.118859	-0.0657376	28.4996	
0.999965	-1.9107e-05	0.00831183	-1.92359e-05	0.999989	0.00461295	-0.00831183	-0.00461295	0.999955	-0.126641	-0.0700559	29.4495	
0.999963	-2.02222e-05	0.00855013	-2.0363e-05	0.999989	0.00474663	-0.00855013	-0.00474663	0.999952	-0.13465	-0.0745017	30.3995	
0.999961	-2.13596e-05	0.00878644	-2.1513e-05	0.999988	0.00487928	-0.00878644	-0.00487929	0.999949	-0.142885	-0.079074	31.3494	
0.999959	-2.25184e-05	0.00902076	-2.2685e-05	0.999987	0.00501091	-0.00902076	-0.00501091	0.999947	-0.151343	-0.0837719	32.2994	
0.999957	-2.36978e-05	0.00925308	-2.38782e-05	0.999987	0.00514149	-0.00925308	-0.00514149	0.999944	-0.160024	-0.0885943	33.2493	
0.999955	-2.4897e-05	0.00948339	-2.50918e-05	0.999986	0.00527103	-0.00948339	-0.00527103	0.999941	-0.168923	-0.0935402	34.1993	
0.999953	-2.6115e-05	0.00971169	-2.6325e-05	0.999985	0.00539952	-0.00971168	-0.00539952	0.999938	-0.178041	-0.0986087	35.1492	
0.999951	-2.73512e-05	0.00993795	-2.7577e-05	0.999985	0.00552694	-0.00993795	-0.00552694	0.999935	-0.187375	-0.103799	36.0992	
0.999948	-2.86047e-05	0.0101622	-2.8847e-05	0.999984	0.0056533	-0.0101622	-0.0056533	0.999932	-0.196922	-0.109109	37.0491	
0.999946	-2.98748e-05	0.0103843	-3.01342e-05	0.999983	0.00577859	-0.0103843	-0.00577859	0.999929	-0.206682	-0.11454	37.999	
0.999944	-3.11605e-05	0.0106045	-3.14378e-05	0.999983	0.0059028	-0.0106045	-0.0059028	0.999926	-0.216651	-0.120088	38.949	
0.999941	-3.24611e-05	0.0108225	-3.2757e-05	0.999982	0.00602592	-0.0108225	-0.00602592	0.999923	-0.226829	-0.125754	39.8989	
0.999939	-3.37759e-05	0.0110385	-3.40909e-05	0.999981	0.00614795	-0.0110385	-0.00614795	0.99992	-0.237213	-0.131537	40.8488	
0.999937	-3.51039e-05	0.0112524	-3.54388e-05	0.99998	0.00626887	-0.0112524	-0.00626888	0.999917	-0.247801	-0.137435	41.7987	
0.999934	-3.64444e-05	0.0114642	-3.67999e-05	0.99998	0.0063887	-0.0114642	-0.0063887	0.999914	-0.258592	-0.143447	42.7487	
0.999932	-3.77967e-05	0.0116739	-3.81734e-05	0.999979	0.00650741	-0.0116739	-0.00650741	0.999911	-0.269582	-0.149573	43.6986	
0.999929	-3.91599e-05	0.0118815	-3.95585e-05	0.999978	0.006625	-0.0118815	-0.006625	0.999907	-0.280771	-0.155811	44.6485	
0.999927	-4.05332e-05	0.0120869	-4.09544e-05	0.999977	0.00674147	-0.0120869	-0.00674147	0.999904	-0.292156	-0.16216	45.5984	
0.999924	-4.19159e-05	0.0122903	-4.23603e-05	0.999976	0.0068568	-0.0122903	-0.0068568	0.999901	-0.303735	-0.168619	46.5483	
0.999922	-4.33071e-05	0.0124915	-4.37754e-05	0.999976	0.006971	-0.0124915	-0.006971	0.999898	-0.315507	-0.175187	47.4982	
0.999919	-4.47062e-05	0.0126905	-4.5199e-05	0.999975	0.00708405	-0.0126905	-0.00708406	0.999894	-0.327468	-0.181863	48.4481	
0.999917	-4.61122e-05	0.0128874	-4.66303e-05	0.999974	0.00719596	-0.0128874	-0.00719596	0.999891	-0.339618	-0.188646	49.398	
0.999914	-4.75246e-05	0.0130822	-4.80685e-05	0.999973	0.0073067	-0.0130822	-0.00730671	0.999888	-0.351953	-0.195535	50.3479	
0.999912	-4.89424e-05	0.0132748	-4.95128e-05	0.999972	0.00741629	-0.0132748	-0.00741629	0.999884	-0.364473	-0.202529	51.2978	
0.999909	-5.0365e-05	0.0134652	-5.09625e-05	0.999972	0.00752471	-0.0134652	-0.00752471	0.999881	-0.377174	-0.209626	52.2477	
0.999907	-5.17916e-05	0.0136534	-5.24168e-05	0.999971	0.00763195	-0.0136534	-0.00763195	0.999878	-0.390056	-0.216825	53.1976	
0.999904	-5.32214e-05	0.0138394	-5.3875e-05	0.99997	0.00773801	-0.0138394	-0.00773802	0.999874	-0.403115	-0.224126	54.1475	
0.999902	-5.46537e-05	0.0140233	-5.53363e-05	0.999969	0.00784289	-0.0140233	-0.00784289	0.999871	-0.416349	-0.231527	55.0973	
0.999899	-5.60878e-05	0.0142049	-5.67999e-05	0.999968	0.00794657	-0.0142049	-0.00794658	0.999868	-0.429758	-0.239027	56.0472	
0.999897	-5.75229e-05	0.0143843	-5.82651e-05	0.999968	0.00804906	-0.0143843	-0.00804906	0.999864	-0.443338	-0.246625	56.9971	
0.999894	-5.89583e-05	0.0145615	-5.97312e-05	0.999967	0.00815034	-0.0145615	-0.00815035	0.999861	-0.457087	-0.254319	57.947	
0.999891	-6.03933e-05	0.0147365	-6.11974e-05	0.999966	0.00825042	-0.0147364	-0.00825042	0.999857	-0.471003	-0.26211	58.8968	
0.999921	-3.93137e-05	0.0125367	-9.74938e-05	0.99994	0.0109118	-0.0125364	-0.0109121	0.999862	-0.483958	-0.271212	59.8467	
0.999947	-1.23547e-05	0.0103349	-0.000127919	0.999908	0.0135721	-0.0103341	-0.0135727	0.999854	-0.494822	-0.282842	60.7966	
0.999967	2.04919e-05	0.00813112	-0.000152473	0.999868	0.0162313	-0.00812971	-0.016232	0.999835	-0.503592	-0.297	61.7464	
0.999982	5.92339e-05	0.00592539	-0.000171153	0.999822	0.0188894	-0.00592321	-0.0188901	0.999804	-0.510267	-0.313683	62.6962	
0.999993	0.000103879	0.00371774	-0.00018396	0.999768	0.0215464	-0.00371464	-0.0215469	0.999761	-0.514845	-0.33289	63.646	
0.999999	0.000154435	0.00150821	-0.000190892	0.999707	0.0242022	-0.00150403	-0.0242024	0.999706	-0.517324	-0.354621	64.5958	
1	0.000210909	-0.000703165	-0.000191948	0.999639	0.0268568	0.000708576	-0.0268566	0.999639	-0.517702	-0.378874	65.5455	
0.999996	0.000273308	-0.00291635	-0.000187128	0.999564	0.0295101	0.00292315	-0.0295094	0.99956	-0.515977	-0.405648	66.4951	
0.999987	0.000341639	-0.00513131	-0.000176431	0.999483	0.0321622	0.00513964	-0.0321608	0.999469	-0.512147	-0.434942	67.4446	
0.999973	0.00041591	-0.007348	-0.000159857	0.999394	0.0348129	0.00735803	-0.0348108	0.999367	-0.50621	-0.466753	68.3941	
0.999954	0.000496128	-0.0095664	-0.000137406	0.999298	0.0374623	0.00957827	-0.0374593	0.999252	-0.498166	-0.501081	69.3434	
0.99993	0.000582297	-0.0117865	-0.000109078	0.999195	0.0401103	0.0118003	-0.0401062	0.999126	-0.488011	-0.537925	70.2927	
0.999902	0.000674426	-0.0140081	-7.48718e-05	0.999086	0.0427569	0.0140242	-0.0427517	0.998987	-0.475744	-0.577283	71.2418	
0.999545	0.00150428	-0.0301117	0.00031017	0.998189	0.0601622	0.0301477	-0.0601442	0.997734	-0.454762	-0.62616	72.1903	
0.998929	0.00261441	-0.0461905	0.000976158	0.996989	0.0775407	0.0462542	-0.0775028	0.995919	-0.418469	-0.691546	73.1373	
0.998053	0.00400417	-0.0622355	0.00192272	0.995487	0.0948826	0.0623346	-0.0948176	0.993541	-0.366887	-0.773402	74.0823	
0.996919	0.00567279	-0.0782377	0.00314931	0.993683	0.112178	0.0783798	-0.112079	0.990603	-0.300044	-0.871682	75.0248	
0.995525	0.00761933	-0.0941879	0.00465525	0.991579	0.129418	0.0943809	-0.129277	0.987107	-0.217979	-0.986332	75.9643	
0.993874	0.00984269	-0.110077	0.00643969	0.989176	0.146591	0.110329	-0.146402	0.983053	-0.120738	-1.11729	76.9002	
0.991967	0.0123416	-0.125897	0.00850161	0.986475	0.16369	0.126214	-0.163445	0.978446	-0.00837448	-1.26447	77.8319	
0.989803	0.0151147	-0.141638	0.0108399	0.983478	0.180703	0.142029	-0.180396	0.973286	0.119047	-1.4278	78.759	
0.987385	0.0181604	-0.157291	0.0134531	0.980186	0.197621	0.157763	-0.197244	0.967577	0.261455	-1.60719	79.681	
0.984714	0.0214769	-0.172847	0.0163399	0.976602	0.214435	0.173408	-0.213982	0.961323	0.418768	-1.80253	80.5973	
0.981792	0.0250624	-0.188299	0.0194986	0.972726	0.231135	0.188956	-0.230598	0.954526	0.590899	-2.01372	81.5073	
0.97862	0.028915	-0.203636	0.0229274	0.968562	0.247713	0.204397	-0.247085	0.947191	0.77775	-2.24063	82.4107	
0.975199	0.0330323	-0.218851	0.0266244	0.964112	0.264157	0.219722	-0.263433	0.939322	0.979216	-2.48313	83.3068	
0.971532	0.0374121	-0.233934	0.0305875	0.959378	0.28046	0.234924	-0.279631	0.930923	1.19518	-2.7411	84.1952	
0.967622	0.0420519	-0.248878	0.0348145	0.954363	0.296612	0.249993	-0.295672	0.921999	1.42553	-3.01438	85.0754	
0.963469	0.0469492	-0.263674	0.039303	0.94907	0.312603	0.264921	-0.311547	0.912554	1.67013	-3.30283	85.9469	
0.959076	0.052101	-0.278313	0.0440504	0.943502	0.328426	0.2797	-0.327245	0.902595	1.92883	-3.60627	86.8091	
0.954447	0.0575046	-0.292787	0.0490541	0.937662	0.34407	0.294321	-0.342759	0.892127	2.20151	-3.92453	87.6616	
0.949583	0.0631569	-0.307089	0.0543112	0.931553	0.359528	0.308776	-0.35808	0.881156	2.48799	-4.25745	88.504	
0.944487	0.0690546	-0.321209	0.0598189	0.925178	0.37479	0.323057	-0.373198	0.869688	2.78813	-4.60482	89.3357	
0.939163	0.0751946	-0.335141	0.0655739	0.918542	0.389847	0.337155	-0.388107	0.857729	3.10174	-4.96646	90.1562	
0.933612	0.0815732	-0.348876	0.071573	0.911648	0.404692	0.351064	-0.402796	0.845287	3.42866	-5.34215	90.9652	
0.927839	0.0881869	-0.362406	0.0778129	0.904499	0.419316	0.364774	-0.417258	0.832367	3.7687	-5.7317	91.7621	
0.921846	0.0950321	-0.375724	0.08429	0.897101	0.433711	0.378279	-0.431485	0.818979	4.12167	-6.13487	92.5466	
