1	0	0	0	1	0	0	0	1	0	0	0	
1	1.48362e-08	2.64612e-05	1.48362e-08	0.999999	-0.00112136	-2.64612e-05	0.00112136	0.999999	-1.14932e-05	0.000487054	0.868687	
1	5.9677e-08	5.3069e-05	5.96827e-08	0.999997	-0.00224914	-5.3069e-05	0.00224914	0.999997	-4.60367e-05	0.00195101	1.73737	
1	1.35021e-07	7.98223e-05	1.35044e-07	0.999994	-0.00338331	-7.98223e-05	0.00338331	0.999994	-0.000103757	0.00439742	2.60606	
1	2.41363e-07	0.00010672	2.41421e-07	0.99999	-0.00452382	-0.00010672	0.00452382	0.99999	-0.00018478	0.00783184	3.47474	
1	3.79199e-07	0.000133761	3.79316e-07	0.999984	-0.00567063	-0.000133761	0.00567063	0.999984	-0.000289232	0.0122597	4.34341	
1	5.4902e-07	0.000160944	5.49226e-07	0.999977	-0.0068237	-0.000160944	0.0068237	0.999977	-0.000417235	0.0176866	5.21208	
1	7.51317e-07	0.000188268	7.51648e-07	0.999968	-0.00798297	-0.000188268	0.00798297	0.999968	-0.000568913	0.0241177	6.08074	
1	9.86577e-07	0.000215733	9.87076e-07	0.999958	-0.00914841	-0.000215733	0.00914841	0.999958	-0.000744389	0.0315586	6.9494	
1	1.25528e-06	0.000243336	1.256e-06	0.999947	-0.01032	-0.000243336	0.01032	0.999947	-0.000943782	0.0400146	7.81804	
1	1.55792e-06	0.000271077	1.55892e-06	0.999934	-0.0114976	-0.000271077	0.0114976	0.999934	-0.00116721	0.0494909	8.68668	
1	1.89497e-06	0.000298955	1.8963e-06	0.99992	-0.0126813	-0.000298955	0.0126813	0.99992	-0.0014148	0.0599929	9.5553	
1	2.26691e-06	0.000326968	2.26865e-06	0.999904	-0.0138709	-0.000326968	0.0138709	0.999904	-0.00168667	0.0715256	10.4239	
1	2.67421e-06	0.000355116	2.67644e-06	0.999886	-0.0150665	-0.000355115	0.0150665	0.999886	-0.00198293	0.0840944	11.2925	
1	3.11735e-06	0.000383396	3.12014e-06	0.999868	-0.016268	-0.000383396	0.016268	0.999868	-0.0023037	0.0977043	12.1611	
1	3.59679e-06	0.000411809	3.60025e-06	0.999847	-0.0174753	-0.000411809	0.0174753	0.999847	-0.00264909	0.11236	13.0297	
1	4.11301e-06	0.000440353	4.11722e-06	0.999825	-0.0186884	-0.000440353	0.0186884	0.999825	-0.00301922	0.128068	13.8982	
1	4.66645e-06	0.000469027	4.67154e-06	0.999802	-0.0199073	-0.000469027	0.0199073	0.999802	-0.0034142	0.144832	14.7667	
1	5.25759e-06	0.00049783	5.26366e-06	0.999777	-0.0211319	-0.00049783	0.0211319	0.999777	-0.00383415	0.162657	15.6352	
1	5.88688e-06	0.00052676	5.89406e-06	0.99975	-0.0223621	-0.00052676	0.0223621	0.99975	-0.00427917	0.181548	16.5037	
1	6.55478e-06	0.000555816	6.56319e-06	0.999722	-0.023598	-0.000555816	0.023598	0.999721	-0.00474938	0.201511	17.3722	
1	7.26173e-06	0.000584998	7.27152e-06	0.999691	-0.0248394	-0.000584998	0.0248394	0.999691	-0.00524489	0.222549	18.2406	
1	8.00818e-06	0.000614303	8.01949e-06	0.99966	-0.0260864	-0.000614303	0.0260864	0.99966	-0.0057658	0.244668	19.109	
1	8.79457e-06	0.000643732	8.80756e-06	0.999626	-0.0273388	-0.000643732	0.0273388	0.999626	-0.00631222	0.267873	19.9774	
1	9.62134e-06	0.000673282	9.63618e-06	0.999591	-0.0285966	-0.000673282	0.0285966	0.999591	-0.00688425	0.292168	20.8457	
1	1.04889e-05	0.000702953	1.05058e-05	0.999554	-0.0298598	-0.000702953	0.0298598	0.999554	-0.00748201	0.317559	21.714	
1	1.13978e-05	0.000732743	1.14168e-05	0.999515	-0.0311284	-0.000732743	0.0311284	0.999515	-0.0081056	0.344048	22.5823	
1	1.23483e-05	0.000762651	1.23697e-05	0.999475	-0.0324022	-0.000762651	0.0324022	0.999475	-0.00875511	0.371643	23.4506	
1	1.33409e-05	0.000792676	1.33649e-05	0.999433	-0.0336812	-0.000792676	0.0336812	0.999432	-0.00943066	0.400345	24.3188	
1	1.43761e-05	0.000822817	1.44029e-05	0.999389	-0.0349654	-0.000822817	0.0349654	0.999388	-0.0101323	0.430162	25.187	
1	1.54542e-05	0.000853073	1.5484e-05	0.999343	-0.0362548	-0.000853072	0.0362548	0.999342	-0.0108602	0.461096	26.0551	
1	1.65756e-05	0.000883441	1.66086e-05	0.999295	-0.0375492	-0.000883441	0.0375492	0.999294	-0.0116145	0.493152	26.9232	
1	1.77408e-05	0.000913922	1.77773e-05	0.999245	-0.0388487	-0.000913922	0.0388487	0.999245	-0.0123952	0.526335	27.7912	
1	1.89501e-05	0.000944514	1.89904e-05	0.999194	-0.0401531	-0.000944513	0.0401531	0.999193	-0.0132024	0.560649	28.6592	
1	2.02041e-05	0.000975216	2.02482e-05	0.99914	-0.0414625	-0.000975215	0.0414625	0.99914	-0.0140362	0.596098	29.5272	
0.999999	2.15029e-05	0.00100603	2.15513e-05	0.999085	-0.0427768	-0.00100603	0.0427768	0.999084	-0.0148967	0.632687	30.3951	
0.999999	2.28471e-05	0.00103694	2.29e-05	0.999027	-0.0440959	-0.00103694	0.0440959	0.999027	-0.0157841	0.670419	31.263	
0.999999	2.42371e-05	0.00106797	2.42948e-05	0.998968	-0.0454198	-0.00106797	0.0454198	0.998967	-0.0166983	0.7093	32.1308	
0.999999	2.56731e-05	0.0010991	2.57359e-05	0.998907	-0.0467484	-0.00109909	0.0467484	0.998906	-0.0176396	0.749333	32.9986	
0.999999	2.71557e-05	0.00113033	2.72238e-05	0.998843	-0.0480817	-0.00113033	0.0480817	0.998843	-0.0186079	0.790521	33.8663	
0.999999	2.8685e-05	0.00116166	2.87589e-05	0.998778	-0.0494196	-0.00116166	0.0494196	0.998777	-0.0196034	0.83287	34.7339	
0.999999	3.02617e-05	0.0011931	3.03415e-05	0.998711	-0.0507621	-0.0011931	0.0507621	0.99871	-0.0206262	0.876384	35.6015	
0.999999	3.18859e-05	0.00122463	3.19721e-05	0.998641	-0.0521091	-0.00122463	0.0521091	0.998641	-0.0216763	0.921065	36.4691	
0.999999	3.3558e-05	0.00125627	3.36509e-05	0.99857	-0.0534607	-0.00125626	0.0534607	0.998569	-0.0227539	0.966919	37.3365	
0.999999	3.52784e-05	0.001288	3.53784e-05	0.998496	-0.0548166	-0.001288	0.0548166	0.998496	-0.023859	1.01395	38.204	
0.999999	3.70475e-05	0.00131983	3.71548e-05	0.998421	-0.0561769	-0.00131982	0.0561769	0.99842	-0.0249916	1.06216	39.0713	
0.999999	3.88656e-05	0.00135175	3.89806e-05	0.998343	-0.0575416	-0.00135175	0.0575416	0.998342	-0.026152	1.11155	39.9386	
0.999999	4.07329e-05	0.00138377	4.08562e-05	0.998263	-0.0589105	-0.00138376	0.0589105	0.998262	-0.0273402	1.16213	40.8058	
0.999999	4.26499e-05	0.00141588	4.27817e-05	0.998181	-0.0602836	-0.00141587	0.0602836	0.99818	-0.0285562	1.2139	41.6729	
0.999999	4.46169e-05	0.00144808	4.47577e-05	0.998097	-0.0616609	-0.00144807	0.0616609	0.998096	-0.0298001	1.26687	42.54	
0.999999	4.66342e-05	0.00148037	4.67843e-05	0.998011	-0.0630423	-0.00148036	0.0630423	0.99801	-0.0310721	1.32103	43.407	
0.999999	4.87021e-05	0.00151274	4.8862e-05	0.997922	-0.0644278	-0.00151274	0.0644278	0.997921	-0.0323721	1.3764	44.2739	
0.999999	5.08208e-05	0.00154521	5.0991e-05	0.997832	-0.0658173	-0.0015452	0.0658173	0.99783	-0.0337003	1.43297	45.1408	
0.999999	5.29908e-05	0.00157776	5.31716e-05	0.997739	-0.0672107	-0.00157776	0.0672107	0.997738	-0.0350567	1.49075	46.0075	
0.999999	5.52123e-05	0.0016104	5.54043e-05	0.997644	-0.0686081	-0.00161039	0.0686081	0.997642	-0.0364415	1.54974	46.8742	
0.999999	5.74856e-05	0.00164312	5.76892e-05	0.997546	-0.0700093	-0.00164311	0.0700093	0.997545	-0.0378546	1.60995	47.7408	
0.999999	5.9811e-05	0.00167592	6.00267e-05	0.997447	-0.0714143	-0.00167592	0.0714143	0.997445	-0.0392962	1.67137	48.6073	
0.999999	6.21888e-05	0.00170881	6.2417e-05	0.997345	-0.072823	-0.0017088	0.072823	0.997343	-0.0407663	1.73402	49.4737	
0.999998	6.46192e-05	0.00174177	6.48605e-05	0.997241	-0.0742355	-0.00174176	0.0742355	0.997239	-0.0422651	1.7979	50.3401	
0.999997	0.00010923	0.00232311	7.41438e-05	0.996891	-0.0787881	-0.0023245	0.078788	0.996889	-0.0440312	1.86436	51.2062	
0.999996	0.000156467	0.0029039	8.60963e-05	0.996521	-0.0833426	-0.00290683	0.0833425	0.996517	-0.0463034	1.93478	52.072	
0.999994	0.00020633	0.00348412	0.00010072	0.996129	-0.0878988	-0.00348877	0.0878986	0.996123	-0.0490813	2.00916	52.9375	
0.999992	0.000258818	0.0040638	0.000118016	0.995717	-0.0924565	-0.00407032	0.0924562	0.995708	-0.0523646	2.0875	53.8027	
0.999989	0.00031393	0.00464292	0.000137987	0.995283	-0.0970153	-0.00465148	0.0970149	0.995272	-0.0561528	2.16979	54.6674	
0.999986	0.000371665	0.00522149	0.000160633	0.994828	-0.101575	-0.00523224	0.101574	0.994814	-0.0604458	2.25605	55.5318	
0.999983	0.000432023	0.00579952	0.000185954	0.994352	-0.106135	-0.00581261	0.106135	0.994335	-0.065243	2.34626	56.3958	
0.99998	0.000495002	0.00637699	0.000213952	0.993854	-0.110696	-0.00639259	0.110695	0.993834	-0.0705443	2.44044	57.2593	
0.999976	0.000560602	0.00695392	0.000244627	0.993336	-0.115257	-0.00697219	0.115256	0.993311	-0.0763492	2.53858	58.1224	
0.999971	0.000628823	0.0075303	0.000277978	0.992796	-0.119818	-0.0075514	0.119816	0.992767	-0.0826575	2.64069	58.9851	
0.999967	0.000699664	0.00810614	0.000314006	0.992235	-0.124378	-0.00813022	0.124376	0.992202	-0.0894687	2.74675	59.8473	
0.999962	0.000773123	0.00868144	0.000352709	0.991653	-0.128938	-0.00870866	0.128936	0.991615	-0.0967825	2.85677	60.7089	
0.999957	0.000849201	0.0092562	0.000394087	0.991049	-0.133496	-0.00928671	0.133494	0.991006	-0.104599	2.97076	61.57	
0.999951	0.000927897	0.00983042	0.000438138	0.990425	-0.138054	-0.00986439	0.138052	0.990376	-0.112917	3.0887	62.4307	
0.999945	0.00100921	0.0104041	0.000484862	0.989779	-0.14261	-0.0104417	0.142607	0.989724	-0.121737	3.21061	63.2907	
0.999939	0.00109314	0.0109772	0.000534256	0.989112	-0.147165	-0.0110186	0.147162	0.989051	-0.131058	3.33647	64.1502	
0.999933	0.00117969	0.0115499	0.000586318	0.988424	-0.151717	-0.0115951	0.151714	0.988356	-0.14088	3.46628	65.009	
0.999926	0.00126885	0.0121219	0.000641047	0.987715	-0.156267	-0.0121713	0.156264	0.98764	-0.151203	3.60005	65.8673	
0.999919	0.00136063	0.0126935	0.000698439	0.986984	-0.160815	-0.0127471	0.160811	0.986903	-0.162026	3.73777	66.7249	
0.999911	0.00145503	0.0132645	0.000758492	0.986233	-0.16536	-0.0133225	0.165356	0.986144	-0.173349	3.87944	67.5819	
0.999903	0.00155204	0.013835	0.000821204	0.985461	-0.169902	-0.0138975	0.169897	0.985364	-0.185172	4.02505	68.4382	
0.999895	0.00165167	0.014405	0.000886569	0.984667	-0.174441	-0.0144722	0.174436	0.984562	-0.197494	4.17461	69.2939	
0.999886	0.00175391	0.0149744	0.000954586	0.983853	-0.178976	-0.0150465	0.17897	0.983739	-0.210316	4.32811	70.1488	
0.999877	0.00185877	0.0155433	0.00102525	0.983018	-0.183508	-0.0156205	0.183502	0.982895	-0.223636	4.48555	71.003	
0.999813	0.00257783	0.0191787	0.00139889	0.978866	-0.204496	-0.0193006	0.204485	0.978679	-0.238804	4.65407	71.855	
0.999734	0.00337449	0.0227977	0.00185119	0.974267	-0.225389	-0.0229716	0.225372	0.974002	-0.257165	4.84079	72.7032	
0.999642	0.00424838	0.0263985	0.00238193	0.969222	-0.246177	-0.0266318	0.246152	0.968865	-0.278711	5.0456	73.5471	
0.999537	0.00519907	0.0299793	0.00299087	0.963733	-0.266851	-0.0302794	0.266817	0.963271	-0.303431	5.26841	74.3863	
0.999418	0.00622613	0.0335386	0.0036777	0.957804	-0.287399	-0.0339128	0.287356	0.957223	-0.331314	5.50912	75.2205	
0.999286	0.00732907	0.0370747	0.00444212	0.951436	-0.307814	-0.0375302	0.307759	0.950724	-0.362346	5.76762	76.0492	
0.99914	0.00850737	0.0405858	0.00528376	0.944634	-0.328084	-0.0411298	0.328017	0.943776	-0.396512	6.04377	76.8721	
0.998981	0.00976047	0.0440703	0.00620222	0.937399	-0.348202	-0.0447101	0.34812	0.936383	-0.433798	6.33746	77.6888	
0.998808	0.0110878	0.0475266	0.00719707	0.929736	-0.368156	-0.0482693	0.368059	0.928549	-0.474184	6.64854	78.4989	
0.998623	0.0124887	0.0509531	0.00826784	0.921649	-0.387938	-0.0518057	0.387825	0.920276	-0.517653	6.97687	79.3019	
0.998424	0.0139625	0.0543481	0.00941403	0.91314	-0.407538	-0.0553177	0.407407	0.91157	-0.564183	7.32228	80.0976	
0.998213	0.0155085	0.05771	0.0106351	0.904214	-0.426947	-0.0588036	0.426798	0.902433	-0.613753	7.68463	80.8855	
0.997989	0.0171261	0.0610373	0.0119304	0.894876	-0.446156	-0.0622617	0.445987	0.892871	-0.666339	8.06373	81.6653	
0.997751	0.0188144	0.0643284	0.0132995	0.885129	-0.465156	-0.0656905	0.464966	0.882888	-0.721916	8.45941	82.4367	
0.997502	0.0205726	0.0675816	0.0147416	0.874978	-0.483938	-0.0690883	0.483726	0.872489	-0.780459	8.87149	83.1991	
0.997239	0.0224	0.0707956	0.016256	0.864428	-0.502493	-0.0724536	0.502257	0.861678	-0.841939	9.29976	83.9524	
0.996965	0.0242956	0.0739688	0.0178421	0.853485	-0.520813	-0.0757846	0.520552	0.85046	-0.906328	9.74403	84.6961	
