1	0	0	0	1	0	0	0	1	0	0	0	
0.999995	-2.75699e-06	-0.00313944	-2.75699e-06	0.999998	-0.00175635	0.00313944	0.00175635	0.999994	0.00121931	0.00068214	0.776766	
0.99998	-1.10398e-05	-0.00628285	-1.10353e-05	0.999994	-0.0035135	0.00628285	0.0035135	0.999974	0.00487878	0.00272887	1.55352	
0.999956	-2.48647e-05	-0.00943016	-2.48467e-05	0.999986	-0.00527139	0.00943016	0.00527139	0.999942	0.0109815	0.00614078	2.33026	
0.999921	-4.42479e-05	-0.0125813	-4.42028e-05	0.999975	-0.00702997	0.0125813	0.00702997	0.999896	0.0195304	0.0109184	3.10696	
0.999876	-6.92049e-05	-0.0157362	-6.91147e-05	0.999961	-0.00878921	0.0157362	0.00878921	0.999838	0.0305284	0.0170624	3.88363	
0.999821	-9.97512e-05	-0.0188947	-9.95932e-05	0.999944	-0.0105491	0.0188947	0.0105491	0.999766	0.0439785	0.024573	4.66024	
0.999757	-0.000135902	-0.0220568	-0.000135649	0.999924	-0.0123095	0.0220568	0.0123095	0.999681	0.0598834	0.0334509	5.4368	
0.999682	-0.000177671	-0.0252224	-0.000177291	0.999901	-0.0140704	0.0252224	0.0140704	0.999583	0.0782459	0.0436964	6.21328	
0.999597	-0.000225074	-0.0283914	-0.000224531	0.999875	-0.0158317	0.0283914	0.0158317	0.999472	0.0990686	0.0553099	6.98968	
0.999502	-0.000278124	-0.0315638	-0.000277376	0.999845	-0.0175935	0.0315638	0.0175935	0.999347	0.122354	0.0682918	7.76599	
0.999396	-0.000336835	-0.0347395	-0.000335837	0.999813	-0.0193557	0.0347395	0.0193557	0.999209	0.148105	0.0826423	8.5422	
0.999281	-0.000401221	-0.0379183	-0.000399922	0.999777	-0.0211182	0.0379183	0.0211182	0.999058	0.176325	0.0983617	9.31829	
0.999155	-0.000471294	-0.0411002	-0.00046964	0.999738	-0.022881	0.0411002	0.0228809	0.998893	0.207014	0.11545	10.0943	
0.999019	-0.000547067	-0.0442852	-0.000544997	0.999696	-0.024644	0.0442852	0.0246439	0.998715	0.240177	0.133908	10.8701	
0.998872	-0.000628553	-0.0474731	-0.000626003	0.999651	-0.0264072	0.0474731	0.0264071	0.998523	0.275814	0.153736	11.6458	
0.998716	-0.000715763	-0.0506639	-0.000712664	0.999603	-0.0281705	0.0506639	0.0281704	0.998318	0.313929	0.174933	12.4213	
0.998548	-0.00080871	-0.0538575	-0.000804988	0.999552	-0.0299339	0.0538575	0.0299338	0.9981	0.354523	0.197499	13.1967	
0.998371	-0.000907404	-0.0570537	-0.00090298	0.999497	-0.0316974	0.0570538	0.0316973	0.997868	0.3976	0.221436	13.9719	
0.998183	-0.00101186	-0.0602527	-0.00100665	0.99944	-0.0334609	0.0602527	0.0334607	0.997622	0.44316	0.246742	14.7469	
0.997984	-0.00112208	-0.0634541	-0.001116	0.999379	-0.0352243	0.0634542	0.0352241	0.997363	0.491205	0.273419	15.5218	
0.997775	-0.00123808	-0.066658	-0.00123103	0.999315	-0.0369877	0.0666582	0.0369875	0.99709	0.541739	0.301464	16.2964	
0.997556	-0.00135987	-0.0698644	-0.00135176	0.999248	-0.0387509	0.0698645	0.0387506	0.996804	0.594762	0.33088	17.0708	
0.997325	-0.00148747	-0.073073	-0.00147819	0.999178	-0.040514	0.0730732	0.0405136	0.996503	0.650277	0.361665	17.8449	
0.997085	-0.00162087	-0.0762839	-0.00161031	0.999105	-0.0422768	0.0762841	0.0422764	0.996189	0.708285	0.393819	18.6189	
0.996834	-0.00176009	-0.0794969	-0.00174815	0.999028	-0.0440393	0.0794972	0.0440388	0.995862	0.768788	0.427343	19.3926	
0.996572	-0.00190513	-0.082712	-0.00189169	0.998949	-0.0458016	0.0827123	0.045801	0.99552	0.831788	0.462235	20.166	
0.996299	-0.00205602	-0.0859291	-0.00204095	0.998866	-0.0475634	0.0859295	0.0475628	0.995165	0.897286	0.498496	20.9391	
0.996016	-0.00221274	-0.0891481	-0.00219593	0.99878	-0.0493249	0.0891485	0.0493242	0.994796	0.965283	0.536125	21.712	
0.995722	-0.00237532	-0.0923689	-0.00235662	0.998691	-0.0510859	0.0923694	0.0510851	0.994413	1.03578	0.575123	22.4846	
0.995417	-0.00254376	-0.0955915	-0.00252304	0.998599	-0.0528465	0.0955921	0.0528455	0.994017	1.10878	0.615488	23.2568	
0.995102	-0.00271806	-0.0988158	-0.00269519	0.998504	-0.0546065	0.0988164	0.0546053	0.993606	1.18429	0.65722	24.0288	
0.994776	-0.00289824	-0.102042	-0.00287306	0.998406	-0.0563659	0.102042	0.0563646	0.993182	1.2623	0.700319	24.8004	
0.994439	-0.0030843	-0.105269	-0.00305666	0.998305	-0.0581247	0.10527	0.0581232	0.992744	1.34282	0.744784	25.5717	
0.994091	-0.00327624	-0.108498	-0.00324599	0.9982	-0.0598828	0.108499	0.0598811	0.992291	1.42584	0.790615	26.3427	
0.993733	-0.00347408	-0.111728	-0.00344105	0.998093	-0.0616402	0.111729	0.0616383	0.991825	1.51137	0.837811	27.1133	
0.993363	-0.00367781	-0.114959	-0.00364185	0.997982	-0.0633968	0.114961	0.0633947	0.991345	1.59942	0.886372	27.8835	
0.992983	-0.00388744	-0.118192	-0.00384838	0.997868	-0.0651527	0.118193	0.0651503	0.990851	1.68997	0.936297	28.6534	
0.992592	-0.00410299	-0.121426	-0.00406064	0.997751	-0.0669077	0.121427	0.0669051	0.990343	1.78303	0.987585	29.4229	
0.99219	-0.00432445	-0.124661	-0.00427864	0.997631	-0.0686618	0.124662	0.0686589	0.989821	1.87861	1.04024	30.1919	
0.991777	-0.00455182	-0.127896	-0.00450236	0.997508	-0.0704149	0.127898	0.0704117	0.989285	1.9767	1.09425	30.9606	
0.991353	-0.00478512	-0.131133	-0.00473182	0.997381	-0.0721671	0.131135	0.0721636	0.988735	2.07731	1.14962	31.7288	
0.990918	-0.00502434	-0.13437	-0.00496701	0.997252	-0.0739183	0.134373	0.0739144	0.98817	2.18043	1.20636	32.4966	
0.990473	-0.00526949	-0.137609	-0.00520794	0.997119	-0.0756684	0.137611	0.0756641	0.987592	2.28606	1.26445	33.264	
0.990016	-0.00552057	-0.140847	-0.00545458	0.996984	-0.0774174	0.14085	0.0774127	0.987	2.39421	1.3239	34.0309	
0.989548	-0.00577759	-0.144087	-0.00570696	0.996845	-0.0791653	0.14409	0.0791601	0.986393	2.50488	1.38471	34.7973	
0.989069	-0.00604054	-0.147327	-0.00596506	0.996703	-0.0809119	0.14733	0.0809063	0.985773	2.61806	1.44688	35.5633	
0.98858	-0.00630943	-0.150567	-0.00622887	0.996559	-0.0826574	0.15057	0.0826513	0.985138	2.73376	1.51041	36.3287	
0.988079	-0.00658427	-0.153807	-0.00649841	0.996411	-0.0844015	0.153811	0.0843949	0.98449	2.85197	1.57528	37.0937	
0.987567	-0.00686505	-0.157048	-0.00677366	0.99626	-0.0861444	0.157052	0.0861371	0.983827	2.97271	1.64152	37.8582	
0.987044	-0.00715177	-0.160289	-0.00705463	0.996106	-0.0878858	0.160293	0.087878	0.98315	3.09596	1.7091	38.6221	
0.98651	-0.00744444	-0.16353	-0.0073413	0.995948	-0.0896259	0.163535	0.0896174	0.982459	3.22173	1.77804	39.3855	
0.985965	-0.00774305	-0.166771	-0.00763367	0.995788	-0.0913645	0.166776	0.0913553	0.981753	3.35002	1.84832	40.1484	
0.985409	-0.00804761	-0.170012	-0.00793175	0.995625	-0.0931017	0.170018	0.0930917	0.981034	3.48082	1.91996	40.9107	
0.984351	-0.00862062	-0.176008	-0.00815072	0.995506	-0.0943425	0.176031	0.0943007	0.979857	3.61522	1.99274	41.6723	
0.983255	-0.00920134	-0.182	-0.00837832	0.995386	-0.0955873	0.18204	0.0955116	0.978641	3.75429	2.06646	42.4329	
0.982123	-0.00978977	-0.187987	-0.00861458	0.995263	-0.096836	0.188045	0.0967243	0.977386	3.89803	2.14112	43.1926	
0.980952	-0.0103859	-0.19397	-0.00885952	0.995138	-0.0980884	0.194046	0.0979385	0.976091	4.04643	2.21673	43.9513	
0.979745	-0.0109898	-0.199947	-0.00911319	0.995011	-0.0993441	0.200042	0.099154	0.974757	4.19948	2.29327	44.709	
0.9785	-0.0116014	-0.205919	-0.0093756	0.994882	-0.100603	0.206033	0.100371	0.973384	4.3572	2.37077	45.4656	
0.977218	-0.0122208	-0.211885	-0.00964677	0.994751	-0.101865	0.212018	0.101588	0.971971	4.51956	2.4492	46.2212	
0.975899	-0.0128479	-0.217845	-0.00992673	0.994618	-0.10313	0.217997	0.102806	0.970519	4.68657	2.52859	46.9756	
0.974542	-0.0134827	-0.223798	-0.0102155	0.994483	-0.104397	0.223971	0.104025	0.969028	4.85823	2.60892	47.7289	
0.973149	-0.0141253	-0.229744	-0.0105131	0.994346	-0.105666	0.229938	0.105244	0.967498	5.03452	2.6902	48.481	
0.971718	-0.0147756	-0.235683	-0.0108194	0.994207	-0.106938	0.235898	0.106463	0.965928	5.21544	2.77242	49.2319	
0.97025	-0.0154336	-0.241615	-0.0111347	0.994066	-0.108211	0.241851	0.107682	0.96432	5.40099	2.85559	49.9816	
0.968744	-0.0160994	-0.247538	-0.0114587	0.993922	-0.109487	0.247796	0.108901	0.962672	5.59116	2.93971	50.73	
0.967202	-0.0167729	-0.253453	-0.0117916	0.993777	-0.110763	0.253734	0.110119	0.960985	5.78595	3.02477	51.4772	
0.965623	-0.0174541	-0.25936	-0.0121333	0.993629	-0.112042	0.259663	0.111337	0.95926	5.98535	3.11078	52.2229	
0.964007	-0.018143	-0.265257	-0.0124838	0.99348	-0.113321	0.265584	0.112553	0.957495	6.18935	3.19774	52.9674	
0.962354	-0.0188395	-0.271146	-0.0128431	0.993329	-0.114601	0.271496	0.113769	0.955692	6.39794	3.28564	53.7104	
0.960664	-0.0195438	-0.277025	-0.0132112	0.993175	-0.115881	0.277399	0.114983	0.95385	6.61112	3.37448	54.4521	
0.958937	-0.0202557	-0.282893	-0.0135881	0.99302	-0.117162	0.283292	0.116195	0.951969	6.82889	3.46427	55.1923	
0.957174	-0.0209752	-0.288752	-0.0139738	0.992862	-0.118444	0.289175	0.117406	0.950049	7.05122	3.555	55.931	
0.955374	-0.0217024	-0.2946	-0.0143682	0.992703	-0.119725	0.295049	0.118615	0.948091	7.27813	3.64666	56.6682	
0.953538	-0.0224372	-0.300437	-0.0147713	0.992542	-0.121006	0.300912	0.119822	0.946095	7.50959	3.73927	57.4039	
0.951665	-0.0231795	-0.306263	-0.015183	0.992379	-0.122287	0.306764	0.121026	0.94406	7.7456	3.83281	58.138	
0.949755	-0.0239294	-0.312078	-0.0156035	0.992214	-0.123567	0.312604	0.122228	0.941987	7.98616	3.92729	58.8705	
0.947809	-0.0246869	-0.31788	-0.0160325	0.992046	-0.124847	0.318434	0.123427	0.939875	8.23124	4.0227	59.6014	
0.945828	-0.0254518	-0.32367	-0.0164701	0.991878	-0.126125	0.324252	0.124624	0.937726	8.48085	4.11903	60.3306	
0.943809	-0.0262243	-0.329448	-0.0169163	0.991707	-0.127403	0.330057	0.125817	0.935539	8.73497	4.2163	61.0582	
0.941755	-0.0270042	-0.335213	-0.0173709	0.991534	-0.128679	0.33585	0.127007	0.933313	8.9936	4.31449	61.784	
0.939665	-0.0277915	-0.340965	-0.017834	0.99136	-0.129953	0.341631	0.128193	0.931051	9.25673	4.41361	62.5081	
0.937539	-0.0285862	-0.346703	-0.0183055	0.991184	-0.131225	0.347398	0.129376	0.92875	9.52433	4.51365	63.2304	
0.935377	-0.0293883	-0.352428	-0.0187853	0.991005	-0.132496	0.353152	0.130554	0.926412	9.79642	4.6146	63.9509	
0.93318	-0.0301977	-0.358139	-0.0192734	0.990826	-0.133765	0.358892	0.131729	0.924037	10.073	4.71647	64.6696	
0.930947	-0.0310145	-0.363835	-0.0197697	0.990644	-0.135031	0.364619	0.132899	0.921624	10.354	4.81924	65.3864	
0.928679	-0.0318384	-0.369516	-0.0202742	0.990461	-0.136294	0.370331	0.134065	0.919174	10.6394	4.92293	66.1014	
0.926375	-0.0326696	-0.375183	-0.0207868	0.990276	-0.137555	0.376028	0.135226	0.916688	10.9293	5.02752	66.8144	
0.924036	-0.033508	-0.380834	-0.0213074	0.990089	-0.138813	0.381711	0.136383	0.914164	11.2236	5.13301	67.5255	
0.921662	-0.0343535	-0.386469	-0.021836	0.989901	-0.140068	0.387378	0.137534	0.911604	11.5223	5.23939	68.2346	
0.919253	-0.035206	-0.392089	-0.0223724	0.989711	-0.141319	0.39303	0.13868	0.909008	11.8254	5.34667	68.9417	
0.91681	-0.0360657	-0.397693	-0.0229167	0.98952	-0.142567	0.398667	0.139821	0.906375	12.1329	5.45484	69.6467	
0.908972	-0.0387228	-0.415055	-0.0218283	0.989889	-0.140156	0.416286	0.136458	0.898936	12.4494	5.56214	70.3479	
0.900796	-0.0413148	-0.432272	-0.020693	0.990249	-0.137765	0.433748	0.133044	0.891158	12.7795	5.66681	71.0432	
0.892287	-0.0438406	-0.449335	-0.0195114	0.990599	-0.135396	0.451047	0.129579	0.883043	13.1232	5.76882	71.7323	
0.883446	-0.0462993	-0.46624	-0.0182837	0.990941	-0.133049	0.468176	0.126066	0.874596	13.4802	5.86811	72.4149	
0.874278	-0.04869	-0.482978	-0.0170105	0.991273	-0.130724	0.485128	0.122505	0.865819	13.8505	5.96465	73.0909	
0.864785	-0.0510117	-0.499545	-0.0156923	0.991595	-0.128424	0.501898	0.118898	0.856716	14.2338	6.05841	73.7599	
0.854971	-0.0532636	-0.515934	-0.0143296	0.991908	-0.126148	0.518478	0.115246	0.847289	14.6301	6.14935	74.4218	
