1	0	0	0	1	0	0	0	1	0	0	0	
1	4.88437e-07	0.000281578	4.88437e-07	0.999994	-0.00346927	-0.000281578	0.00346927	0.999994	-0.000107867	0.00132901	0.76616	
1	1.94933e-06	0.000562191	1.95385e-06	0.999976	-0.00694272	-0.000562191	0.00694272	0.999976	-0.000431099	0.00531765	1.53231	
1	4.37709e-06	0.000841828	4.3952e-06	0.999946	-0.0104202	-0.000841828	0.0104202	0.999945	-0.000968952	0.0119691	2.29844	
0.999999	7.76604e-06	0.00112048	7.81137e-06	0.999903	-0.0139018	-0.00112048	0.0139018	0.999903	-0.00172068	0.0212864	3.06455	
0.999999	1.21104e-05	0.00139814	1.22012e-05	0.999849	-0.0173872	-0.00139814	0.0173872	0.999848	-0.00268551	0.0332726	3.83061	
0.999999	1.74042e-05	0.00167479	1.75633e-05	0.999782	-0.0208764	-0.00167479	0.0208764	0.999781	-0.00386269	0.0479307	4.59663	
0.999998	2.36416e-05	0.00195043	2.38963e-05	0.999703	-0.0243694	-0.00195043	0.0243694	0.999701	-0.00525144	0.0652635	5.3626	
0.999998	3.08164e-05	0.00222504	3.11988e-05	0.999612	-0.0278661	-0.00222504	0.0278661	0.999609	-0.00685099	0.0852739	6.1285	
0.999997	3.89224e-05	0.00249862	3.94693e-05	0.999508	-0.0313662	-0.00249862	0.0313662	0.999505	-0.00866053	0.107965	6.89432	
0.999996	4.79533e-05	0.00277116	4.87062e-05	0.999392	-0.0348699	-0.00277115	0.0348699	0.999388	-0.0106793	0.133339	7.66006	
0.999995	5.79027e-05	0.00304265	5.89076e-05	0.999263	-0.0383769	-0.00304263	0.0383769	0.999259	-0.0129064	0.161398	8.4257	
0.999995	6.87642e-05	0.00331307	7.0072e-05	0.999122	-0.0418873	-0.00331304	0.0418873	0.999117	-0.0153412	0.192146	9.19124	
0.999994	8.05312e-05	0.00358242	8.21973e-05	0.998969	-0.0454008	-0.00358239	0.0454008	0.998962	-0.0179827	0.225584	9.95667	
0.999993	9.31969e-05	0.0038507	9.52817e-05	0.998803	-0.0489175	-0.00385065	0.0489175	0.998795	-0.0208301	0.261716	10.722	
0.999992	0.000106755	0.00411788	0.000109323	0.998624	-0.0524372	-0.00411781	0.0524372	0.998616	-0.0238827	0.300543	11.4871	
0.99999	0.000121198	0.00438397	0.000124319	0.998433	-0.0559598	-0.00438388	0.0559598	0.998423	-0.0271395	0.342068	12.2522	
0.999989	0.000136519	0.00464895	0.000140269	0.998229	-0.0594853	-0.00464884	0.0594853	0.998218	-0.0305998	0.386292	13.017	
0.999988	0.000152711	0.00491282	0.000157168	0.998013	-0.0630135	-0.00491268	0.0630135	0.998001	-0.0342626	0.433219	13.7818	
0.999987	0.000169767	0.00517556	0.000175016	0.997783	-0.0665445	-0.00517538	0.0665445	0.99777	-0.0381272	0.482851	14.5463	
0.999985	0.00018768	0.00543717	0.00019381	0.997541	-0.070078	-0.00543696	0.070078	0.997527	-0.0421926	0.535188	15.3107	
0.999984	0.000206443	0.00569764	0.000213547	0.997287	-0.073614	-0.00569738	0.0736141	0.997271	-0.0464579	0.590234	16.0748	
0.999982	0.000226048	0.00595696	0.000234225	0.997019	-0.0771525	-0.00595665	0.0771525	0.997002	-0.0509224	0.64799	16.8388	
0.999981	0.000246487	0.00621513	0.000255841	0.996739	-0.0806933	-0.00621475	0.0806933	0.99672	-0.055585	0.708458	17.6026	
0.999979	0.000267754	0.00647213	0.000278392	0.996446	-0.0842363	-0.00647168	0.0842363	0.996425	-0.0604449	0.771639	18.3661	
0.999977	0.00028984	0.00672796	0.000301877	0.99614	-0.0877815	-0.00672743	0.0877815	0.996117	-0.0655013	0.837536	19.1294	
0.999976	0.000312737	0.00698261	0.000326291	0.995821	-0.0913287	-0.00698199	0.0913288	0.995796	-0.0707531	0.90615	19.8925	
0.999974	0.000336439	0.00723607	0.000351632	0.995489	-0.094878	-0.00723535	0.094878	0.995463	-0.0761995	0.977482	20.6553	
0.999972	0.000360937	0.00748834	0.000377897	0.995144	-0.0984291	-0.0074875	0.0984291	0.995116	-0.0818395	1.05153	21.4178	
0.99997	0.000386223	0.0077394	0.000405083	0.994786	-0.101982	-0.00773844	0.101982	0.994756	-0.0876723	1.12831	22.1801	
0.999968	0.000412289	0.00798925	0.000433186	0.994415	-0.105537	-0.00798815	0.105537	0.994383	-0.0936969	1.2078	22.9421	
0.999966	0.000439127	0.00823789	0.000462205	0.994031	-0.109093	-0.00823662	0.109093	0.993997	-0.0999123	1.29003	23.7038	
0.999964	0.000466729	0.00848529	0.000492134	0.993635	-0.112651	-0.00848386	0.112651	0.993598	-0.106318	1.37497	24.4652	
0.999962	0.000495086	0.00873147	0.000522972	0.993225	-0.11621	-0.00872984	0.11621	0.993186	-0.112912	1.46264	25.2263	
0.99996	0.000524191	0.00897641	0.000554715	0.992801	-0.119771	-0.00897457	0.119771	0.992761	-0.119694	1.55304	25.9871	
0.999957	0.000554034	0.0092201	0.000587358	0.992365	-0.123332	-0.00921804	0.123333	0.992323	-0.126663	1.64617	26.7476	
0.999955	0.000584608	0.00946254	0.000620899	0.991916	-0.126896	-0.00946022	0.126896	0.991871	-0.133819	1.74203	27.5077	
0.999953	0.000615904	0.00970371	0.000655335	0.991453	-0.13046	-0.00970113	0.13046	0.991406	-0.141159	1.84062	28.2674	
0.99995	0.000647913	0.00994362	0.000690661	0.990978	-0.134025	-0.00994075	0.134025	0.990928	-0.148683	1.94194	29.0268	
0.999948	0.000680627	0.0101823	0.000726873	0.990489	-0.137591	-0.0101791	0.137591	0.990437	-0.156391	2.04599	29.7858	
0.999945	0.000714037	0.0104196	0.000763968	0.989987	-0.141158	-0.0104161	0.141158	0.989932	-0.164281	2.15277	30.5445	
0.999943	0.000748134	0.0106557	0.000801943	0.989471	-0.144726	-0.0106518	0.144726	0.989414	-0.172351	2.26229	31.3027	
0.99994	0.000782909	0.0108905	0.000840792	0.988943	-0.148294	-0.0108862	0.148295	0.988883	-0.180602	2.37454	32.0606	
0.999938	0.000818353	0.011124	0.000880513	0.988401	-0.151863	-0.0111192	0.151864	0.988339	-0.189032	2.48952	32.818	
0.999935	0.000854458	0.0113561	0.000921101	0.987846	-0.155433	-0.0113509	0.155433	0.987781	-0.19764	2.60724	33.575	
0.999932	0.000891215	0.011587	0.000962552	0.987278	-0.159003	-0.0115813	0.159003	0.98721	-0.206425	2.7277	34.3316	
0.99993	0.000928613	0.0118166	0.00100486	0.986696	-0.162573	-0.0118103	0.162573	0.986626	-0.215386	2.85089	35.0878	
0.999927	0.000966645	0.0120448	0.00104803	0.986101	-0.166143	-0.012038	0.166144	0.986028	-0.224521	2.97681	35.8434	
0.999924	0.0010053	0.0122717	0.00109204	0.985493	-0.169714	-0.0122643	0.169714	0.985417	-0.233831	3.10547	36.5987	
0.999921	0.00104457	0.0124973	0.0011369	0.984871	-0.173285	-0.0124892	0.173285	0.984793	-0.243314	3.23687	37.3534	
0.999918	0.00108445	0.0127215	0.00118261	0.984236	-0.176855	-0.0127127	0.176856	0.984155	-0.252968	3.371	38.1077	
0.999916	0.00112492	0.0129444	0.00122915	0.983588	-0.180426	-0.0129349	0.180426	0.983503	-0.262793	3.50787	38.8615	
0.999913	0.00116598	0.0131659	0.00127652	0.982926	-0.183996	-0.0131557	0.183997	0.982839	-0.272788	3.64748	39.6147	
0.99991	0.00120761	0.0133861	0.00132472	0.982251	-0.187566	-0.013375	0.187567	0.982161	-0.282951	3.78981	40.3675	
0.999925	0.000982592	0.012227	0.0014024	0.981093	-0.193532	-0.0121859	0.193535	0.981018	-0.292743	3.93581	41.1195	
0.999938	0.000751171	0.0110724	0.00147291	0.979898	-0.199495	-0.0109997	0.199499	0.979836	-0.301625	4.08637	41.8707	
0.999951	0.000513375	0.00992238	0.00153626	0.978665	-0.205456	-0.00981616	0.205461	0.978616	-0.3096	4.2415	42.621	
0.999961	0.000269227	0.00877685	0.00159246	0.977395	-0.211413	-0.00863537	0.211419	0.977357	-0.316668	4.4012	43.3703	
0.999971	1.87491e-05	0.00763577	0.00164151	0.976089	-0.217367	-0.00745726	0.217373	0.97606	-0.322833	4.56547	44.1186	
0.999979	-0.000238038	0.00649907	0.00168341	0.974745	-0.223316	-0.00628178	0.223322	0.974724	-0.328096	4.73429	44.8659	
0.999985	-0.000501115	0.00536671	0.00171817	0.973363	-0.229261	-0.00510888	0.229267	0.97335	-0.33246	4.90767	45.6122	
0.999991	-0.000770463	0.00423864	0.0017458	0.971945	-0.235202	-0.00393851	0.235207	0.971937	-0.335925	5.0856	46.3574	
0.999995	-0.00104607	0.00311481	0.0017663	0.970489	-0.241137	-0.00277064	0.241141	0.970486	-0.338496	5.26808	47.1015	
0.999997	-0.00132791	0.00199516	0.00177968	0.968997	-0.247067	-0.00160522	0.24707	0.968996	-0.340172	5.45511	47.8445	
0.999998	-0.00161597	0.000879647	0.00178594	0.967467	-0.252991	-0.000442204	0.252992	0.967468	-0.340956	5.64667	48.5863	
0.999998	-0.00191024	-0.000231782	0.0017851	0.9659	-0.258908	0.000718457	0.258908	0.965902	-0.34085	5.84277	49.3269	
0.999997	-0.00221072	-0.00133918	0.00177715	0.964296	-0.264819	0.00187681	0.264816	0.964297	-0.339856	6.0434	50.0663	
0.999994	-0.00251737	-0.00244259	0.00176211	0.962656	-0.270724	0.00303289	0.270718	0.962654	-0.337975	6.24855	50.8045	
0.99999	-0.00283021	-0.00354208	0.00173998	0.960978	-0.27662	0.00418675	0.276611	0.960973	-0.33521	6.45822	51.5414	
0.999984	-0.00314921	-0.00463768	0.00171076	0.959263	-0.282509	0.00533844	0.282497	0.959253	-0.331561	6.67241	52.277	
0.999978	-0.00347438	-0.00572945	0.00167448	0.957511	-0.28839	0.00648799	0.288374	0.957496	-0.32703	6.8911	53.0113	
0.99997	-0.0038057	-0.00681744	0.00163113	0.955723	-0.294263	0.00763546	0.294243	0.9557	-0.32162	7.11429	53.7442	
0.99996	-0.00414317	-0.00790169	0.00158071	0.953898	-0.300127	0.00878089	0.300102	0.953867	-0.315331	7.34197	54.4757	
0.99995	-0.00448679	-0.00898227	0.00152325	0.952036	-0.305981	0.00992432	0.305952	0.951995	-0.308165	7.57414	55.2058	
0.999938	-0.00483655	-0.0100592	0.00145875	0.950138	-0.311827	0.0110658	0.311793	0.950086	-0.300124	7.81079	55.9345	
0.999925	-0.00519245	-0.0111326	0.00138721	0.948203	-0.317662	0.0122054	0.317623	0.948139	-0.29121	8.05191	56.6617	
0.99991	-0.0055545	-0.0122024	0.00130865	0.946232	-0.323487	0.0133431	0.323442	0.946154	-0.281422	8.29749	57.3873	
0.999894	-0.00592269	-0.0132687	0.00122306	0.944224	-0.329302	0.014479	0.329251	0.944131	-0.270764	8.54752	58.1115	
0.999877	-0.00629703	-0.0143316	0.00113047	0.94218	-0.335106	0.0156131	0.335048	0.942072	-0.259237	8.802	58.834	
0.999859	-0.00667753	-0.0153911	0.00103088	0.9401	-0.340898	0.0167455	0.340834	0.939974	-0.246841	9.06092	59.555	
0.99984	-0.00706417	-0.0164473	0.000924295	0.937983	-0.346679	0.0178763	0.346608	0.93784	-0.233578	9.32427	60.2744	
0.999819	-0.00745698	-0.0175002	0.000810728	0.935831	-0.352448	0.0190054	0.35237	0.935668	-0.219449	9.59203	60.9921	
0.999797	-0.00785596	-0.0185498	0.000690186	0.933643	-0.358205	0.0201329	0.358119	0.933459	-0.204456	9.86421	61.7081	
0.999774	-0.00826112	-0.0195962	0.000562679	0.931419	-0.363949	0.0212589	0.363855	0.931213	-0.188599	10.1408	62.4224	
0.999749	-0.00867246	-0.0206394	0.000428216	0.929159	-0.36968	0.0223834	0.369578	0.92893	-0.171881	10.4217	63.135	
0.999724	-0.00909	-0.0216796	0.000286807	0.926864	-0.375398	0.0235064	0.375288	0.92661	-0.154301	10.7071	63.8458	
0.999697	-0.00951375	-0.0227167	0.00013846	0.924533	-0.381102	0.024628	0.380983	0.924254	-0.135862	10.9968	64.5549	
0.999668	-0.00994373	-0.0237507	-1.68139e-05	0.922167	-0.386792	0.0257483	0.386664	0.921861	-0.116563	11.2909	65.2621	
0.999639	-0.0103799	-0.0247818	-0.000179006	0.919766	-0.392468	0.0268672	0.392331	0.919432	-0.0964074	11.5893	65.9675	
0.999608	-0.0108224	-0.0258099	-0.000348106	0.917329	-0.39813	0.0279849	0.397983	0.916966	-0.0753946	11.8921	66.6709	
0.999576	-0.0112712	-0.0268352	-0.000524105	0.914858	-0.403776	0.0291014	0.403619	0.914464	-0.0535258	12.1991	67.3725	
0.999543	-0.0117262	-0.0278576	-0.000706993	0.912352	-0.409407	0.0302167	0.40924	0.911926	-0.0308021	12.5105	68.0722	
0.999509	-0.0121875	-0.0288771	-0.000896759	0.909811	-0.415022	0.0313308	0.414844	0.909353	-0.00722439	12.8262	68.7699	
0.999473	-0.0126552	-0.029894	-0.00109339	0.907235	-0.420622	0.0324439	0.420433	0.906743	0.0172066	13.1462	69.4656	
0.999142	-0.016488	-0.0379799	-0.00171831	0.899988	-0.435911	0.0413688	0.435603	0.899188	0.0454837	13.4741	70.1574	
0.998732	-0.020456	-0.0459967	-0.00249422	0.892485	-0.45107	0.0502785	0.450613	0.891302	0.0805931	13.8136	70.8434	
0.998242	-0.0245577	-0.0539415	-0.00342084	0.884729	-0.466093	0.0591698	0.465458	0.88309	0.122522	14.1646	71.5231	
0.997673	-0.0287915	-0.0618112	-0.00449782	0.876724	-0.480973	0.0680393	0.480132	0.874554	0.171255	14.5268	72.1965	
0.997024	-0.0331559	-0.0696031	-0.00572478	0.868471	-0.495707	0.0768839	0.49463	0.865696	0.226774	14.9003	72.8631	
0.996296	-0.0376494	-0.0773142	-0.00710126	0.859975	-0.510287	0.0857003	0.508946	0.856522	0.289059	15.2847	73.5229	
