1	0	0	0	1	0	0	0	1	0	0	0	
0.999989	5.8507e-06	0.0046515	5.8507e-06	0.999997	-0.0025156	-0.0046515	0.0025156	0.999986	-0.00245614	0.00132832	1.05606	
0.999957	2.34257e-05	0.00930655	2.34347e-05	0.999987	-0.00503506	-0.00930655	0.00503506	0.999944	-0.00982643	0.00531531	2.11208	
0.999902	5.27608e-05	0.013965	5.27969e-05	0.999971	-0.00755828	-0.013965	0.00755828	0.999874	-0.0221145	0.011965	3.16805	
0.999827	9.38908e-05	0.0186265	9.39812e-05	0.999949	-0.0100851	-0.0186265	0.0100851	0.999776	-0.0393238	0.0212813	4.22393	
0.999729	0.00014685	0.023291	0.00014703	0.99992	-0.0126155	-0.023291	0.0126155	0.999649	-0.0614576	0.0332679	5.27969	
0.999609	0.00021167	0.0279582	0.000211987	0.999885	-0.0151494	-0.0279582	0.0151494	0.999494	-0.0885188	0.0479287	6.3353	
0.999468	0.000288384	0.032628	0.000288891	0.999844	-0.0176865	-0.032628	0.0176865	0.999311	-0.12051	0.0652671	7.39073	
0.999304	0.000377022	0.0373001	0.000377783	0.999795	-0.0202269	-0.0373001	0.0202269	0.999099	-0.157434	0.0852866	8.44595	
0.999119	0.000477613	0.0419743	0.000478702	0.999741	-0.0227704	-0.0419743	0.0227704	0.998859	-0.199294	0.10799	9.50094	
0.998911	0.000590188	0.0466504	0.000591686	0.999679	-0.0253168	-0.0466504	0.0253169	0.99859	-0.24609	0.133382	10.5557	
0.998682	0.000714773	0.0513283	0.000716772	0.999611	-0.0278662	-0.0513282	0.0278662	0.998293	-0.297826	0.161464	11.6101	
0.99843	0.000851396	0.0560076	0.000853997	0.999537	-0.0304183	-0.0560076	0.0304184	0.997967	-0.354503	0.192241	12.6642	
0.998156	0.00100008	0.0606883	0.00100339	0.999456	-0.0329731	-0.0606882	0.0329732	0.997612	-0.416122	0.225713	13.7179	
0.99786	0.00116086	0.0653701	0.001165	0.999368	-0.0355305	-0.06537	0.0355306	0.997228	-0.482685	0.261886	14.7712	
0.997542	0.00133374	0.0700527	0.00133885	0.999273	-0.0380903	-0.0700526	0.0380905	0.996816	-0.554192	0.30076	15.8241	
0.997202	0.00151877	0.0747361	0.00152497	0.999172	-0.0406525	-0.074736	0.0406527	0.996374	-0.630645	0.342339	16.8766	
0.99684	0.00171594	0.07942	0.00172339	0.999064	-0.0432169	-0.0794198	0.0432172	0.995904	-0.712044	0.386625	17.9286	
0.996455	0.0019253	0.0841041	0.00193415	0.99895	-0.0457834	-0.0841039	0.0457838	0.995405	-0.79839	0.43362	18.9801	
0.996048	0.00214686	0.0887884	0.00215727	0.998828	-0.0483519	-0.0887881	0.0483524	0.994876	-0.889682	0.483327	20.031	
0.995619	0.00238063	0.0934725	0.00239279	0.9987	-0.0509223	-0.0934722	0.0509229	0.994319	-0.985922	0.535747	21.0814	
0.995168	0.00262664	0.0981564	0.00264072	0.998565	-0.0534946	-0.098156	0.0534953	0.993732	-1.08711	0.590883	22.1311	
0.994694	0.0028849	0.10284	0.00290111	0.998423	-0.0560685	-0.102839	0.0560693	0.993116	-1.19324	0.648737	23.1802	
0.994198	0.00315543	0.107522	0.00317396	0.998274	-0.0586439	-0.107522	0.0586449	0.992472	-1.30432	0.70931	24.2287	
0.993679	0.00343824	0.112204	0.00345932	0.998118	-0.0612209	-0.112203	0.0612221	0.991797	-1.42034	0.772603	25.2764	
0.993138	0.00373336	0.116885	0.00375719	0.997956	-0.0637992	-0.116884	0.0638006	0.991094	-1.5413	0.838619	26.3235	
0.992575	0.00404078	0.121564	0.00406761	0.997786	-0.0663787	-0.121563	0.0663803	0.990362	-1.66721	0.907359	27.3697	
0.99199	0.00436053	0.126242	0.00439059	0.99761	-0.0689594	-0.126241	0.0689613	0.9896	-1.79806	0.978823	28.4152	
0.991382	0.00469262	0.130918	0.00472616	0.997426	-0.071541	-0.130916	0.0715432	0.988809	-1.93385	1.05301	29.4599	
0.990752	0.00503706	0.135592	0.00507434	0.997236	-0.0741236	-0.13559	0.0741262	0.987988	-2.07457	1.12993	30.5037	
0.990099	0.00539385	0.140264	0.00543515	0.997039	-0.076707	-0.140262	0.0767099	0.987138	-2.22023	1.20958	31.5466	
0.989425	0.005763	0.144933	0.00580859	0.996835	-0.0792911	-0.144932	0.0792944	0.986259	-2.37082	1.29195	32.5886	
0.988727	0.00614453	0.149601	0.0061947	0.996623	-0.0818757	-0.149599	0.0818795	0.985351	-2.52634	1.37706	33.6297	
0.988008	0.00653844	0.154265	0.00659349	0.996405	-0.0844608	-0.154263	0.0844651	0.984413	-2.68679	1.46489	34.6698	
0.987266	0.00694474	0.158927	0.00700497	0.99618	-0.0870463	-0.158924	0.0870511	0.983446	-2.85216	1.55546	35.7089	
0.986502	0.00736343	0.163585	0.00742915	0.995947	-0.089632	-0.163582	0.0896374	0.982449	-3.02246	1.64876	36.747	
0.985715	0.00779452	0.16824	0.00786606	0.995708	-0.0922178	-0.168237	0.0922239	0.981423	-3.19767	1.74479	37.7839	
0.984906	0.008238	0.172892	0.0083157	0.995461	-0.0948037	-0.172888	0.0948105	0.980368	-3.37779	1.84355	38.8198	
0.984075	0.00869389	0.17754	0.00877809	0.995208	-0.0973895	-0.177536	0.097397	0.979283	-3.56283	1.94504	39.8546	
0.983222	0.00916218	0.182184	0.00925323	0.994947	-0.099975	-0.18218	0.0999834	0.978169	-3.75277	2.04926	40.8882	
0.982346	0.00964288	0.186824	0.00974114	0.994679	-0.10256	-0.186819	0.10257	0.977025	-3.94761	2.15621	41.9206	
0.981448	0.010136	0.19146	0.0102418	0.994404	-0.105145	-0.191454	0.105155	0.975852	-4.14735	2.2659	42.9518	
0.980528	0.0106415	0.196091	0.0107553	0.994122	-0.107729	-0.196085	0.107741	0.97465	-4.35198	2.37832	43.9817	
0.979586	0.0111594	0.200718	0.0112816	0.993833	-0.110313	-0.200711	0.110326	0.973418	-4.5615	2.49346	45.0103	
0.978621	0.0116897	0.20534	0.0118206	0.993536	-0.112896	-0.205332	0.11291	0.972157	-4.77591	2.61134	46.0377	
0.977634	0.0122324	0.209956	0.0123725	0.993233	-0.115478	-0.209948	0.115493	0.970867	-4.99519	2.73194	47.0636	
0.976625	0.0127875	0.214568	0.0129371	0.992922	-0.118059	-0.214559	0.118075	0.969548	-5.21934	2.85527	48.0882	
0.975594	0.013355	0.219174	0.0135146	0.992604	-0.120639	-0.219164	0.120657	0.968199	-5.44836	2.98133	49.1114	
0.974541	0.0139348	0.223775	0.0141049	0.992279	-0.123218	-0.223764	0.123237	0.966821	-5.68224	3.11011	50.1332	
0.973466	0.014527	0.228369	0.014708	0.991947	-0.125795	-0.228358	0.125816	0.965413	-5.92098	3.24162	51.1535	
0.972369	0.0151316	0.232958	0.0153239	0.991608	-0.128371	-0.232945	0.128394	0.963977	-6.16456	3.37585	52.1722	
0.97125	0.0157486	0.237541	0.0159526	0.991261	-0.130946	-0.237527	0.130971	0.962511	-6.41298	3.51281	53.1895	
0.970109	0.0163779	0.242117	0.0165942	0.990907	-0.133519	-0.242102	0.133545	0.961016	-6.66624	3.65248	54.2052	
0.968946	0.0170195	0.246686	0.0172485	0.990546	-0.13609	-0.24667	0.136119	0.959492	-6.92433	3.79487	55.2193	
0.967761	0.0176735	0.251249	0.0179157	0.990178	-0.138659	-0.251232	0.13869	0.957939	-7.18724	3.93998	56.2317	
0.966554	0.0183397	0.255805	0.0185957	0.989803	-0.141226	-0.255786	0.14126	0.956357	-7.45496	4.0878	57.2425	
0.965326	0.0190183	0.260354	0.0192884	0.98942	-0.143792	-0.260334	0.143828	0.954746	-7.72749	4.23834	58.2517	
0.964076	0.0197091	0.264895	0.019994	0.98903	-0.146355	-0.264874	0.146393	0.953106	-8.00481	4.39158	59.2591	
0.962804	0.0204123	0.269429	0.0207124	0.988633	-0.148915	-0.269406	0.148957	0.951437	-8.28693	4.54754	60.2647	
0.96151	0.0211276	0.273956	0.0214435	0.988229	-0.151474	-0.273931	0.151518	0.949739	-8.57383	4.7062	61.2686	
0.960195	0.0218552	0.278474	0.0221874	0.987817	-0.15403	-0.278448	0.154077	0.948012	-8.8655	4.86756	62.2707	
0.958858	0.0225951	0.282984	0.0229441	0.987398	-0.156583	-0.282956	0.156634	0.946257	-9.16194	5.03163	63.2709	
0.9575	0.0233471	0.287487	0.0237136	0.986972	-0.159133	-0.287457	0.159187	0.944472	-9.46314	5.19839	64.2693	
0.95612	0.0241113	0.291981	0.0244958	0.986539	-0.161681	-0.291949	0.161739	0.942659	-9.76908	5.36785	65.2657	
0.954719	0.0248877	0.296466	0.0252907	0.986099	-0.164225	-0.296432	0.164287	0.940818	-10.0798	5.54	66.2603	
0.953297	0.0256762	0.300942	0.0260983	0.985651	-0.166767	-0.300906	0.166833	0.938948	-10.3952	5.71484	67.2529	
0.95282	0.0259437	0.302425	0.027585	0.984817	-0.171392	-0.30228	0.171648	0.937637	-10.7137	5.89357	68.2438	
0.952341	0.0262188	0.303906	0.0290792	0.983958	-0.176013	-0.303645	0.176462	0.936302	-11.0336	6.07738	69.2333	
0.95186	0.0265015	0.305385	0.0305806	0.983076	-0.180629	-0.305003	0.181273	0.93494	-11.355	6.26628	70.2213	
0.958232	0.022412	0.285112	0.0350334	0.980218	-0.194796	-0.283838	0.196648	0.938491	-11.666	6.46584	71.2106	
0.964144	0.0179912	0.26477	0.0391647	0.977128	-0.209012	-0.262475	0.211887	0.941388	-11.9544	6.68158	72.2033	
0.969591	0.0132423	0.244372	0.0429715	0.97381	-0.223267	-0.240929	0.226978	0.943628	-12.2203	6.91332	73.1987	
0.97457	0.00816838	0.223933	0.0464511	0.970264	-0.23755	-0.219215	0.241911	0.945211	-12.4633	7.16093	74.1961	
0.979078	0.00277314	0.203467	0.0496012	0.966494	-0.251853	-0.197348	0.256676	0.946135	-12.6832	7.42421	75.1949	
0.983111	-0.00293969	0.182988	0.0524195	0.962501	-0.266164	-0.175343	0.271261	0.9464	-12.88	7.70299	76.1942	
0.986666	-0.00896613	0.16251	0.0549041	0.95829	-0.280475	-0.153217	0.285657	0.946004	-13.0535	7.99708	77.1936	
0.989742	-0.015302	0.142048	0.0570532	0.953862	-0.294774	-0.130983	0.299855	0.94495	-13.2036	8.30627	78.1921	
0.992335	-0.0219428	0.121615	0.0588654	0.949221	-0.309053	-0.108658	0.313843	0.943237	-13.3302	8.63034	79.1892	
0.994444	-0.0288841	0.101227	0.0603394	0.944371	-0.323301	-0.086258	0.327612	0.940866	-13.4331	8.96906	80.1841	
0.996068	-0.0361208	0.0808979	0.0614741	0.939313	-0.337508	-0.0637974	0.341154	0.93784	-13.5123	9.32221	81.1762	
0.997205	-0.0436481	0.0606409	0.0622688	0.934053	-0.351664	-0.0412923	0.354457	0.93416	-13.5678	9.68954	82.1647	
0.997855	-0.0514605	0.0404705	0.0627229	0.928593	-0.365759	-0.0187585	0.367513	0.929829	-13.5995	10.0708	83.149	
0.998017	-0.0595528	0.020401	0.0628362	0.922938	-0.379785	0.00378842	0.380313	0.92485	-13.6074	10.4657	84.1284	
0.997691	-0.0679192	0.000446109	0.0626084	0.917092	-0.39373	0.0263327	0.392848	0.919226	-13.5915	10.874	85.1022	
0.996877	-0.076554	-0.0193801	0.0620398	0.911057	-0.407585	0.0488586	0.40511	0.912962	-13.5518	11.2953	86.0697	
0.995576	-0.085451	-0.0390638	0.0611307	0.90484	-0.421341	0.0713505	0.417089	0.906061	-13.4883	11.7295	87.0302	
0.993789	-0.0946042	-0.0585914	0.0598819	0.898443	-0.434987	0.0937926	0.428777	0.898528	-13.4011	12.1762	87.9832	
0.991517	-0.104007	-0.0779491	0.0582942	0.891872	-0.448515	0.116169	0.440166	0.89037	-13.2903	12.635	88.9278	
0.988762	-0.113653	-0.0971236	0.0563686	0.885131	-0.461914	0.138465	0.451249	0.881591	-13.1558	13.1057	89.8635	
0.985525	-0.123536	-0.116101	0.0541066	0.878225	-0.475177	0.160664	0.462017	0.872197	-12.9978	13.588	90.7896	
0.981809	-0.133648	-0.134869	0.0515096	0.871159	-0.488292	0.182752	0.472463	0.862195	-12.8165	14.0815	91.7055	
0.977616	-0.143982	-0.153414	0.0485796	0.863936	-0.501252	0.204712	0.482579	0.851593	-12.6119	14.5858	92.6105	
0.97295	-0.154532	-0.171723	0.0453185	0.856564	-0.514047	0.226529	0.49236	0.840397	-12.3842	15.1006	93.5039	
0.967813	-0.16529	-0.189784	0.0417287	0.849046	-0.526668	0.248188	0.501797	0.828615	-12.1335	15.6256	94.3853	
0.962209	-0.176248	-0.207583	0.0378125	0.841388	-0.539107	0.269675	0.510884	0.816255	-11.86	16.1603	95.2539	
0.956142	-0.187399	-0.225109	0.0335729	0.833595	-0.551354	0.290973	0.519616	0.803327	-11.564	16.7045	96.1091	
0.949616	-0.198735	-0.242348	0.0290126	0.825673	-0.563402	0.312069	0.527985	0.789839	-11.2455	17.2577	96.9504	
0.942637	-0.210249	-0.25929	0.024135	0.817627	-0.575242	0.332947	0.535986	0.7758	-10.9049	17.8195	97.7771	
0.935208	-0.221931	-0.275923	0.0189433	0.809463	-0.586865	0.353593	0.543613	0.761221	-10.5424	18.3896	98.5888	
0.927334	-0.233774	-0.292233	0.0134412	0.801187	-0.598263	0.373992	0.550862	0.74611	-10.1582	18.9676	99.3848	
