1	0	0	0	1	0	0	0	1	0	0	0	
1	-2.35348e-07	0.000376882	-2.35348e-07	0.999999	0.00124892	-0.000376882	-0.00124892	0.999999	-0.000188346	-0.000624145	0.999495	
1	-9.48767e-07	0.00075682	-9.48224e-07	0.999997	0.00250652	-0.00075682	-0.00250652	0.999997	-0.000754911	-0.00250092	1.99899	
0.999999	-2.15119e-06	0.0011398	-2.149e-06	0.999993	0.00377274	-0.0011398	-0.00377274	0.999992	-0.00170274	-0.00563897	2.99848	
0.999999	-3.85354e-06	0.0015258	-3.84803e-06	0.999987	0.00504751	-0.0015258	-0.00504751	0.999986	-0.00303487	-0.0100469	3.99796	
0.999998	-6.06676e-06	0.00191482	-6.05565e-06	0.99998	0.00633076	-0.00191482	-0.00633076	0.999978	-0.00475432	-0.0157331	4.99744	
0.999997	-8.80177e-06	0.00230684	-8.7822e-06	0.999971	0.00762242	-0.00230684	-0.00762242	0.999968	-0.00686408	-0.0227062	5.99691	
0.999996	-1.20695e-05	0.00270184	-1.2038e-05	0.99996	0.00892242	-0.00270184	-0.00892242	0.999957	-0.00936716	-0.0309744	6.99636	
0.999995	-1.58808e-05	0.00309981	-1.58333e-05	0.999948	0.0102307	-0.00309981	-0.0102307	0.999943	-0.0122665	-0.0405462	7.99581	
0.999994	-2.02467e-05	0.00350073	-2.01783e-05	0.999933	0.0115472	-0.00350073	-0.0115472	0.999927	-0.0155651	-0.0514296	8.99524	
0.999992	-2.51781e-05	0.00390459	-2.50834e-05	0.999917	0.0128718	-0.00390459	-0.0128718	0.99991	-0.0192659	-0.063633	9.99465	
0.999991	-3.06857e-05	0.00431137	-3.05586e-05	0.999899	0.0142045	-0.00431137	-0.0142045	0.99989	-0.0233718	-0.0771643	10.994	
0.999989	-3.67805e-05	0.00472106	-3.66142e-05	0.999879	0.0155452	-0.00472106	-0.0155452	0.999868	-0.0278857	-0.0920316	11.9934	
0.999987	-4.34733e-05	0.00513363	-4.32603e-05	0.999857	0.0168938	-0.00513364	-0.0168938	0.999844	-0.0328106	-0.108243	12.9928	
0.999985	-5.07749e-05	0.00554909	-5.0507e-05	0.999833	0.0182503	-0.00554909	-0.0182503	0.999818	-0.0381493	-0.125806	13.9921	
0.999982	-5.86961e-05	0.0059674	-5.83643e-05	0.999808	0.0196146	-0.0059674	-0.0196146	0.99979	-0.0439046	-0.144729	14.9914	
0.99998	-6.72477e-05	0.00638855	-6.68423e-05	0.99978	0.0209866	-0.00638856	-0.0209866	0.999759	-0.0500795	-0.165019	15.9907	
0.999977	-7.64403e-05	0.00681253	-7.5951e-05	0.99975	0.0223662	-0.00681254	-0.0223662	0.999727	-0.0566767	-0.186685	16.9899	
0.999974	-8.62848e-05	0.00723932	-8.57002e-05	0.999718	0.0237534	-0.00723932	-0.0237534	0.999692	-0.0636991	-0.209733	17.9891	
0.999971	-9.67918e-05	0.00766889	-9.60998e-05	0.999684	0.0251481	-0.0076689	-0.0251481	0.999654	-0.0711494	-0.234171	18.9883	
0.999967	-0.000107972	0.00810125	-0.00010716	0.999647	0.0265502	-0.00810126	-0.0265502	0.999615	-0.0790305	-0.260008	19.9874	
0.999964	-0.000119835	0.00853636	-0.00011889	0.999609	0.0279597	-0.00853637	-0.0279597	0.999573	-0.0873451	-0.287249	20.9865	
0.99996	-0.000132393	0.0089742	-0.000131299	0.999568	0.0293765	-0.00897422	-0.0293764	0.999528	-0.096096	-0.315902	21.9855	
0.999956	-0.000145656	0.00941477	-0.000144398	0.999526	0.0308004	-0.00941479	-0.0308004	0.999481	-0.105286	-0.345976	22.9845	
0.999951	-0.000159634	0.00985805	-0.000158196	0.99948	0.0322315	-0.00985807	-0.0322315	0.999432	-0.114917	-0.377476	23.9835	
0.999947	-0.000174337	0.010304	-0.000172703	0.999433	0.0336696	-0.010304	-0.0336696	0.99938	-0.124993	-0.41041	24.9824	
0.999942	-0.000189776	0.0107526	-0.000187928	0.999383	0.0351148	-0.0107527	-0.0351148	0.999325	-0.135516	-0.444784	25.9812	
0.999937	-0.000205962	0.0112039	-0.00020388	0.999331	0.0365668	-0.011204	-0.0365668	0.999268	-0.146489	-0.480607	26.98	
0.999932	-0.000222904	0.0116578	-0.000220569	0.999277	0.0380257	-0.0116579	-0.0380257	0.999209	-0.157914	-0.517884	27.9788	
0.999927	-0.000240612	0.0121143	-0.000238004	0.99922	0.0394913	-0.0121144	-0.0394913	0.999146	-0.169794	-0.556623	28.9774	
0.999921	-0.000259098	0.0125735	-0.000256194	0.999161	0.0409636	-0.0125735	-0.0409636	0.999082	-0.182132	-0.59683	29.9761	
0.999915	-0.00027837	0.0130351	-0.000275148	0.999099	0.0424425	-0.0130352	-0.0424425	0.999014	-0.19493	-0.638512	30.9746	
0.999909	-0.000298439	0.0134994	-0.000294876	0.999035	0.0439279	-0.0134995	-0.0439279	0.998943	-0.208191	-0.681676	31.9731	
0.999902	-0.000319314	0.0139662	-0.000315386	0.998968	0.0454198	-0.0139662	-0.0454198	0.99887	-0.221917	-0.726327	32.9715	
0.999896	-0.000341006	0.0144354	-0.000336687	0.998899	0.046918	-0.0144355	-0.046918	0.998794	-0.23611	-0.772473	33.9698	
0.999889	-0.000363524	0.0149072	-0.000358789	0.998827	0.0484226	-0.0149073	-0.0484226	0.998716	-0.250774	-0.820119	34.9681	
0.999882	-0.000386879	0.0153815	-0.000381699	0.998752	0.0499334	-0.0153816	-0.0499333	0.998634	-0.265911	-0.869272	35.9662	
0.999874	-0.000411078	0.0158582	-0.000405426	0.998675	0.0514503	-0.0158584	-0.0514502	0.99855	-0.281523	-0.919938	36.9643	
0.999866	-0.000436133	0.0163374	-0.000429979	0.998596	0.0529732	-0.0163375	-0.0529732	0.998462	-0.297613	-0.972124	37.9623	
0.999858	-0.000462053	0.0168189	-0.000455367	0.998514	0.0545022	-0.0168191	-0.0545021	0.998372	-0.314183	-1.02583	38.9602	
0.99985	-0.000488846	0.0173029	-0.000481597	0.998429	0.056037	-0.0173031	-0.0560369	0.998279	-0.331236	-1.08108	39.958	
0.999842	-0.000516523	0.0177892	-0.000508678	0.998341	0.0575777	-0.0177895	-0.0575776	0.998183	-0.348773	-1.13785	40.9558	
0.999833	-0.000545092	0.0182779	-0.000536618	0.99825	0.0591241	-0.0182782	-0.059124	0.998083	-0.366798	-1.19618	41.9534	
0.999824	-0.000574562	0.018769	-0.000565425	0.998157	0.0606762	-0.0187692	-0.0606761	0.997981	-0.385312	-1.25605	42.9509	
0.999814	-0.000604943	0.0192623	-0.000595107	0.998061	0.0622338	-0.0192626	-0.0622337	0.997876	-0.404318	-1.31747	43.9484	
0.999805	-0.000636243	0.0197579	-0.000625672	0.997963	0.063797	-0.0197583	-0.0637969	0.997767	-0.423819	-1.38045	44.9457	
0.999795	-0.000668471	0.0202558	-0.000657127	0.997861	0.0653656	-0.0202562	-0.0653655	0.997656	-0.443816	-1.445	45.9429	
0.999784	-0.000701636	0.020756	-0.000689481	0.997757	0.0669396	-0.0207564	-0.0669394	0.997541	-0.464312	-1.51112	46.94	
0.999774	-0.000735747	0.0212583	-0.00072274	0.99765	0.0685188	-0.0212588	-0.0685186	0.997423	-0.485309	-1.57882	47.937	
0.999763	-0.000770811	0.0217629	-0.000756912	0.997539	0.0701032	-0.0217634	-0.070103	0.997302	-0.506809	-1.64809	48.9338	
0.999752	-0.000806838	0.0222696	-0.000792004	0.997426	0.0716927	-0.0222702	-0.0716925	0.997178	-0.528815	-1.71895	49.9306	
0.99974	-0.000843835	0.0227785	-0.000828024	0.997311	0.0732872	-0.0227791	-0.073287	0.997051	-0.551328	-1.79141	50.9272	
0.999728	-0.000881811	0.0232896	-0.000864979	0.997192	0.0748867	-0.0232902	-0.0748865	0.99692	-0.574351	-1.86546	51.9236	
0.999716	-0.000920774	0.0238027	-0.000902875	0.99707	0.076491	-0.0238034	-0.0764908	0.996786	-0.597886	-1.94111	52.92	
0.999704	-0.000960731	0.024318	-0.000941719	0.996945	0.0781001	-0.0243187	-0.0780999	0.996649	-0.621935	-2.01836	53.9162	
0.999691	-0.00100169	0.0248353	-0.000981518	0.996817	0.0797139	-0.0248361	-0.0797136	0.996508	-0.6465	-2.09723	54.9123	
0.999678	-0.00104366	0.0253547	-0.00102228	0.996687	0.0813323	-0.0253555	-0.081332	0.996364	-0.671583	-2.17771	55.9082	
0.999665	-0.00108665	0.025876	-0.00106401	0.996553	0.0829552	-0.025877	-0.0829549	0.996217	-0.697187	-2.25981	56.904	
0.999651	-0.00113066	0.0263994	-0.00110671	0.996416	0.0845826	-0.0264004	-0.0845823	0.996067	-0.723312	-2.34354	57.8996	
0.999637	-0.00117571	0.0269248	-0.00115039	0.996276	0.0862144	-0.0269259	-0.0862141	0.995913	-0.749962	-2.42889	58.8951	
0.999622	-0.00122179	0.0274521	-0.00119506	0.996133	0.0878504	-0.0274533	-0.0878501	0.995755	-0.777138	-2.51588	59.8905	
0.999608	-0.00126892	0.0279813	-0.00124072	0.995987	0.0894907	-0.0279826	-0.0894903	0.995595	-0.804842	-2.60451	60.8856	
0.999593	-0.00131711	0.0285125	-0.00128738	0.995838	0.0911351	-0.0285138	-0.0911346	0.99543	-0.833076	-2.69478	61.8806	
0.999577	-0.00136635	0.0290455	-0.00133505	0.995685	0.0927835	-0.029047	-0.092783	0.995263	-0.861841	-2.78669	62.8755	
0.999446	-0.00176044	0.0332365	-0.00138476	0.995536	0.0943715	-0.0332542	-0.0943652	0.994982	-0.892976	-2.88021	63.8701	
0.999297	-0.00216138	0.0374281	-0.00144138	0.995384	0.0959646	-0.0374627	-0.095951	0.994681	-0.928317	-2.97532	64.8644	
0.99913	-0.00256919	0.0416202	-0.00150495	0.995228	0.0975623	-0.0416723	-0.0975401	0.994359	-0.967865	-3.07202	65.8585	
0.998946	-0.00298387	0.0458128	-0.00157549	0.99507	0.0991643	-0.0458828	-0.0991319	0.994016	-1.01162	-3.17031	66.8521	
0.998743	-0.00340545	0.0500055	-0.00165304	0.994908	0.10077	-0.0500941	-0.100726	0.993652	-1.05958	-3.27019	67.8455	
0.998523	-0.00383393	0.0541983	-0.00173761	0.994744	0.10238	-0.054306	-0.102323	0.993268	-1.11176	-3.37166	68.8384	
0.998285	-0.00426931	0.0583911	-0.00182923	0.994576	0.103993	-0.0585184	-0.103921	0.992863	-1.16814	-3.47473	69.831	
0.998029	-0.00471162	0.0625837	-0.00192791	0.994406	0.105609	-0.0627312	-0.105521	0.992436	-1.22874	-3.5794	70.8232	
0.997755	-0.00516083	0.0667759	-0.00203366	0.994233	0.107227	-0.0669441	-0.107122	0.99199	-1.29354	-3.68567	71.8149	
0.995771	-0.00783033	0.091537	-0.00200189	0.994275	0.10683	-0.0918495	-0.106562	0.990055	-1.3729	-3.79246	72.8054	
0.993166	-0.010485	0.116242	-0.00196017	0.994318	0.106435	-0.116698	-0.105935	0.987502	-1.47713	-3.89866	73.7938	
0.98994	-0.0131232	0.140876	-0.00190852	0.99436	0.10604	-0.141473	-0.105242	0.984332	-1.60615	-4.0042	74.7792	
0.986097	-0.0157432	0.165422	-0.00184698	0.994402	0.105647	-0.16616	-0.104484	0.980548	-1.7599	-4.10902	75.7612	
0.981638	-0.0183435	0.189867	-0.00177558	0.994444	0.105256	-0.190743	-0.10366	0.976152	-1.93827	-4.21304	76.7391	
0.976567	-0.0209224	0.214194	-0.00169437	0.994485	0.104866	-0.215207	-0.102772	0.971146	-2.14115	-4.31621	77.7124	
0.970886	-0.0234783	0.238388	-0.0016034	0.994526	0.104479	-0.239536	-0.101819	0.965534	-2.36842	-4.41846	78.6803	
0.964599	-0.0260096	0.262435	-0.00150272	0.994566	0.104094	-0.263717	-0.100803	0.959319	-2.61994	-4.51973	79.6422	
0.95771	-0.0285147	0.286319	-0.0013924	0.994606	0.103711	-0.287732	-0.0997238	0.952505	-2.89554	-4.61994	80.5977	
0.950223	-0.0309921	0.310025	-0.00127251	0.994646	0.103332	-0.311568	-0.0985825	0.945096	-3.19505	-4.71905	81.5461	
0.942143	-0.0334402	0.333539	-0.00114312	0.994685	0.102955	-0.335209	-0.0973796	0.937098	-3.51829	-4.81699	82.4868	
0.933475	-0.0358575	0.356846	-0.00100431	0.994724	0.102582	-0.358641	-0.0961159	0.928514	-3.86506	-4.91369	83.4191	
0.924224	-0.0382425	0.37993	-0.000856178	0.994762	0.102212	-0.381849	-0.0947922	0.919351	-4.23514	-5.0091	84.3427	
0.914397	-0.0405936	0.402779	-0.000698803	0.9948	0.101846	-0.404819	-0.0934093	0.909613	-4.62829	-5.10316	85.2567	
0.903998	-0.0429095	0.425378	-0.000532288	0.994837	0.101484	-0.427536	-0.0919681	0.899308	-5.04428	-5.19581	86.1608	
0.893035	-0.0451887	0.447711	-0.000356738	0.994873	0.101127	-0.449986	-0.0904694	0.888441	-5.48284	-5.28698	87.0542	
0.881515	-0.0474296	0.469767	-0.000172261	0.994909	0.100773	-0.472155	-0.0889143	0.87702	-5.94371	-5.37664	87.9366	
0.869445	-0.0496311	0.49153	2.10268e-05	0.994945	0.100425	-0.494029	-0.0873037	0.865051	-6.42658	-5.46471	88.8072	
0.856832	-0.0517916	0.512988	0.000223005	0.994979	0.100081	-0.515595	-0.0856385	0.852542	-6.93116	-5.55114	89.6656	
0.843684	-0.0539099	0.534126	0.000433547	0.995013	0.0997429	-0.536839	-0.0839199	0.8395	-7.45714	-5.63588	90.5113	
0.83001	-0.0559845	0.554932	0.000652522	0.995046	0.0994097	-0.557748	-0.0821489	0.825935	-8.00419	-5.71887	91.3436	
0.815818	-0.0580143	0.575392	0.000879793	0.995079	0.0990821	-0.578309	-0.0803267	0.811854	-8.57196	-5.80008	92.1621	
0.801116	-0.0599979	0.595494	0.00111522	0.995111	0.0987601	-0.598508	-0.0784542	0.797266	-9.1601	-5.87943	92.9663	
0.785914	-0.0619341	0.615226	0.00135865	0.995142	0.0984442	-0.618334	-0.0765328	0.78218	-9.76825	-5.95689	93.7557	
0.770222	-0.0638217	0.634575	0.00160994	0.995172	0.0981343	-0.637774	-0.0745636	0.766606	-10.396	-6.0324	94.5297	
0.754049	-0.0656595	0.653528	0.00186892	0.995201	0.0978308	-0.656816	-0.0725478	0.750553	-11.043	-6.10593	95.288	
0.737405	-0.0674464	0.672075	0.00213545	0.99523	0.0975338	-0.675447	-0.0704868	0.734032	-11.7088	-6.17741	96.0299	
