1	0	0	0	1	0	0	0	1	0	0	0	
0.999998	4.36092e-06	0.00211867	4.36092e-06	0.999992	-0.00411664	-0.00211867	0.00411664	0.999989	-0.000965173	0.00187536	0.911108	
0.999991	1.74435e-05	0.00423664	1.7454e-05	0.999966	-0.0082369	-0.00423664	0.0082369	0.999957	-0.00386037	0.0075031	1.8222	
0.99998	3.92495e-05	0.00635383	3.92917e-05	0.999924	-0.0123606	-0.00635383	0.0123606	0.999903	-0.00868493	0.0168864	2.73325	
0.999964	6.97804e-05	0.0084702	6.9886e-05	0.999864	-0.0164877	-0.00847019	0.0164877	0.999828	-0.0154381	0.0300285	3.64424	
0.999944	0.000109037	0.0105856	0.000109248	0.999787	-0.0206181	-0.0105856	0.0206181	0.999731	-0.0241191	0.0469323	4.55515	
0.999919	0.000157019	0.0127001	0.000157389	0.999694	-0.0247515	-0.0127001	0.0247515	0.999613	-0.0347271	0.0676007	5.46596	
0.99989	0.000213727	0.0148136	0.000214319	0.999583	-0.0288879	-0.0148135	0.0288879	0.999473	-0.0472611	0.0920364	6.37666	
0.999857	0.000279158	0.0169259	0.000280047	0.999454	-0.0330271	-0.0169259	0.0330271	0.999311	-0.0617202	0.120242	7.28722	
0.999819	0.000353313	0.019037	0.000354583	0.999309	-0.0371691	-0.019037	0.0371691	0.999128	-0.0781033	0.152221	8.19762	
0.999776	0.000436189	0.0211469	0.000437936	0.999146	-0.0413136	-0.0211469	0.0413136	0.998922	-0.0964093	0.187974	9.10784	
0.999729	0.000527783	0.0232555	0.000530113	0.998966	-0.0454606	-0.0232554	0.0454606	0.998695	-0.116637	0.227504	10.0179	
0.999678	0.000628092	0.0253627	0.000631123	0.998768	-0.0496099	-0.0253626	0.0496099	0.998447	-0.138785	0.270814	10.9277	
0.999622	0.000737112	0.0274684	0.000740972	0.998554	-0.0537614	-0.0274683	0.0537614	0.998176	-0.162853	0.317906	11.8373	
0.999562	0.000854839	0.0295726	0.000859667	0.998321	-0.0579149	-0.0295725	0.057915	0.997883	-0.188838	0.368781	12.7466	
0.999498	0.000981269	0.0316752	0.000987213	0.998071	-0.0620704	-0.031675	0.0620705	0.997569	-0.21674	0.423441	13.6556	
0.999429	0.0011164	0.0337762	0.00112362	0.997804	-0.0662277	-0.033776	0.0662278	0.997233	-0.246556	0.481888	14.5644	
0.999355	0.00126021	0.0358755	0.00126888	0.997519	-0.0703866	-0.0358752	0.0703868	0.996874	-0.278286	0.544124	15.4728	
0.999278	0.00141272	0.0379729	0.00142302	0.997216	-0.0745471	-0.0379725	0.0745473	0.996494	-0.311928	0.610149	16.3809	
0.999196	0.0015739	0.0400685	0.00158602	0.996896	-0.0787091	-0.0400681	0.0787093	0.996092	-0.34748	0.679966	17.2886	
0.999109	0.00174375	0.0421622	0.0017579	0.996559	-0.0828723	-0.0421617	0.0828726	0.995668	-0.38494	0.753576	18.196	
0.999018	0.00192226	0.044254	0.00193865	0.996203	-0.0870366	-0.0442532	0.087037	0.995222	-0.424307	0.830979	19.1029	
0.998923	0.00210943	0.0463436	0.00212828	0.99583	-0.091202	-0.0463428	0.0912024	0.994753	-0.465579	0.912177	20.0095	
0.998824	0.00230525	0.0484312	0.0023268	0.995439	-0.0953682	-0.0484301	0.0953688	0.994263	-0.508753	0.997171	20.9156	
0.99872	0.0025097	0.0505165	0.0025342	0.995031	-0.0995353	-0.0505153	0.0995359	0.993751	-0.553828	1.08596	21.8212	
0.998612	0.00272277	0.0525997	0.00275048	0.994605	-0.103703	-0.0525982	0.103704	0.993216	-0.600802	1.17855	22.7264	
0.9985	0.00294446	0.0546805	0.00297564	0.99416	-0.107871	-0.0546788	0.107872	0.99266	-0.649673	1.27493	23.6311	
0.998383	0.00317476	0.0567589	0.00320969	0.993699	-0.11204	-0.056757	0.112041	0.992081	-0.700438	1.37512	24.5353	
0.998262	0.00341365	0.058835	0.00345262	0.993219	-0.116208	-0.0588327	0.11621	0.991481	-0.753096	1.4791	25.4389	
0.998137	0.00366112	0.0609085	0.00370443	0.992721	-0.120377	-0.0609059	0.120379	0.990858	-0.807644	1.58688	26.342	
0.998007	0.00391715	0.0629794	0.00396512	0.992206	-0.124546	-0.0629764	0.124548	0.990213	-0.864079	1.69845	27.2444	
0.997873	0.00418175	0.0650477	0.00423469	0.991673	-0.128715	-0.0650443	0.128717	0.989546	-0.9224	1.81383	28.1463	
0.997735	0.00445489	0.0671134	0.00451314	0.991121	-0.132883	-0.0671095	0.132885	0.988857	-0.982603	1.933	29.0476	
0.997593	0.00473655	0.0691763	0.00480045	0.990552	-0.137051	-0.0691719	0.137054	0.988146	-1.04469	2.05598	29.9482	
0.997447	0.00502673	0.0712363	0.00509664	0.989965	-0.141219	-0.0712314	0.141221	0.987412	-1.10865	2.18275	30.8482	
0.997296	0.00532541	0.0732935	0.00540169	0.98936	-0.145386	-0.0732879	0.145389	0.986657	-1.17449	2.31331	31.7475	
0.997141	0.00563257	0.0753478	0.0057156	0.988737	-0.149552	-0.0753415	0.149555	0.985879	-1.24219	2.44768	32.6461	
0.996982	0.0059482	0.077399	0.00603836	0.988096	-0.153717	-0.0773921	0.15372	0.985079	-1.31177	2.58584	33.544	
0.996819	0.00627228	0.0794472	0.00636998	0.987438	-0.157881	-0.0794395	0.157885	0.984257	-1.38322	2.72779	34.4411	
0.996652	0.0066048	0.0814923	0.00671043	0.986761	-0.162044	-0.0814837	0.162048	0.983413	-1.45653	2.87354	35.3375	
0.996481	0.00694574	0.0835342	0.00705972	0.986066	-0.166205	-0.0835246	0.16621	0.982547	-1.5317	3.02308	36.2331	
0.996305	0.00729508	0.0855728	0.00741784	0.985353	-0.170366	-0.0855623	0.170371	0.981658	-1.60873	3.17641	37.1279	
0.996126	0.0076528	0.0876082	0.00778479	0.984622	-0.174524	-0.0875965	0.17453	0.980748	-1.68761	3.33353	38.0219	
0.995942	0.00801888	0.0896402	0.00816054	0.983873	-0.178681	-0.0896274	0.178687	0.979815	-1.76835	3.49444	38.9151	
0.995754	0.00839331	0.0916687	0.0085451	0.983106	-0.182836	-0.0916547	0.182843	0.97886	-1.85093	3.65914	39.8074	
0.995562	0.00877606	0.0936938	0.00893846	0.982321	-0.186989	-0.0936784	0.186997	0.977884	-1.93536	3.82762	40.6988	
0.995367	0.00916712	0.0957153	0.00934061	0.981518	-0.19114	-0.0956985	0.191148	0.976885	-2.02163	3.99989	41.5893	
0.995167	0.00956647	0.0977332	0.00975153	0.980697	-0.195289	-0.097715	0.195298	0.975864	-2.10974	4.17594	42.4789	
0.994963	0.00997408	0.0997475	0.0101712	0.979858	-0.199435	-0.0997276	0.199445	0.974821	-2.19969	4.35576	43.3675	
0.994755	0.0103899	0.101758	0.0105997	0.979001	-0.203579	-0.101736	0.20359	0.973756	-2.29147	4.53937	44.2552	
0.994543	0.010814	0.103765	0.0110369	0.978126	-0.207721	-0.103741	0.207732	0.972669	-2.38507	4.72675	45.1419	
0.994327	0.0112463	0.105768	0.0114828	0.977233	-0.211859	-0.105742	0.211872	0.97156	-2.48051	4.9179	46.0276	
0.994107	0.0116867	0.107767	0.0119374	0.976322	-0.215995	-0.107739	0.216009	0.970429	-2.57776	5.11283	46.9123	
0.993884	0.0121354	0.109762	0.0124008	0.975392	-0.220128	-0.109732	0.220143	0.969276	-2.67683	5.31152	47.7959	
0.993656	0.0125921	0.111753	0.0128728	0.974445	-0.224257	-0.111721	0.224273	0.968101	-2.77771	5.51397	48.6785	
0.993425	0.0130569	0.11374	0.0133535	0.97348	-0.228384	-0.113706	0.228401	0.966904	-2.88041	5.72019	49.56	
0.993189	0.0135299	0.115723	0.0138429	0.972496	-0.232507	-0.115686	0.232525	0.965686	-2.98491	5.93017	50.4404	
0.99295	0.0140109	0.117702	0.014341	0.971495	-0.236626	-0.117662	0.236646	0.964445	-3.09121	6.1439	51.3197	
0.992707	0.0144999	0.119676	0.0148477	0.970475	-0.240742	-0.119634	0.240764	0.963183	-3.19931	6.36139	52.1979	
0.99246	0.0149969	0.121647	0.015363	0.969438	-0.244855	-0.121601	0.244877	0.961898	-3.30921	6.58263	53.0748	
0.992209	0.015502	0.123613	0.0158869	0.968383	-0.248963	-0.123564	0.248987	0.960592	-3.4209	6.80761	53.9506	
0.992257	0.0154042	0.12324	0.0166983	0.966723	-0.255278	-0.123072	0.25536	0.958981	-3.53325	7.03737	54.8251	
0.992304	0.0153049	0.122872	0.0175073	0.96502	-0.261589	-0.122578	0.261728	0.957326	-3.64516	7.27293	55.6981	
0.992351	0.015204	0.122508	0.0183139	0.963274	-0.267896	-0.122082	0.26809	0.955627	-3.75662	7.5143	56.5696	
0.992397	0.0151016	0.122148	0.019118	0.961483	-0.274197	-0.121584	0.274448	0.953885	-3.86762	7.76145	57.4395	
0.992442	0.0149976	0.121791	0.0199195	0.95965	-0.280492	-0.121083	0.280798	0.952098	-3.97817	8.0144	58.3077	
0.992487	0.014892	0.121437	0.0207183	0.957772	-0.28678	-0.12058	0.287142	0.950268	-4.08826	8.27313	59.1744	
0.992532	0.0147848	0.121086	0.0215143	0.955852	-0.293061	-0.120073	0.293477	0.948395	-4.19789	8.53763	60.0393	
0.992576	0.0146759	0.120739	0.0223076	0.953888	-0.299333	-0.119564	0.299805	0.946479	-4.30706	8.80791	60.9026	
0.992619	0.0145653	0.120394	0.023098	0.951881	-0.305597	-0.119051	0.306122	0.944519	-4.41576	9.08394	61.764	
0.992663	0.014453	0.120051	0.0238854	0.949831	-0.311851	-0.118535	0.31243	0.942516	-4.524	9.36573	62.6237	
0.992705	0.0143389	0.119711	0.0246697	0.947738	-0.318095	-0.118015	0.318728	0.940471	-4.63176	9.65326	63.4815	
0.992748	0.014223	0.119372	0.025451	0.945602	-0.324328	-0.117492	0.325014	0.938383	-4.73905	9.94652	64.3374	
0.99279	0.0141053	0.119036	0.0262291	0.943424	-0.330549	-0.116964	0.331288	0.936252	-4.84586	10.2455	65.1914	
0.992832	0.0139855	0.118701	0.0270039	0.941204	-0.336758	-0.116432	0.337549	0.934079	-4.95218	10.5502	66.0434	
0.992873	0.0138638	0.118368	0.0277753	0.938941	-0.342954	-0.115895	0.343797	0.931865	-5.05802	10.8606	66.8935	
0.992914	0.01374	0.118036	0.0285434	0.936637	-0.349136	-0.115354	0.350032	0.929608	-5.16337	11.1767	67.7415	
0.992955	0.0136141	0.117705	0.0293079	0.934291	-0.355305	-0.114808	0.356251	0.92731	-5.26822	11.4984	68.5874	
0.992996	0.013486	0.117374	0.0300689	0.931903	-0.361458	-0.114256	0.362456	0.924971	-5.37257	11.8258	69.4313	
0.993037	0.0133556	0.117045	0.0308262	0.929475	-0.367596	-0.1137	0.368644	0.922591	-5.47642	12.1589	70.2729	
0.994745	0.00725771	0.102122	0.0325126	0.923456	-0.382325	-0.0970803	0.383636	0.918367	-5.57244	12.5016	71.1116	
0.996184	0.0009184	0.0872722	0.0339327	0.917199	-0.396983	-0.0804105	0.398429	0.913667	-5.6533	12.8579	71.9462	
0.997352	-0.00565906	0.072502	0.0350857	0.910706	-0.411562	-0.063699	0.413016	0.908493	-5.71896	13.2276	72.7764	
0.998249	-0.0124712	0.0578195	0.035971	0.903982	-0.426054	-0.0469544	0.427388	0.902848	-5.76937	13.6104	73.6016	
0.998874	-0.0195146	0.0432324	0.0365882	0.89703	-0.440452	-0.0301855	0.441538	0.896735	-5.80451	14.0063	74.4214	
0.999228	-0.0267856	0.0287481	0.0369369	0.889854	-0.454749	-0.0134009	0.455459	0.890156	-5.82437	14.415	75.2355	
0.999309	-0.0342803	0.0143742	0.037017	0.882456	-0.468936	0.00339064	0.469144	0.883115	-5.82893	14.8362	76.0433	
0.999118	-0.0419948	0.000118205	0.0368284	0.874841	-0.483008	0.0201804	0.482586	0.875616	-5.81819	15.2698	76.8446	
0.998655	-0.0499253	-0.0140126	0.0363712	0.867014	-0.496955	0.0369597	0.495777	0.867663	-5.79216	15.7155	77.6388	
0.99792	-0.0580675	-0.0280107	0.0356457	0.858977	-0.510772	0.0537199	0.508711	0.85926	-5.75085	16.1731	78.4255	
0.996913	-0.0664173	-0.0418691	0.0346523	0.850735	-0.524451	0.0704521	0.521381	0.850411	-5.69428	16.6424	79.2044	
0.995636	-0.0749703	-0.0555804	0.0333913	0.842293	-0.537984	0.0871478	0.533781	0.84112	-5.62248	17.1231	79.975	
0.994088	-0.0837221	-0.0691375	0.0318636	0.833655	-0.551366	0.103798	0.545903	0.831394	-5.53549	17.615	80.737	
0.992271	-0.092668	-0.0825335	0.0300699	0.824825	-0.564588	0.120395	0.557743	0.821236	-5.43335	18.1178	81.4899	
0.990185	-0.101804	-0.0957613	0.0280111	0.815808	-0.577645	0.136929	0.569293	0.810652	-5.31612	18.6312	82.2333	
0.987831	-0.111124	-0.108814	0.0256882	0.806608	-0.590529	0.153392	0.580547	0.799647	-5.18386	19.155	82.9669	
0.985212	-0.120625	-0.121685	0.0231026	0.79723	-0.603233	0.169776	0.591501	0.788228	-5.03663	19.689	83.6903	
0.982327	-0.1303	-0.134368	0.0202556	0.78768	-0.615751	0.186071	0.602147	0.776399	-4.87451	20.2328	84.4031	
0.97918	-0.140146	-0.146856	0.0171485	0.777962	-0.628077	0.20227	0.612482	0.764168	-4.69759	20.7862	85.105	
0.97577	-0.150156	-0.159142	0.0137831	0.768081	-0.640204	0.218364	0.622498	0.75154	-4.50596	21.3488	85.7955	
