1	0	0	0	1	0	0	0	1	0	0	0	
1	2.28218e-08	-0.000541545	2.28218e-08	1	8.4284e-05	0.000541545	-8.4284e-05	1	0.000266807	-4.15248e-05	0.985353	
0.999999	9.20664e-08	-0.00108749	9.2138e-08	1	0.000169385	0.00108749	-0.000169385	0.999999	0.00106939	-0.000166502	1.97071	
0.999999	2.08922e-07	-0.00163781	2.09211e-07	1	0.000255301	0.00163781	-0.000255301	0.999999	0.00241208	-0.000375734	2.95606	
0.999998	3.74581e-07	-0.00219247	3.75308e-07	1	0.000342029	0.00219247	-0.000342029	0.999998	0.00429917	-0.000670025	3.94141	
0.999996	5.90235e-07	-0.00275145	5.91701e-07	1	0.000429568	0.00275145	-0.000429568	0.999996	0.00673492	-0.00105017	4.92676	
0.999995	8.57081e-07	-0.00331472	8.59667e-07	1	0.000517915	0.00331472	-0.000517915	0.999994	0.00972358	-0.00151698	5.91211	
0.999992	1.17632e-06	-0.00388225	1.18049e-06	1	0.000607068	0.00388225	-0.000607069	0.999992	0.0132694	-0.00207123	6.89746	
0.99999	1.54914e-06	-0.00445402	1.55544e-06	1	0.000697025	0.00445402	-0.000697025	0.99999	0.0173764	-0.00271373	7.8828	
0.999987	1.97675e-06	-0.00502999	1.98582e-06	1	0.000787784	0.00502999	-0.000787784	0.999987	0.022049	-0.00344526	8.86814	
0.999984	2.46035e-06	-0.00561014	2.47292e-06	1	0.000879341	0.00561014	-0.000879341	0.999984	0.0272911	-0.00426661	9.85348	
0.999981	3.00114e-06	-0.00619444	3.01803e-06	1	0.000971695	0.00619444	-0.000971695	0.99998	0.033107	-0.00517857	10.8388	
0.999977	3.60032e-06	-0.00678286	3.62244e-06	0.999999	0.00106484	0.00678286	-0.00106484	0.999976	0.0395006	-0.00618193	11.8242	
0.999973	4.2591e-06	-0.00737538	4.28746e-06	0.999999	0.00115878	0.00737538	-0.00115878	0.999972	0.046476	-0.00727745	12.8095	
0.999968	4.97868e-06	-0.00797195	5.01439e-06	0.999999	0.00125351	0.00797195	-0.00125351	0.999967	0.0540373	-0.00846593	13.7948	
0.999963	5.76026e-06	-0.00857256	5.80453e-06	0.999999	0.00134902	0.00857256	-0.00134902	0.999962	0.0621884	-0.00974814	14.7801	
0.999958	6.60504e-06	-0.00917718	6.65919e-06	0.999999	0.00144532	0.00917718	-0.00144532	0.999957	0.0709333	-0.0111248	15.7654	
0.999952	7.51422e-06	-0.00978576	7.57966e-06	0.999999	0.0015424	0.00978576	-0.0015424	0.999951	0.0802759	-0.0125968	16.7507	
0.999946	8.48901e-06	-0.0103983	8.56727e-06	0.999999	0.00164025	0.0103983	-0.00164025	0.999945	0.0902201	-0.0141648	17.736	
0.999939	9.53059e-06	-0.0110147	9.62331e-06	0.999998	0.00173888	0.0110147	-0.00173888	0.999938	0.10077	-0.0158297	18.7213	
0.999932	1.06402e-05	-0.0116351	1.07491e-05	0.999998	0.00183828	0.0116351	-0.00183828	0.999931	0.111929	-0.017592	19.7066	
0.999925	1.18189e-05	-0.0122592	1.19459e-05	0.999998	0.00193845	0.0122592	-0.00193845	0.999923	0.123701	-0.0194528	20.6919	
0.999917	1.30681e-05	-0.0128873	1.32151e-05	0.999998	0.00203939	0.0128873	-0.00203939	0.999915	0.13609	-0.0214125	21.6772	
0.999909	1.43888e-05	-0.013519	1.4558e-05	0.999998	0.00214108	0.013519	-0.00214109	0.999906	0.1491	-0.0234722	22.6625	
0.9999	1.57823e-05	-0.0141546	1.59758e-05	0.999997	0.00224354	0.0141546	-0.00224354	0.999897	0.162734	-0.0256324	23.6477	
0.999891	1.72497e-05	-0.0147939	1.74699e-05	0.999997	0.00234676	0.0147939	-0.00234676	0.999888	0.176996	-0.0278939	24.633	
0.999881	1.87922e-05	-0.0154369	1.90416e-05	0.999997	0.00245072	0.0154369	-0.00245073	0.999878	0.19189	-0.0302575	25.6182	
0.999871	2.04111e-05	-0.0160835	2.06922e-05	0.999997	0.00255544	0.0160835	-0.00255544	0.999867	0.20742	-0.0327239	26.6034	
0.99986	2.21074e-05	-0.0167338	2.24229e-05	0.999996	0.0026609	0.0167338	-0.00266091	0.999856	0.223588	-0.0352939	27.5886	
0.999849	2.38823e-05	-0.0173877	2.42352e-05	0.999996	0.00276711	0.0173877	-0.00276711	0.999845	0.240399	-0.0379682	28.5738	
0.999837	2.5737e-05	-0.0180452	2.61302e-05	0.999996	0.00287406	0.0180452	-0.00287406	0.999833	0.257856	-0.0407474	29.559	
0.999825	2.76727e-05	-0.0187062	2.81092e-05	0.999996	0.00298174	0.0187062	-0.00298174	0.999821	0.275962	-0.0436325	30.5442	
0.999812	2.96905e-05	-0.0193707	3.01736e-05	0.999995	0.00309015	0.0193707	-0.00309016	0.999808	0.294722	-0.0466239	31.5294	
0.999799	3.17915e-05	-0.0200387	3.23247e-05	0.999995	0.0031993	0.0200387	-0.0031993	0.999794	0.314138	-0.0497226	32.5146	
0.999786	3.39769e-05	-0.0207101	3.45637e-05	0.999995	0.00330916	0.0207101	-0.00330917	0.99978	0.334214	-0.0529292	33.4997	
0.999771	3.62479e-05	-0.0213849	3.68919e-05	0.999994	0.00341975	0.0213849	-0.00341976	0.999765	0.354953	-0.0562444	34.4848	
0.999757	3.86055e-05	-0.0220631	3.93105e-05	0.999994	0.00353106	0.0220631	-0.00353107	0.99975	0.376359	-0.0596689	35.4699	
0.999741	4.10509e-05	-0.0227447	4.18209e-05	0.999993	0.00364308	0.0227447	-0.00364309	0.999735	0.398435	-0.0632034	36.455	
0.999725	4.35852e-05	-0.0234295	4.44242e-05	0.999993	0.00375582	0.0234295	-0.00375583	0.999718	0.421184	-0.0668487	37.4401	
0.999709	4.62095e-05	-0.0241176	4.71219e-05	0.999993	0.00386926	0.0241176	-0.00386927	0.999702	0.444609	-0.0706054	38.4252	
0.999692	4.89249e-05	-0.024809	4.9915e-05	0.999992	0.0039834	0.024809	-0.00398341	0.999684	0.468714	-0.0744742	39.4102	
0.999675	5.17325e-05	-0.0255036	5.28049e-05	0.999992	0.00409823	0.0255036	-0.00409825	0.999666	0.493502	-0.0784559	40.3953	
0.999657	5.46334e-05	-0.0262014	5.57927e-05	0.999991	0.00421377	0.0262014	-0.00421378	0.999648	0.518976	-0.082551	41.3803	
0.999638	5.76287e-05	-0.0269023	5.88798e-05	0.999991	0.00432999	0.0269023	-0.00433001	0.999629	0.545139	-0.0867604	42.3653	
0.999619	6.07193e-05	-0.0276063	6.20673e-05	0.99999	0.0044469	0.0276063	-0.00444692	0.999609	0.571994	-0.0910846	43.3503	
0.999599	6.39065e-05	-0.0283133	6.53564e-05	0.99999	0.00456449	0.0283133	-0.00456451	0.999589	0.599544	-0.0955243	44.3352	
0.999579	6.71912e-05	-0.0290235	6.87484e-05	0.999989	0.00468276	0.0290235	-0.00468278	0.999568	0.627793	-0.10008	45.3202	
0.999558	7.05745e-05	-0.0297366	7.22445e-05	0.999988	0.0048017	0.0297366	-0.00480173	0.999546	0.656742	-0.104753	46.3051	
0.999536	7.40574e-05	-0.0304527	7.58459e-05	0.999988	0.00492132	0.0304527	-0.00492134	0.999524	0.686396	-0.109543	47.29	
0.999514	7.76409e-05	-0.0311717	7.95536e-05	0.999987	0.00504159	0.0311717	-0.00504162	0.999501	0.716757	-0.114452	48.2748	
0.999491	8.1326e-05	-0.0318936	8.3369e-05	0.999987	0.00516253	0.0318936	-0.00516256	0.999478	0.747828	-0.119479	49.2597	
0.999468	8.51138e-05	-0.0326184	8.72932e-05	0.999986	0.00528412	0.0326184	-0.00528416	0.999454	0.779611	-0.124626	50.2445	
0.999444	8.90053e-05	-0.033346	9.13273e-05	0.999985	0.00540636	0.033346	-0.0054064	0.999429	0.81211	-0.129893	51.2293	
0.999419	9.30013e-05	-0.0340764	9.54725e-05	0.999985	0.00552925	0.0340764	-0.0055293	0.999404	0.845328	-0.135281	52.2141	
0.999394	9.71029e-05	-0.0348095	9.97298e-05	0.999984	0.00565279	0.0348095	-0.00565283	0.999378	0.879266	-0.14079	53.1989	
0.999368	0.000101311	-0.0355454	0.000104101	0.999983	0.00577695	0.0355454	-0.005777	0.999351	0.913929	-0.146421	54.1836	
0.999342	0.000105627	-0.036284	0.000108586	0.999983	0.00590176	0.0362839	-0.00590181	0.999324	0.949317	-0.152175	55.1683	
0.999314	0.000110051	-0.0370252	0.000113187	0.999982	0.00602719	0.0370252	-0.00602724	0.999296	0.985435	-0.158052	56.153	
0.999286	0.000114584	-0.037769	0.000117904	0.999981	0.00615324	0.037769	-0.0061533	0.999268	1.02228	-0.164053	57.1376	
0.999258	0.000119228	-0.0385154	0.000122739	0.99998	0.00627991	0.0385154	-0.00627998	0.999238	1.05987	-0.170179	58.1222	
0.999229	0.000123982	-0.0392643	0.000127693	0.999979	0.00640719	0.0392643	-0.00640727	0.999208	1.09819	-0.17643	59.1068	
0.999199	0.000128849	-0.0400158	0.000132767	0.999979	0.00653509	0.0400158	-0.00653517	0.999178	1.13725	-0.182806	60.0914	
0.999169	0.000133829	-0.0407697	0.000137961	0.999978	0.00666358	0.0407697	-0.00666367	0.999146	1.17705	-0.189309	61.0759	
0.999137	0.000138922	-0.041526	0.000143278	0.999977	0.00679268	0.041526	-0.00679277	0.999114	1.21759	-0.195939	62.0604	
0.999003	0.000164534	-0.0446329	0.000267615	0.999953	0.00967613	0.0446324	-0.00967843	0.998957	1.26004	-0.204054	63.0448	
0.99886	0.000199148	-0.0477418	0.000400931	0.999921	0.0125593	0.0477406	-0.0125642	0.998781	1.30555	-0.215012	64.029	
0.998706	0.000242775	-0.0508524	0.000543233	0.999881	0.0154423	0.0508501	-0.0154499	0.998587	1.35413	-0.228814	65.0131	
0.998543	0.000295425	-0.0539644	0.000694527	0.999832	0.0183249	0.0539607	-0.0183357	0.998375	1.40576	-0.245459	65.997	
0.99837	0.000357106	-0.0570775	0.000854818	0.999775	0.0212071	0.0570723	-0.0212213	0.998144	1.46047	-0.264948	66.9806	
0.998187	0.000427824	-0.0601916	0.00102411	0.999709	0.0240889	0.0601844	-0.0241069	0.997896	1.51824	-0.28728	67.964	
0.997994	0.000507581	-0.0633063	0.00120241	0.999636	0.0269703	0.0632969	-0.0269923	0.99763	1.57907	-0.312456	68.9472	
0.997791	0.00059638	-0.0664213	0.00138971	0.999553	0.0298511	0.0664095	-0.0298775	0.997345	1.64298	-0.340474	69.93	
0.997579	0.000694222	-0.0695365	0.00158602	0.999463	0.0327314	0.0695219	-0.0327625	0.997042	1.70995	-0.371336	70.9126	
0.997357	0.000801102	-0.0726515	0.00179134	0.999364	0.0356112	0.0726338	-0.0356472	0.996721	1.77998	-0.405039	71.8949	
0.996068	0.00152085	-0.0885778	0.00330109	0.998521	0.0542654	0.0885293	-0.0543444	0.99459	1.85939	-0.449378	72.876	
0.994525	0.0025394	-0.104465	0.00510814	0.997328	0.072874	0.104371	-0.0730086	0.991855	1.95443	-0.512125	73.8548	
0.99273	0.00385615	-0.120304	0.0072114	0.995786	0.0914257	0.12015	-0.0916286	0.988518	2.06505	-0.593242	74.8305	
0.990682	0.0054703	-0.136085	0.0096096	0.993895	0.109909	0.135855	-0.110193	0.984582	2.19119	-0.69268	75.8026	
0.988384	0.00738086	-0.151797	0.0123013	0.991657	0.128314	0.151478	-0.12869	0.980048	2.33276	-0.810378	76.7706	
0.985837	0.00958668	-0.167433	0.0152848	0.989074	0.146627	0.167009	-0.14711	0.974919	2.48968	-0.946266	77.7338	
0.983042	0.0120864	-0.182982	0.0185584	0.986146	0.164839	0.182439	-0.16544	0.969198	2.66185	-1.10026	78.6917	
0.980001	0.0148786	-0.198435	0.02212	0.982875	0.182939	0.197758	-0.18367	0.96289	2.84917	-1.27227	79.6436	
0.976716	0.0179614	-0.213782	0.0259675	0.979265	0.200915	0.212957	-0.201788	0.955997	3.05153	-1.46218	80.5891	
0.973189	0.0213331	-0.229014	0.0300985	0.975315	0.218756	0.228027	-0.219784	0.948524	3.26881	-1.66989	81.5274	
0.969422	0.0249916	-0.244122	0.0345106	0.97103	0.236451	0.242959	-0.237646	0.940476	3.50086	-1.89527	82.4582	
0.965418	0.0289346	-0.259096	0.0392011	0.966412	0.253991	0.257743	-0.255364	0.931857	3.74756	-2.13817	83.3807	
0.961178	0.0331598	-0.273929	0.0441671	0.961463	0.271364	0.272371	-0.272928	0.922673	4.00875	-2.39846	84.2944	
0.956706	0.0376647	-0.28861	0.0494056	0.956186	0.288559	0.286833	-0.290325	0.912928	4.28427	-2.67598	85.1988	
0.952003	0.0424464	-0.30313	0.0549135	0.950586	0.305567	0.301122	-0.307547	0.90263	4.57396	-2.97055	86.0933	
0.947074	0.0475021	-0.317482	0.0606873	0.944664	0.322377	0.315227	-0.324582	0.891784	4.87763	-3.282	86.9774	
0.94192	0.0528287	-0.331656	0.0667236	0.938425	0.338978	0.329142	-0.34142	0.880397	5.19511	-3.61014	87.8506	
0.936546	0.058423	-0.345643	0.0730187	0.931873	0.355361	0.342856	-0.358051	0.868475	5.52621	-3.95477	88.7123	
0.930953	0.0642815	-0.359435	0.0795689	0.925011	0.371516	0.356363	-0.374464	0.856027	5.87071	-4.31569	89.5619	
0.925147	0.0704008	-0.373024	0.0863701	0.917843	0.387433	0.369653	-0.39065	0.843059	6.22842	-4.69266	90.3991	
0.919129	0.0767772	-0.386402	0.0934181	0.910375	0.403102	0.38272	-0.4066	0.82958	6.59912	-5.08547	91.2232	
0.912905	0.0834066	-0.39956	0.100709	0.90261	0.418514	0.395553	-0.422302	0.815597	6.98258	-5.49387	92.0338	
0.906477	0.0902852	-0.41249	0.108238	0.894553	0.433659	0.408147	-0.437749	0.801119	7.37856	-5.91762	92.8303	
0.89985	0.0974088	-0.425185	0.116	0.886209	0.448528	0.420493	-0.452929	0.786155	7.78683	-6.35645	93.6124	
0.893027	0.104773	-0.437637	0.123992	0.877584	0.463112	0.432584	-0.467835	0.770715	8.20715	-6.81012	94.3794	
0.886013	0.112373	-0.449838	0.132207	0.868681	0.477403	0.444413	-0.482457	0.754806	8.63924	-7.27833	95.1311	
