1	0	0	0	1	0	0	0	1	0	0	0	
0.999999	2.36629e-06	-0.00117568	2.36629e-06	0.999992	0.00402538	0.00117568	-0.00402538	0.999991	0.000433755	-0.00148512	0.737877	
0.999997	9.4715e-06	-0.00235243	9.46677e-06	0.999968	0.00805039	0.00235243	-0.00805039	0.999965	0.00173541	-0.00594036	1.47574	
0.999994	2.13239e-05	-0.00353022	2.1305e-05	0.999927	0.012075	0.00353022	-0.012075	0.999921	0.00390576	-0.0133654	2.21358	
0.999989	3.79316e-05	-0.00470903	3.78843e-05	0.99987	0.016099	0.00470903	-0.016099	0.999859	0.00694554	-0.0237599	2.95138	
0.999983	5.93028e-05	-0.00588885	5.92082e-05	0.999798	0.0201225	0.00588885	-0.0201225	0.99978	0.0108555	-0.0371234	3.68912	
0.999975	8.54455e-05	-0.00706964	8.52799e-05	0.999708	0.0241453	0.00706965	-0.0241453	0.999683	0.0156364	-0.0534556	4.42681	
0.999966	0.000116367	-0.0082514	0.000116103	0.999603	0.0281673	0.00825141	-0.0281673	0.999569	0.021289	-0.0727558	5.16441	
0.999955	0.000152077	-0.0094341	0.000151679	0.999482	0.0321886	0.00943411	-0.0321886	0.999437	0.0278139	-0.0950235	5.90192	
0.999944	0.000192581	-0.0106177	0.000192013	0.999344	0.036209	0.0106177	-0.036209	0.999288	0.0352118	-0.120258	6.63933	
0.99993	0.000237887	-0.0118022	0.000237107	0.99919	0.0402284	0.0118022	-0.0402284	0.999121	0.0434834	-0.148459	7.37663	
0.999916	0.000288004	-0.0129876	0.000286964	0.999021	0.0442469	0.0129876	-0.0442469	0.998936	0.0526294	-0.179625	8.11379	
0.999899	0.000342938	-0.0141739	0.000341586	0.998835	0.0482642	0.0141739	-0.0482642	0.998734	0.0626504	-0.213756	8.85081	
0.999882	0.000402698	-0.0153609	0.000400977	0.998632	0.0522804	0.015361	-0.0522804	0.998514	0.073547	-0.250851	9.58767	
0.999863	0.000467289	-0.0165488	0.000465138	0.998414	0.0562954	0.0165489	-0.0562954	0.998277	0.0853198	-0.290909	10.3244	
0.999843	0.00053672	-0.0177375	0.000534073	0.99818	0.0603091	0.0177376	-0.060309	0.998022	0.0979695	-0.333929	11.0609	
0.999821	0.000610998	-0.018927	0.000607784	0.997929	0.0643214	0.0189271	-0.0643213	0.99775	0.111497	-0.37991	11.7972	
0.999797	0.000690129	-0.0201172	0.000686273	0.997662	0.0683322	0.0201173	-0.0683322	0.99746	0.125902	-0.428851	12.5333	
0.999773	0.000774121	-0.0213081	0.000769542	0.99738	0.0723416	0.0213082	-0.0723415	0.997152	0.141185	-0.480752	13.2692	
0.999746	0.00086298	-0.0224997	0.000857593	0.997081	0.0763493	0.0224999	-0.0763493	0.996827	0.157348	-0.535609	14.0049	
0.999719	0.000956713	-0.023692	0.000950429	0.996766	0.0803554	0.0236922	-0.0803554	0.996485	0.17439	-0.593424	14.7403	
0.99969	0.00105533	-0.024885	0.00104805	0.996435	0.0843598	0.0248853	-0.0843597	0.996125	0.192312	-0.654194	15.4754	
0.999659	0.00115883	-0.0260786	0.00115046	0.996088	0.0883624	0.0260789	-0.0883623	0.995747	0.211115	-0.717918	16.2103	
0.999627	0.00126722	-0.0272728	0.00125766	0.995725	0.0923632	0.0272732	-0.092363	0.995352	0.230798	-0.784595	16.9449	
0.999594	0.00138052	-0.0284676	0.00136966	0.995345	0.096362	0.0284681	-0.0963618	0.994939	0.251364	-0.854223	17.6792	
0.999559	0.00149872	-0.029663	0.00148644	0.99495	0.100359	0.0296636	-0.100359	0.994509	0.272811	-0.926801	18.4132	
0.999522	0.00162183	-0.0308589	0.00160802	0.994539	0.104353	0.0308596	-0.104353	0.994061	0.29514	-1.00233	19.1469	
0.999485	0.00174987	-0.0320554	0.0017344	0.994112	0.108346	0.0320562	-0.108346	0.993596	0.318352	-1.0808	19.8802	
0.999445	0.00188283	-0.0332523	0.00186558	0.993668	0.112336	0.0332533	-0.112336	0.993114	0.342448	-1.16222	20.6132	
0.999404	0.00202071	-0.0344498	0.00200155	0.993209	0.116324	0.0344509	-0.116324	0.992614	0.367426	-1.24658	21.3458	
0.999362	0.00216354	-0.0356477	0.00214233	0.992734	0.12031	0.035649	-0.12031	0.992096	0.393289	-1.33388	22.078	
0.999318	0.00231131	-0.036846	0.0022879	0.992243	0.124293	0.0368475	-0.124293	0.991561	0.420036	-1.42413	22.8099	
0.999273	0.00246402	-0.0380448	0.00243828	0.991736	0.128274	0.0380465	-0.128274	0.991009	0.447667	-1.51731	23.5413	
0.999226	0.00262169	-0.039244	0.00259347	0.991213	0.132252	0.0392458	-0.132252	0.990439	0.476183	-1.61343	24.2723	
0.999178	0.00278432	-0.0404435	0.00275345	0.990674	0.136228	0.0404456	-0.136227	0.989852	0.505585	-1.71248	25.003	
0.999128	0.00295191	-0.0416434	0.00291824	0.990119	0.140201	0.0416457	-0.1402	0.989247	0.535872	-1.81447	25.7331	
0.999077	0.00312447	-0.0428436	0.00308784	0.989548	0.144171	0.0428462	-0.14417	0.988625	0.567044	-1.91938	26.4628	
0.999024	0.003302	-0.0440441	0.00326224	0.988961	0.148138	0.044047	-0.148137	0.987985	0.599102	-2.02723	27.1921	
0.99897	0.00348452	-0.0452449	0.00344145	0.988359	0.152103	0.0452482	-0.152102	0.987329	0.632047	-2.138	27.9209	
0.998914	0.00367202	-0.0464459	0.00362547	0.98774	0.156064	0.0464496	-0.156063	0.986654	0.665878	-2.25169	28.6491	
0.998857	0.00386451	-0.0476472	0.0038143	0.987106	0.160022	0.0476512	-0.160021	0.985963	0.700595	-2.36831	29.3769	
0.998798	0.00406199	-0.0488487	0.00400793	0.986456	0.163977	0.0488532	-0.163976	0.985254	0.7362	-2.48784	30.1042	
0.998738	0.00426447	-0.0500504	0.00420637	0.98579	0.167929	0.0500553	-0.167928	0.984528	0.772691	-2.61029	30.8309	
0.998676	0.00447196	-0.0512522	0.00440962	0.985108	0.171878	0.0512576	-0.171877	0.983784	0.810069	-2.73566	31.5571	
0.998612	0.00468445	-0.0524542	0.00461767	0.984411	0.175824	0.0524602	-0.175822	0.983023	0.848335	-2.86394	32.2827	
0.998547	0.00490196	-0.0536564	0.00483054	0.983698	0.179765	0.0536628	-0.179764	0.982245	0.887488	-2.99513	33.0078	
0.998481	0.00512448	-0.0548586	0.00504821	0.982969	0.183704	0.0548657	-0.183702	0.98145	0.927529	-3.12923	33.7323	
0.998413	0.00535202	-0.0560609	0.00527069	0.982224	0.187639	0.0560686	-0.187637	0.980637	0.968457	-3.26623	34.4562	
0.998343	0.00558459	-0.0572632	0.00549797	0.981463	0.19157	0.0572716	-0.191568	0.979807	1.01027	-3.40613	35.1795	
0.998272	0.00582219	-0.0584656	0.00573006	0.980687	0.195498	0.0584747	-0.195495	0.97896	1.05298	-3.54894	35.9021	
0.9982	0.00606482	-0.059668	0.00596696	0.979896	0.199422	0.0596779	-0.199419	0.978095	1.09657	-3.69464	36.6242	
0.998126	0.00631248	-0.0608704	0.00620866	0.979088	0.203342	0.0608811	-0.203339	0.977214	1.14105	-3.84323	37.3456	
0.997943	0.00691786	-0.0637355	0.00659015	0.977825	0.209319	0.0637702	-0.209308	0.975768	1.18704	-3.99547	38.0661	
0.997752	0.00754027	-0.0665942	0.00698946	0.976525	0.215289	0.0666542	-0.215271	0.974277	1.23515	-4.15212	38.7855	
0.997552	0.00817967	-0.0694463	0.00740656	0.975188	0.221252	0.069533	-0.221225	0.972741	1.2854	-4.31316	39.5039	
0.997344	0.00883604	-0.0722918	0.00784143	0.973815	0.227208	0.0724064	-0.227172	0.971159	1.33777	-4.47859	40.2211	
0.997128	0.00950933	-0.0751306	0.00829406	0.972404	0.233156	0.0752744	-0.23311	0.969533	1.39225	-4.64841	40.9371	
0.996904	0.0101995	-0.0779626	0.0087644	0.970956	0.239096	0.078137	-0.239039	0.967861	1.44885	-4.8226	41.6518	
0.996672	0.0109065	-0.0807878	0.00925244	0.969472	0.245027	0.0809939	-0.244959	0.966144	1.50756	-5.00117	42.3654	
0.996431	0.0116304	-0.083606	0.00975814	0.967951	0.25095	0.0838452	-0.25087	0.964383	1.56838	-5.1841	43.0776	
0.996182	0.012371	-0.0864173	0.0102815	0.966393	0.256863	0.0866907	-0.256771	0.962576	1.63129	-5.37139	43.7886	
0.995925	0.0131283	-0.0892215	0.0108224	0.964799	0.262767	0.0895304	-0.262662	0.960725	1.69631	-5.56303	44.4982	
0.99566	0.0139023	-0.0920185	0.011381	0.963167	0.268662	0.0923642	-0.268543	0.958829	1.76342	-5.75901	45.2064	
0.995387	0.014693	-0.0948082	0.011957	0.9615	0.274546	0.095192	-0.274413	0.956889	1.83262	-5.95933	45.9131	
0.995106	0.0155003	-0.0975907	0.0125506	0.959796	0.280419	0.0980137	-0.280272	0.954904	1.9039	-6.16398	46.6185	
0.994817	0.0163242	-0.100366	0.0131617	0.958055	0.286282	0.100829	-0.286119	0.952874	1.97726	-6.37294	47.3223	
0.994519	0.0171646	-0.103133	0.0137902	0.956278	0.292134	0.103639	-0.291955	0.9508	2.05269	-6.58622	48.0247	
0.994214	0.0180215	-0.105893	0.0144361	0.954465	0.297974	0.106442	-0.297779	0.948682	2.1302	-6.80379	48.7255	
0.993901	0.0188949	-0.108646	0.0150994	0.952615	0.303802	0.109238	-0.30359	0.94652	2.20977	-7.02566	49.4247	
0.99358	0.0197847	-0.111391	0.01578	0.95073	0.309619	0.112028	-0.309388	0.944314	2.29141	-7.25182	50.1223	
0.993251	0.0206909	-0.114128	0.0164779	0.948808	0.315422	0.114812	-0.315174	0.942063	2.3751	-7.48224	50.8183	
0.992914	0.0216135	-0.116857	0.0171931	0.946851	0.321214	0.117589	-0.320946	0.939769	2.46084	-7.71693	51.5125	
0.992569	0.0225523	-0.119578	0.0179255	0.944857	0.326992	0.120359	-0.326705	0.937431	2.54863	-7.95588	52.2051	
0.992216	0.0235075	-0.122291	0.0186751	0.942828	0.332756	0.123122	-0.33245	0.93505	2.63846	-8.19907	52.896	
0.991855	0.0244788	-0.124997	0.0194418	0.940763	0.338507	0.125878	-0.33818	0.932625	2.73033	-8.44649	53.585	
0.991487	0.0254664	-0.127694	0.0202256	0.938662	0.344244	0.128628	-0.343896	0.930156	2.82422	-8.69814	54.2723	
0.99111	0.0264701	-0.130383	0.0210265	0.936526	0.349966	0.13137	-0.349596	0.927644	2.92015	-8.95399	54.9577	
0.990726	0.0274899	-0.133063	0.0218443	0.934355	0.355674	0.134106	-0.355282	0.925089	3.01809	-9.21405	55.6412	
0.990334	0.0285259	-0.135735	0.0226791	0.932148	0.361366	0.136834	-0.360952	0.922491	3.11805	-9.4783	56.3229	
0.989935	0.0295778	-0.138399	0.0235308	0.929906	0.367044	0.139555	-0.366606	0.91985	3.22002	-9.74673	57.0026	
0.989527	0.0306458	-0.141055	0.0243994	0.927629	0.372706	0.142268	-0.372244	0.917166	3.324	-10.0193	57.6804	
0.989112	0.0317297	-0.143701	0.0252848	0.925317	0.378351	0.144974	-0.377865	0.91444	3.42998	-10.2961	58.3561	
0.98869	0.0328296	-0.146339	0.026187	0.92297	0.383981	0.147673	-0.38347	0.911671	3.53795	-10.577	59.0298	
0.988259	0.0339453	-0.148969	0.0271058	0.920588	0.389594	0.150364	-0.389057	0.908859	3.6479	-10.862	59.7015	
0.987821	0.0350769	-0.151589	0.0280414	0.918171	0.39519	0.153047	-0.394627	0.906005	3.75984	-11.1511	60.3711	
0.987375	0.0362243	-0.154201	0.0289936	0.91572	0.400769	0.155722	-0.40018	0.903109	3.87376	-11.4443	61.0385	
0.986922	0.0373875	-0.156804	0.0299623	0.913235	0.40633	0.15839	-0.405714	0.900171	3.98965	-11.7417	61.7038	
0.986461	0.0385664	-0.159397	0.0309475	0.910715	0.411873	0.16105	-0.41123	0.897192	4.1075	-12.0431	62.367	
0.985992	0.039761	-0.161982	0.0319492	0.908162	0.417399	0.163702	-0.416727	0.89417	4.22732	-12.3485	63.0279	
0.985516	0.0409712	-0.164557	0.0329673	0.905574	0.422906	0.166346	-0.422205	0.891107	4.34909	-12.6581	63.6865	
0.985033	0.0421971	-0.167124	0.0340017	0.902952	0.428394	0.168982	-0.427664	0.888002	4.4728	-12.9716	64.3429	
0.984541	0.0434386	-0.169681	0.0350524	0.900297	0.433863	0.171609	-0.433104	0.884857	4.59846	-13.2892	64.997	
0.984043	0.0446956	-0.172228	0.0361194	0.897608	0.439313	0.174229	-0.438524	0.88167	4.72605	-13.6108	65.6487	
0.983536	0.045968	-0.174766	0.0372025	0.894885	0.444743	0.17684	-0.443923	0.878442	4.85558	-13.9363	66.2981	
0.983023	0.047256	-0.177295	0.0383017	0.892129	0.450154	0.179442	-0.449302	0.875173	4.98703	-14.2659	66.9451	
0.982501	0.0485594	-0.179814	0.039417	0.88934	0.455544	0.182037	-0.45466	0.871864	5.12039	-14.5994	67.5896	
0.981973	0.0498781	-0.182323	0.0405483	0.886518	0.460914	0.184622	-0.459998	0.868514	5.25566	-14.9368	68.2317	
0.981437	0.0512122	-0.184823	0.0416955	0.883663	0.466263	0.187199	-0.465313	0.865124	5.39285	-15.2782	68.8714	
0.979304	0.0564406	-0.194365	0.0445308	0.876712	0.47895	0.197435	-0.477693	0.856054	5.53476	-15.6261	69.5064	
0.977058	0.0618053	-0.203806	0.0475165	0.869579	0.491502	0.207603	-0.48991	0.846693	5.68419	-15.9831	70.1346	
