1	0	0	0	1	0	0	0	1	0	0	0	
0.999992	-8.38052e-07	0.00406528	-8.38052e-07	1	0.000412296	-0.00406528	-0.000412296	0.999992	-0.00158608	-0.000160858	0.780301	
0.999967	-3.35317e-06	0.00813247	-3.35186e-06	1	0.000824463	-0.00813247	-0.000824463	0.999967	-0.00634505	-0.000643382	1.56059	
0.999926	-7.54643e-06	0.0122015	-7.54119e-06	0.999999	0.00123649	-0.0122015	-0.00123649	0.999925	-0.0142784	-0.00144747	2.34085	
0.999868	-1.34188e-05	0.0162722	-1.34057e-05	0.999999	0.00164838	-0.0162722	-0.00164838	0.999866	-0.0253875	-0.00257301	3.12107	
0.999793	-2.09713e-05	0.0203446	-2.09451e-05	0.999998	0.0020601	-0.0203446	-0.0020601	0.999791	-0.0396736	-0.00401988	3.90124	
0.999702	-3.02047e-05	0.0244185	-3.01588e-05	0.999997	0.00247166	-0.0244185	-0.00247166	0.999699	-0.057138	-0.00578796	4.68135	
0.999594	-4.11198e-05	0.0284939	-4.10464e-05	0.999996	0.00288305	-0.0284939	-0.00288305	0.99959	-0.0777819	-0.00787711	5.46137	
0.999469	-5.37174e-05	0.0325707	-5.36072e-05	0.999995	0.00329425	-0.0325707	-0.00329425	0.999464	-0.101606	-0.0102872	6.24131	
0.999328	-6.79981e-05	0.0366487	-6.78407e-05	0.999993	0.00370526	-0.0366487	-0.00370525	0.999321	-0.128612	-0.0130181	7.02114	
0.99917	-8.39626e-05	0.0407279	-8.3746e-05	0.999992	0.00411606	-0.0407279	-0.00411605	0.999162	-0.158801	-0.0160696	7.80085	
0.998996	-0.000101611	0.0448082	-0.000101322	0.99999	0.00452665	-0.0448082	-0.00452664	0.998985	-0.192173	-0.0194415	8.58043	
0.998804	-0.000120945	0.0488894	-0.000120569	0.999988	0.00493701	-0.0488894	-0.004937	0.998792	-0.228729	-0.0231338	9.35987	
0.998596	-0.000141963	0.0529716	-0.000141485	0.999986	0.00534715	-0.0529716	-0.00534714	0.998582	-0.268471	-0.0271462	10.1392	
0.998371	-0.000164667	0.0570546	-0.000164069	0.999983	0.00575704	-0.0570546	-0.00575702	0.998354	-0.311398	-0.0314785	10.9183	
0.998129	-0.000189057	0.0611383	-0.00018832	0.999981	0.00616668	-0.0611383	-0.00616666	0.99811	-0.357511	-0.0361305	11.6972	
0.997871	-0.000215132	0.0652227	-0.000214237	0.999978	0.00657607	-0.0652227	-0.00657604	0.997849	-0.406811	-0.0411021	12.4759	
0.997595	-0.000242894	0.0693076	-0.00024182	0.999976	0.00698518	-0.0693076	-0.00698514	0.997571	-0.459298	-0.046393	13.2544	
0.997303	-0.000272341	0.0733929	-0.000271065	0.999973	0.00739401	-0.0733929	-0.00739397	0.997276	-0.514973	-0.0520031	14.0327	
0.996994	-0.000303475	0.0774786	-0.000301974	0.99997	0.00780256	-0.0774786	-0.0078025	0.996963	-0.573836	-0.057932	14.8108	
0.996668	-0.000336295	0.0815646	-0.000334543	0.999966	0.00821081	-0.0815646	-0.00821074	0.996634	-0.635887	-0.0641796	15.5886	
0.996325	-0.0003708	0.0856507	-0.000368771	0.999963	0.00861876	-0.0856507	-0.00861867	0.996288	-0.701126	-0.0707456	16.3661	
0.995965	-0.000406992	0.0897369	-0.000404657	0.999959	0.00902638	-0.0897369	-0.00902628	0.995925	-0.769554	-0.0776299	17.1434	
0.995589	-0.000444869	0.0938231	-0.0004422	0.999955	0.00943369	-0.0938231	-0.00943356	0.995544	-0.841171	-0.084832	17.9204	
0.995195	-0.000484431	0.0979092	-0.000481397	0.999951	0.00984066	-0.0979092	-0.00984051	0.995147	-0.915975	-0.0923518	18.697	
0.994785	-0.000525677	0.101995	-0.000522247	0.999947	0.0102473	-0.101995	-0.0102471	0.994732	-0.993968	-0.100189	19.4734	
0.994357	-0.000568609	0.106081	-0.000564749	0.999943	0.0106536	-0.106081	-0.0106534	0.9943	-1.07515	-0.108343	20.2494	
0.993913	-0.000613224	0.110166	-0.000608899	0.999939	0.0110595	-0.110166	-0.0110592	0.993852	-1.15952	-0.116815	21.0251	
0.993452	-0.000659522	0.114251	-0.000654697	0.999934	0.011465	-0.114251	-0.0114648	0.993386	-1.24708	-0.125602	21.8004	
0.992973	-0.000707503	0.118335	-0.000702141	0.999929	0.0118702	-0.118335	-0.0118699	0.992903	-1.33782	-0.134706	22.5754	
0.992478	-0.000757166	0.122419	-0.000751228	0.999924	0.012275	-0.122419	-0.0122746	0.992403	-1.43175	-0.144127	23.35	
0.991966	-0.00080851	0.126501	-0.000801957	0.999919	0.0126794	-0.126501	-0.012679	0.991885	-1.52887	-0.153862	24.1241	
0.991437	-0.000861534	0.130583	-0.000854324	0.999914	0.0130834	-0.130583	-0.0130829	0.991351	-1.62917	-0.163913	24.8979	
0.990891	-0.000916238	0.134664	-0.000908329	0.999909	0.0134869	-0.134665	-0.0134864	0.990799	-1.73266	-0.174279	25.6712	
0.990328	-0.000972621	0.138745	-0.000963969	0.999903	0.0138901	-0.138745	-0.0138895	0.990231	-1.83933	-0.18496	26.4441	
0.989748	-0.00103068	0.142824	-0.00102124	0.999897	0.0142928	-0.142824	-0.0142921	0.989645	-1.94918	-0.195955	27.2166	
0.989151	-0.00109042	0.146901	-0.00108014	0.999891	0.0146951	-0.146901	-0.0146943	0.989042	-2.06222	-0.207264	27.9886	
0.988536	-0.00115183	0.150978	-0.00114067	0.999885	0.0150969	-0.150978	-0.015096	0.988422	-2.17844	-0.218887	28.7601	
0.987905	-0.00121492	0.155053	-0.00120283	0.999879	0.0154982	-0.155053	-0.0154973	0.987785	-2.29783	-0.230823	29.5311	
0.987257	-0.00127968	0.159127	-0.0012666	0.999873	0.0158991	-0.159127	-0.0158981	0.98713	-2.42041	-0.243072	30.3016	
0.986592	-0.00134611	0.163199	-0.001332	0.999866	0.0162996	-0.163199	-0.0162984	0.986459	-2.54617	-0.255634	31.0716	
0.98591	-0.00141421	0.167269	-0.00139902	0.99986	0.0166995	-0.167269	-0.0166982	0.98577	-2.6751	-0.268507	31.8411	
0.985211	-0.00148398	0.171338	-0.00146765	0.999853	0.017099	-0.171338	-0.0170976	0.985064	-2.80721	-0.281693	32.61	
0.984495	-0.00155542	0.175405	-0.00153789	0.999846	0.0174979	-0.175405	-0.0174964	0.984341	-2.94249	-0.29519	33.3784	
0.983762	-0.00162852	0.17947	-0.00160974	0.999839	0.0178964	-0.17947	-0.0178947	0.983601	-3.08095	-0.308998	34.1462	
0.983012	-0.00170329	0.183533	-0.00168319	0.999831	0.0182943	-0.183533	-0.0182924	0.982843	-3.22257	-0.323116	34.9134	
0.982245	-0.00177972	0.187594	-0.00175825	0.999824	0.0186917	-0.187594	-0.0186896	0.982069	-3.36737	-0.337545	35.68	
0.981461	-0.00185781	0.191653	-0.00183491	0.999816	0.0190885	-0.191653	-0.0190863	0.981277	-3.51533	-0.352283	36.446	
0.98066	-0.00193757	0.195709	-0.00191317	0.999808	0.0194849	-0.195709	-0.0194825	0.980468	-3.66646	-0.367331	37.2114	
0.979842	-0.00201898	0.199763	-0.00199302	0.9998	0.0198806	-0.199763	-0.019878	0.979643	-3.82076	-0.382687	37.9761	
0.979007	-0.00210204	0.203815	-0.00207446	0.999792	0.0202758	-0.203815	-0.020273	0.978799	-3.97822	-0.398352	38.7402	
0.978155	-0.00218676	0.207864	-0.00215749	0.999784	0.0206705	-0.207864	-0.0206674	0.977939	-4.13883	-0.414325	39.5037	
0.977286	-0.00227313	0.21191	-0.0022421	0.999776	0.0210646	-0.211911	-0.0210612	0.977062	-4.30261	-0.430606	40.2664	
0.976401	-0.00236115	0.215954	-0.0023283	0.999767	0.021458	-0.215954	-0.0214544	0.976168	-4.46954	-0.447193	41.0285	
0.975498	-0.00245082	0.219995	-0.00241607	0.999758	0.0218509	-0.219995	-0.0218471	0.975256	-4.63963	-0.464088	41.7898	
0.973933	-0.00260468	0.226823	-0.00246988	0.999753	0.0220856	-0.226824	-0.0220702	0.973686	-4.81396	-0.481222	42.5502	
0.972319	-0.00276012	0.233641	-0.00252565	0.999748	0.0223213	-0.233643	-0.0222935	0.972067	-4.99361	-0.498531	43.3093	
0.970658	-0.00291715	0.240448	-0.00258339	0.999742	0.0225579	-0.240451	-0.0225171	0.9704	-5.17858	-0.516014	44.0672	
0.968948	-0.00307577	0.247244	-0.0026431	0.999737	0.0227953	-0.247249	-0.0227409	0.968685	-5.36886	-0.533671	44.8237	
0.967191	-0.00323598	0.254029	-0.00270478	0.999731	0.0230334	-0.254035	-0.0229648	0.966922	-5.56443	-0.551503	45.5789	
0.965386	-0.00339778	0.260802	-0.00276844	0.999725	0.0232724	-0.260809	-0.0231888	0.965112	-5.7653	-0.56951	46.3327	
0.963534	-0.00356117	0.267563	-0.0028341	0.99972	0.023512	-0.267571	-0.0234129	0.963254	-5.97145	-0.587692	47.0851	
0.961634	-0.00372615	0.274311	-0.00290173	0.999714	0.0237522	-0.274321	-0.0236369	0.961348	-6.18287	-0.606049	47.836	
0.959686	-0.00389272	0.281047	-0.00297137	0.999708	0.023993	-0.281058	-0.0238608	0.959394	-6.39956	-0.62458	48.5853	
0.957691	-0.00406088	0.28777	-0.00304299	0.999702	0.0242343	-0.287782	-0.0240847	0.957393	-6.62149	-0.643286	49.3332	
0.955649	-0.00423063	0.294479	-0.0031166	0.999696	0.0244762	-0.294493	-0.0243084	0.955344	-6.84867	-0.662167	50.0794	
0.953559	-0.00440196	0.301174	-0.00319221	0.999689	0.0247184	-0.30119	-0.0245319	0.953249	-7.08107	-0.681222	50.8241	
0.951422	-0.00457487	0.307855	-0.00326981	0.999683	0.024961	-0.307872	-0.0247551	0.951106	-7.3187	-0.700452	51.5671	
0.949238	-0.00474937	0.314522	-0.0033494	0.999677	0.025204	-0.31454	-0.0249781	0.948916	-7.56154	-0.719855	52.3084	
0.947008	-0.00492544	0.321173	-0.00343098	0.99967	0.0254472	-0.321193	-0.0252007	0.946678	-7.80957	-0.739433	53.0479	
0.94473	-0.00510309	0.32781	-0.00351454	0.999664	0.0256907	-0.32783	-0.0254229	0.944394	-8.06279	-0.759184	53.7857	
0.942406	-0.00528231	0.33443	-0.00360008	0.999657	0.0259344	-0.334452	-0.0256447	0.942064	-8.32118	-0.779108	54.5218	
0.940035	-0.0054631	0.341035	-0.00368759	0.99965	0.0261782	-0.341058	-0.025866	0.939686	-8.58473	-0.799205	55.2559	
0.937618	-0.00564545	0.347623	-0.00377708	0.999644	0.026422	-0.347648	-0.0260868	0.937262	-8.85343	-0.819474	55.9882	
0.935154	-0.00582937	0.354194	-0.00386852	0.999637	0.0266659	-0.354221	-0.0263069	0.934792	-9.12727	-0.839916	56.7186	
0.932644	-0.00601484	0.360748	-0.00396192	0.99963	0.0269098	-0.360777	-0.0265265	0.932275	-9.40623	-0.860529	57.4471	
0.930088	-0.00620186	0.367285	-0.00405726	0.999623	0.0271536	-0.367315	-0.0267454	0.929712	-9.6903	-0.881313	58.1735	
0.927486	-0.00639042	0.373804	-0.00415454	0.999616	0.0273974	-0.373836	-0.0269636	0.927103	-9.97946	-0.902268	58.898	
0.924838	-0.00658053	0.380305	-0.00425375	0.999609	0.0276409	-0.380338	-0.0271811	0.924448	-10.2737	-0.923393	59.6203	
0.922144	-0.00677216	0.386787	-0.00435487	0.999602	0.0278843	-0.386822	-0.0273977	0.921747	-10.573	-0.944687	60.3406	
0.919405	-0.00696533	0.393251	-0.00445789	0.999594	0.0281274	-0.393287	-0.0276135	0.919001	-10.8774	-0.96615	61.0588	
0.91662	-0.00716001	0.399695	-0.00456281	0.999587	0.0283702	-0.399733	-0.0278284	0.916209	-11.1868	-0.98778	61.7748	
0.91379	-0.00735621	0.40612	-0.00466961	0.99958	0.0286126	-0.40616	-0.0280424	0.913372	-11.5012	-1.00958	62.4886	
0.910915	-0.00755391	0.412525	-0.00477827	0.999572	0.0288547	-0.412566	-0.0282553	0.910489	-11.8206	-1.03154	63.2002	
0.907995	-0.00775311	0.418909	-0.00488879	0.999565	0.0290963	-0.418953	-0.0284673	0.907562	-12.145	-1.05367	63.9096	
0.90503	-0.0079538	0.425273	-0.00500114	0.999557	0.0293375	-0.425318	-0.0286782	0.904589	-12.4744	-1.07597	64.6166	
0.90202	-0.00815597	0.431617	-0.00511531	0.999549	0.0295781	-0.431663	-0.0288879	0.901572	-12.8088	-1.09843	65.3212	
0.898966	-0.00835961	0.437939	-0.00523128	0.999542	0.0298182	-0.437987	-0.0290965	0.89851	-13.1481	-1.12105	66.0236	
0.895867	-0.00856471	0.444239	-0.00534904	0.999534	0.0300576	-0.444289	-0.0293039	0.895404	-13.4923	-1.14384	66.7235	
0.892725	-0.00877127	0.450517	-0.00546856	0.999526	0.0302964	-0.45057	-0.02951	0.892253	-13.8414	-1.16678	67.4209	
0.889538	-0.00897928	0.456773	-0.00558984	0.999518	0.0305344	-0.456828	-0.0297148	0.889059	-14.1955	-1.18989	68.1159	
0.886307	-0.00918871	0.463007	-0.00571284	0.99951	0.0307718	-0.463063	-0.0299183	0.88582	-14.5544	-1.21316	68.8084	
0.883032	-0.00939958	0.469218	-0.00583754	0.999502	0.0310083	-0.469276	-0.0301204	0.882538	-14.9181	-1.23658	69.4983	
0.873721	-0.00997592	0.486326	-0.00540653	0.999529	0.0302164	-0.486398	-0.02903	0.873255	-15.291	-1.25966	70.1834	
0.864077	-0.0105309	0.503249	-0.00496015	0.999554	0.0294331	-0.503335	-0.0279286	0.86364	-15.6771	-1.28188	70.861	
0.854105	-0.0110643	0.519982	-0.00449858	0.999579	0.0286585	-0.520081	-0.0268166	0.853696	-16.0764	-1.30324	71.5311	
0.843809	-0.011576	0.536519	-0.004022	0.999603	0.0278931	-0.536628	-0.0256943	0.843427	-16.4887	-1.32373	72.1932	
0.833192	-0.0120657	0.552852	-0.00353058	0.999625	0.0271371	-0.552972	-0.0245623	0.832838	-16.9139	-1.34334	72.8472	
0.822259	-0.0125332	0.568975	-0.00302451	0.999647	0.0263908	-0.569105	-0.0234209	0.821931	-17.3517	-1.36206	73.4929	
0.811014	-0.0129784	0.584883	-0.00250399	0.999668	0.0256544	-0.585022	-0.0222707	0.810712	-17.802	-1.37989	74.1299	
