1	0	0	0	1	0	0	0	1	0	0	0	
0.999996	-4.66051e-06	-0.00287689	-4.66051e-06	0.999995	-0.00323995	0.00287689	0.00323995	0.999991	0.0012699	0.00143016	0.882826	
0.999983	-1.86487e-05	-0.00575441	-1.86534e-05	0.999979	-0.00648223	0.00575441	0.00648223	0.999962	0.00507988	0.00572168	1.76563	
0.999963	-4.19754e-05	-0.00863247	-4.1994e-05	0.999953	-0.00972675	0.00863247	0.00972675	0.999915	0.0114305	0.0128766	2.64841	
0.999934	-7.46506e-05	-0.011511	-7.46973e-05	0.999916	-0.0129734	0.011511	0.0129734	0.99985	0.0203221	0.0228968	3.53114	
0.999896	-0.000116684	-0.0143899	-0.000116778	0.999868	-0.0162221	0.0143899	0.0162221	0.999765	0.0317551	0.0357841	4.4138	
0.999851	-0.000168085	-0.0172691	-0.000168249	0.99981	-0.0194728	0.0172691	0.0194728	0.999661	0.0457298	0.0515403	5.29637	
0.999797	-0.000228861	-0.0201484	-0.000229123	0.999742	-0.0227253	0.0201484	0.0227253	0.999539	0.0622465	0.0701672	6.17885	
0.999735	-0.000299022	-0.0230279	-0.000299415	0.999662	-0.0259796	0.0230279	0.0259796	0.999397	0.0813052	0.0916662	7.06121	
0.999664	-0.000378573	-0.0259075	-0.000379135	0.999572	-0.0292355	0.0259075	0.0292355	0.999237	0.102906	0.116039	7.94344	
0.999585	-0.000467522	-0.028787	-0.000468295	0.999472	-0.032493	0.0287869	0.032493	0.999057	0.127049	0.143287	8.82551	
0.999498	-0.000565875	-0.0316663	-0.000566906	0.999361	-0.035752	0.0316663	0.035752	0.998859	0.153734	0.173411	9.70742	
0.999403	-0.000673637	-0.0345454	-0.000674978	0.999238	-0.0390124	0.0345454	0.0390124	0.998641	0.182961	0.206413	10.5891	
0.999299	-0.000790815	-0.0374242	-0.000792522	0.999106	-0.042274	0.0374242	0.0422741	0.998405	0.214729	0.242294	11.4707	
0.999187	-0.000917411	-0.0403026	-0.000919546	0.998962	-0.0455369	0.0403026	0.0455369	0.998149	0.249039	0.281056	12.352	
0.999067	-0.00105343	-0.0431806	-0.00105606	0.998808	-0.0488008	0.0431805	0.0488009	0.997875	0.28589	0.322698	13.2331	
0.998938	-0.00119888	-0.046058	-0.00120207	0.998643	-0.0520658	0.0460579	0.0520659	0.997581	0.325281	0.367222	14.1139	
0.998801	-0.00135375	-0.0489347	-0.00135759	0.998467	-0.0553316	0.0489346	0.0553317	0.997268	0.367212	0.414629	14.9944	
0.998656	-0.00151806	-0.0518107	-0.00152262	0.99828	-0.0585983	0.0518106	0.0585984	0.996936	0.411682	0.464919	15.8747	
0.998502	-0.00169181	-0.0546859	-0.00169716	0.998083	-0.0618657	0.0546858	0.0618658	0.996585	0.458691	0.518094	16.7547	
0.99834	-0.00187498	-0.0575602	-0.00188123	0.997875	-0.0651337	0.05756	0.0651338	0.996215	0.508238	0.574153	17.6343	
0.99817	-0.0020676	-0.0604336	-0.00207484	0.997656	-0.0684022	0.0604333	0.0684024	0.995826	0.560322	0.633098	18.5136	
0.997992	-0.00226964	-0.0633058	-0.00227797	0.997426	-0.0716711	0.0633055	0.0716714	0.995417	0.614942	0.694929	19.3926	
0.997805	-0.00248113	-0.0661769	-0.00249065	0.997185	-0.0749404	0.0661766	0.0749407	0.99499	0.672098	0.759646	20.2712	
0.99761	-0.00270205	-0.0690468	-0.00271287	0.996933	-0.0782099	0.0690464	0.0782103	0.994543	0.731787	0.827249	21.1494	
0.997406	-0.0029324	-0.0719154	-0.00294464	0.996671	-0.0814796	0.0719149	0.08148	0.994077	0.79401	0.897738	22.0272	
0.997195	-0.00317218	-0.0747826	-0.00318595	0.996397	-0.0847493	0.074782	0.0847498	0.993592	0.858764	0.971115	22.9046	
0.996975	-0.0034214	-0.0776483	-0.00343682	0.996113	-0.0880189	0.0776476	0.0880195	0.993088	0.926049	1.04738	23.7816	
0.996747	-0.00368003	-0.0805124	-0.00369724	0.995818	-0.0912884	0.0805116	0.0912891	0.992564	0.995862	1.12653	24.6581	
0.99651	-0.00394809	-0.0833749	-0.00396721	0.995511	-0.0945577	0.083374	0.0945585	0.992022	1.0682	1.20856	25.5341	
0.996266	-0.00422557	-0.0862356	-0.00424674	0.995194	-0.0978267	0.0862346	0.0978276	0.99146	1.14307	1.29349	26.4096	
0.996013	-0.00451246	-0.0890946	-0.00453582	0.994866	-0.101095	0.0890934	0.101096	0.990879	1.22046	1.38129	27.2847	
0.995752	-0.00480876	-0.0919516	-0.00483446	0.994528	-0.104363	0.0919503	0.104364	0.990279	1.30038	1.47199	28.1592	
0.995483	-0.00511445	-0.0948067	-0.00514265	0.994178	-0.107631	0.0948052	0.107632	0.98966	1.38282	1.56556	29.0331	
0.995205	-0.00542955	-0.0976598	-0.00546039	0.993817	-0.110897	0.097658	0.110899	0.989022	1.46777	1.66203	29.9066	
0.994919	-0.00575403	-0.100511	-0.00578768	0.993445	-0.114163	0.100509	0.114165	0.988365	1.55525	1.76137	30.7794	
0.994625	-0.0060879	-0.103359	-0.00612452	0.993063	-0.117428	0.103357	0.11743	0.987688	1.64524	1.8636	31.6517	
0.994323	-0.00643114	-0.106206	-0.0064709	0.992669	-0.120692	0.106203	0.120694	0.986992	1.73774	1.96871	32.5233	
0.994013	-0.00678374	-0.10905	-0.00682682	0.992264	-0.123955	0.109047	0.123957	0.986278	1.83275	2.07671	33.3944	
0.993695	-0.0071457	-0.111891	-0.00719228	0.991849	-0.127216	0.111888	0.127219	0.985544	1.93028	2.18758	34.2647	
0.993368	-0.00751701	-0.11473	-0.00756726	0.991422	-0.130477	0.114727	0.13048	0.984791	2.03031	2.30133	35.1345	
0.993034	-0.00789766	-0.117567	-0.00795177	0.990985	-0.133736	0.117563	0.133739	0.984019	2.13284	2.41796	36.0035	
0.992691	-0.00828763	-0.1204	-0.0083458	0.990537	-0.136993	0.120396	0.136997	0.983228	2.23788	2.53747	36.8719	
0.99234	-0.00868692	-0.123231	-0.00874935	0.990078	-0.140249	0.123227	0.140253	0.982418	2.34542	2.65985	37.7396	
0.991981	-0.00909551	-0.126059	-0.0091624	0.989607	-0.143503	0.126054	0.143508	0.981588	2.45546	2.78511	38.6065	
0.991614	-0.00951339	-0.128884	-0.00958494	0.989126	-0.146756	0.128879	0.146761	0.98074	2.56799	2.91324	39.4727	
0.991239	-0.00994055	-0.131706	-0.010017	0.988634	-0.150007	0.1317	0.150012	0.979873	2.68301	3.04424	40.3382	
0.990856	-0.010377	-0.134525	-0.0104585	0.988131	-0.153255	0.134519	0.153261	0.978987	2.80053	3.1781	41.2028	
0.990465	-0.0108227	-0.137341	-0.0109095	0.987617	-0.156502	0.137334	0.156508	0.978082	2.92053	3.31484	42.0667	
0.990066	-0.0112776	-0.140153	-0.0113699	0.987093	-0.159747	0.140146	0.159753	0.977158	3.04301	3.45444	42.9298	
0.989658	-0.0117417	-0.142962	-0.0118399	0.986557	-0.162989	0.142954	0.162996	0.976215	3.16797	3.59691	43.792	
0.989243	-0.0122151	-0.145768	-0.0123192	0.98601	-0.166229	0.145759	0.166237	0.975254	3.29542	3.74224	44.6534	
0.98882	-0.0126976	-0.14857	-0.012808	0.985453	-0.169467	0.148561	0.169475	0.974273	3.42533	3.89043	45.514	
0.988389	-0.0131894	-0.151369	-0.0133062	0.984884	-0.172702	0.151359	0.172711	0.973274	3.55772	4.04147	46.3737	
0.98795	-0.0136902	-0.154164	-0.0138138	0.984305	-0.175934	0.154153	0.175944	0.972255	3.69258	4.19537	47.2325	
0.987504	-0.0142003	-0.156955	-0.0143308	0.983715	-0.179164	0.156943	0.179174	0.971218	3.8299	4.35213	48.0903	
0.987049	-0.0147194	-0.159743	-0.0148572	0.983114	-0.182391	0.15973	0.182402	0.970163	3.96969	4.51173	48.9473	
0.986586	-0.0152477	-0.162526	-0.0153929	0.982502	-0.185615	0.162513	0.185627	0.969088	4.11193	4.67419	49.8033	
0.986116	-0.015785	-0.165306	-0.015938	0.981879	-0.188836	0.165291	0.188849	0.967995	4.25663	4.83949	50.6584	
0.985638	-0.0163315	-0.168081	-0.0164925	0.981246	-0.192054	0.168066	0.192068	0.966884	4.40378	5.00763	51.5124	
0.985691	-0.0162697	-0.167774	-0.0171547	0.98048	-0.195867	0.167686	0.195942	0.966172	4.55198	5.1789	52.3657	
0.985744	-0.0162068	-0.167467	-0.0178166	0.979698	-0.199684	0.167303	0.199821	0.965444	4.69985	5.3536	53.2184	
0.985797	-0.0161428	-0.167161	-0.0184783	0.9789	-0.203505	0.166919	0.203703	0.964698	4.84738	5.53172	54.0704	
0.98585	-0.0160777	-0.166856	-0.0191395	0.978084	-0.207329	0.166532	0.207589	0.963937	4.99457	5.71327	54.9217	
0.985903	-0.0160115	-0.166551	-0.0198002	0.977252	-0.211156	0.166143	0.211477	0.963158	5.14142	5.89825	55.7723	
0.985955	-0.0159442	-0.166247	-0.0204603	0.976403	-0.214986	0.165752	0.215368	0.962363	5.28792	6.08667	56.6223	
0.986007	-0.0158757	-0.165944	-0.0211197	0.975537	-0.218818	0.165358	0.219261	0.961551	5.43408	6.27852	57.4715	
0.986059	-0.0158061	-0.165642	-0.0217784	0.974655	-0.222651	0.164963	0.223155	0.960723	5.57989	6.47381	58.32	
0.986111	-0.0157354	-0.16534	-0.0224363	0.973756	-0.226485	0.164565	0.227049	0.959879	5.72535	6.67253	59.1678	
0.986163	-0.0156636	-0.165039	-0.0230933	0.972841	-0.23032	0.164164	0.230945	0.959018	5.87045	6.8747	60.0149	
0.986214	-0.0155906	-0.164739	-0.0237492	0.971909	-0.234155	0.163762	0.234839	0.95814	6.0152	7.0803	60.8611	
0.986265	-0.0155165	-0.164439	-0.024404	0.970961	-0.237989	0.163357	0.238734	0.957246	6.1596	7.28935	61.7066	
0.986316	-0.0154413	-0.16414	-0.0250577	0.969997	-0.241823	0.16295	0.242627	0.956337	6.30364	7.50183	62.5513	
0.986367	-0.015365	-0.163842	-0.0257102	0.969016	-0.245655	0.16254	0.246518	0.955411	6.44731	7.71774	63.3952	
0.986418	-0.0152875	-0.163544	-0.0263613	0.96802	-0.249485	0.162128	0.250408	0.954469	6.59062	7.93709	64.2382	
0.986468	-0.0152089	-0.163247	-0.027011	0.967007	-0.253313	0.161714	0.254295	0.953511	6.73357	8.15987	65.0804	
0.986518	-0.0151291	-0.16295	-0.0276592	0.965979	-0.257138	0.161297	0.258179	0.952537	6.87615	8.38609	65.9218	
0.986568	-0.0150482	-0.162654	-0.0283059	0.964935	-0.26096	0.160878	0.262059	0.951548	7.01837	8.61573	66.7623	
0.986618	-0.0149662	-0.162359	-0.0289509	0.963875	-0.264778	0.160456	0.265935	0.950543	7.16021	8.84879	67.6019	
0.986668	-0.0148829	-0.162063	-0.0295942	0.962799	-0.268592	0.160032	0.269807	0.949523	7.30168	9.08528	68.4406	
0.986718	-0.0147986	-0.161769	-0.0302357	0.961709	-0.272401	0.159606	0.273674	0.948487	7.44277	9.32518	69.2784	
0.986767	-0.014713	-0.161475	-0.0308753	0.960603	-0.276205	0.159177	0.277536	0.947437	7.58348	9.56849	70.1153	
0.989968	-0.00867661	-0.141022	-0.0315733	0.959286	-0.280665	0.137716	0.282302	0.949389	7.71454	9.81562	70.9526	
0.992706	-0.00253888	-0.120533	-0.0321703	0.957948	-0.285133	0.116188	0.28693	0.950879	7.82662	10.0669	71.7915	
0.994979	0.00369714	-0.100016	-0.0326658	0.956588	-0.289606	0.0946032	0.291419	0.951906	7.91967	10.3222	72.6314	
0.996786	0.0100284	-0.079482	-0.0330598	0.955208	-0.294083	0.0729726	0.295766	0.952469	7.99365	10.5814	73.4721	
0.998126	0.0164519	-0.058941	-0.033352	0.953807	-0.298562	0.0513064	0.299969	0.952568	8.04851	10.8444	74.313	
0.998998	0.0229645	-0.0384029	-0.0335423	0.952387	-0.303041	0.0296152	0.304025	0.952204	8.08423	11.111	75.1538	
0.999403	0.0295629	-0.0178776	-0.0336305	0.950948	-0.307516	0.00790963	0.307934	0.951375	8.10079	11.3811	75.9941	
0.99934	0.036244	0.00262477	-0.0336167	0.949492	-0.311987	-0.0137998	0.311692	0.950083	8.09819	11.6547	76.8335	
0.998808	0.0430045	0.0230943	-0.0335007	0.948018	-0.31645	-0.0355026	0.315299	0.948328	8.07643	11.9314	77.6715	
0.997808	0.0498411	0.043521	-0.0332828	0.946527	-0.320904	-0.057188	0.318752	0.946111	8.03551	12.2113	78.5078	
0.996342	0.0567505	0.0638949	-0.032963	0.94502	-0.325346	-0.0788456	0.32205	0.943434	7.97546	12.4942	79.3419	
0.994408	0.0637294	0.0842062	-0.0325414	0.943499	-0.329775	-0.100465	0.325191	0.940297	7.89631	12.7799	80.1734	
0.992009	0.0707742	0.104445	-0.0320183	0.941962	-0.334188	-0.122035	0.328174	0.936701	7.79809	13.0683	81.002	
0.989146	0.0778817	0.124601	-0.0313939	0.940413	-0.338583	-0.143546	0.330996	0.93265	7.68086	13.3593	81.8272	
0.985819	0.0850483	0.144665	-0.0306685	0.93885	-0.342958	-0.164987	0.333658	0.928144	7.54466	13.6527	82.6486	
0.982031	0.0922705	0.164627	-0.0298425	0.937275	-0.347311	-0.186347	0.336157	0.923187	7.38957	13.9484	83.4658	
0.977783	0.0995449	0.184477	-0.0289163	0.935689	-0.351639	-0.207617	0.338492	0.917779	7.21566	14.2462	84.2785	
0.973077	0.106868	0.204206	-0.0278902	0.934092	-0.355941	-0.228786	0.340662	0.911925	7.02302	14.546	85.0862	
