1	0	0	0	1	0	0	0	1	0	0	0	
0.999985	2.49272e-06	-0.00554739	2.49272e-06	1	0.000898695	0.00554739	-0.000898695	0.999984	0.00285075	-0.000461831	1.02777	
0.999938	9.97067e-06	-0.0110963	9.9644e-06	0.999998	0.0017965	0.0110963	-0.0017965	0.999937	0.0114038	-0.00184687	2.05551	
0.999861	2.24317e-05	-0.0166464	2.24067e-05	0.999996	0.00269339	0.0166464	-0.00269339	0.999858	0.0256604	-0.00415418	3.08319	
0.999754	3.98735e-05	-0.0221976	3.98108e-05	0.999994	0.00358931	0.0221976	-0.00358931	0.999747	0.045622	-0.00738279	4.11076	
0.999615	6.22935e-05	-0.0277497	6.21681e-05	0.99999	0.00448425	0.0277497	-0.00448425	0.999605	0.0712895	-0.0115317	5.13821	
0.999445	8.96886e-05	-0.0333025	8.94691e-05	0.999986	0.00537817	0.0333025	-0.00537817	0.999431	0.102664	-0.0165999	6.1655	
0.999245	0.000122056	-0.0388558	0.000121705	0.99998	0.00627104	0.0388558	-0.00627103	0.999225	0.139745	-0.0225863	7.19259	
0.999013	0.000159392	-0.0444093	0.000158865	0.999974	0.00716282	0.0444093	-0.00716281	0.998988	0.182534	-0.0294899	8.21945	
0.998751	0.000201693	-0.0499629	0.00020094	0.999968	0.00805348	0.0499629	-0.00805346	0.998719	0.231031	-0.0373093	9.24605	
0.998458	0.000248955	-0.0555164	0.00024792	0.99996	0.00894299	0.0555164	-0.00894296	0.998418	0.285236	-0.0460436	10.2724	
0.998133	0.000301174	-0.0610695	0.000299794	0.999952	0.00983132	0.0610695	-0.00983127	0.998085	0.345148	-0.0556915	11.2983	
0.997778	0.000358346	-0.0666221	0.000356551	0.999942	0.0107184	0.0666221	-0.0107184	0.997721	0.410768	-0.0662518	12.324	
0.997392	0.000420466	-0.072174	0.000418181	0.999933	0.0116043	0.072174	-0.0116042	0.997325	0.482094	-0.0777232	13.3492	
0.996975	0.000487529	-0.0777249	0.000484672	0.999922	0.0124889	0.0777249	-0.0124888	0.996897	0.559126	-0.0901043	14.374	
0.996526	0.00055953	-0.0832747	0.000556013	0.99991	0.0133722	0.0832747	-0.013372	0.996437	0.641862	-0.103394	15.3984	
0.996047	0.000636463	-0.0888232	0.000632193	0.999898	0.0142541	0.0888232	-0.0142539	0.995945	0.730301	-0.117591	16.4222	
0.995537	0.000718324	-0.0943701	0.000713199	0.999885	0.0151346	0.0943701	-0.0151344	0.995422	0.824442	-0.132693	17.4456	
0.994996	0.000805105	-0.0999152	0.000799019	0.999871	0.0160138	0.0999153	-0.0160135	0.994867	0.924284	-0.1487	18.4684	
0.994423	0.000896801	-0.105458	0.000889641	0.999857	0.0168915	0.105458	-0.0168911	0.99428	1.02982	-0.165609	19.4906	
0.99382	0.000993406	-0.110999	0.000985052	0.999842	0.0177678	0.111	-0.0177673	0.993662	1.14106	-0.18342	20.5122	
0.993186	0.00109491	-0.116538	0.00108524	0.999826	0.0186425	0.116538	-0.018642	0.993011	1.25799	-0.20213	21.5331	
0.99252	0.00120131	-0.122074	0.00119019	0.999809	0.0195158	0.122074	-0.0195151	0.992329	1.38061	-0.221738	22.5533	
0.991824	0.0013126	-0.127608	0.00129989	0.999791	0.0203874	0.127608	-0.0203866	0.991615	1.50892	-0.242244	23.5729	
0.991096	0.00142877	-0.133138	0.00141433	0.999773	0.0212575	0.133138	-0.0212565	0.990869	1.64291	-0.263644	24.5916	
0.990338	0.00154982	-0.138666	0.00153349	0.999754	0.022126	0.138666	-0.0221248	0.990092	1.78259	-0.285937	25.6096	
0.989549	0.00167573	-0.14419	0.00165736	0.999734	0.0229928	0.14419	-0.0229914	0.989283	1.92795	-0.309122	26.6268	
0.988728	0.00180649	-0.14971	0.00178592	0.999714	0.0238579	0.14971	-0.0238564	0.988442	2.07898	-0.333196	27.6432	
0.987877	0.00194211	-0.155227	0.00191916	0.999693	0.0247213	0.155227	-0.0247195	0.98757	2.23568	-0.358159	28.6586	
0.986995	0.00208257	-0.160739	0.00205707	0.999671	0.025583	0.16074	-0.025581	0.986665	2.39806	-0.384008	29.6731	
0.986081	0.00222785	-0.166248	0.00219963	0.999648	0.0264429	0.166248	-0.0264406	0.985729	2.56609	-0.410741	30.6867	
0.985137	0.00237796	-0.171752	0.00234683	0.999625	0.0273011	0.171753	-0.0272984	0.984762	2.73979	-0.438357	31.6994	
0.984162	0.00253289	-0.177252	0.00249864	0.9996	0.0281574	0.177252	-0.0281543	0.983763	2.91914	-0.466854	32.711	
0.983156	0.00269262	-0.182747	0.00265506	0.999576	0.0290118	0.182747	-0.0290083	0.982732	3.10414	-0.496229	33.7215	
0.982119	0.00285714	-0.188237	0.00281607	0.99955	0.0298644	0.188238	-0.0298605	0.981669	3.29478	-0.526481	34.731	
0.981052	0.00302645	-0.193722	0.00298165	0.999524	0.030715	0.193722	-0.0307106	0.980576	3.49107	-0.557608	35.7394	
0.979953	0.00320053	-0.199201	0.00315179	0.999497	0.0315637	0.199202	-0.0315588	0.97945	3.69299	-0.589608	36.7466	
0.978824	0.00337938	-0.204675	0.00332647	0.999469	0.0324104	0.204676	-0.032405	0.978293	3.90054	-0.622478	37.7527	
0.977664	0.00356298	-0.210144	0.00350568	0.999441	0.0332552	0.210145	-0.0332491	0.977105	4.11371	-0.656217	38.7576	
0.976473	0.00375133	-0.215606	0.00368939	0.999412	0.0340979	0.215607	-0.0340911	0.975885	4.3325	-0.690823	39.7612	
0.975252	0.0039444	-0.221062	0.00387759	0.999382	0.0349386	0.221063	-0.0349311	0.974634	4.5569	-0.726292	40.7635	
0.974	0.0041422	-0.226512	0.00407027	0.999352	0.0357771	0.226513	-0.0357689	0.973351	4.78691	-0.762624	41.7646	
0.972717	0.00434471	-0.231955	0.0042674	0.99932	0.0366136	0.231957	-0.0366045	0.972037	5.02251	-0.799816	42.7643	
0.971403	0.00455191	-0.237392	0.00446897	0.999289	0.0374479	0.237394	-0.037438	0.970692	5.2637	-0.837866	43.7626	
0.970059	0.00476381	-0.242822	0.00467496	0.999256	0.0382801	0.242824	-0.0382692	0.969315	5.51048	-0.876771	44.7596	
0.968685	0.00498037	-0.248244	0.00488535	0.999223	0.0391101	0.248246	-0.0390981	0.967908	5.76284	-0.91653	45.7551	
0.96728	0.0052016	-0.25366	0.00510013	0.999189	0.0399379	0.253662	-0.0399248	0.966469	6.02077	-0.957139	46.7492	
0.965844	0.00542747	-0.259068	0.00531928	0.999155	0.0407634	0.25907	-0.0407491	0.964999	6.28425	-0.998596	47.7417	
0.964378	0.00565799	-0.264468	0.00554277	0.99912	0.0415867	0.26447	-0.0415711	0.963497	6.5533	-1.0409	48.7328	
0.962882	0.00589312	-0.26986	0.00577059	0.999084	0.0424076	0.269863	-0.0423908	0.961965	6.82788	-1.08405	49.7222	
0.961355	0.00613287	-0.275244	0.00600273	0.999047	0.0432262	0.275247	-0.043208	0.960402	7.10801	-1.12804	50.7101	
0.959798	0.00637721	-0.28062	0.00623915	0.99901	0.0440425	0.280623	-0.0440228	0.958808	7.39367	-1.17286	51.6964	
0.95821	0.00662614	-0.285988	0.00647985	0.998972	0.0448564	0.285991	-0.0448351	0.957183	7.68484	-1.21853	52.681	
0.956593	0.00687964	-0.291347	0.0067248	0.998934	0.045668	0.29135	-0.0456449	0.955527	7.98153	-1.26502	53.6639	
0.954945	0.00713769	-0.296697	0.00697399	0.998895	0.0464771	0.2967	-0.0464522	0.95384	8.28373	-1.31235	54.6451	
0.953267	0.00740029	-0.302038	0.00722739	0.998855	0.0472837	0.302042	-0.0472569	0.952123	8.59142	-1.36051	55.6246	
0.951559	0.00766741	-0.307369	0.00748498	0.998815	0.0480879	0.307374	-0.0480591	0.950375	8.90459	-1.40949	56.6023	
0.949822	0.00793905	-0.312692	0.00774675	0.998774	0.0488895	0.312696	-0.0488587	0.948596	9.22324	-1.45929	57.5781	
0.948054	0.00821518	-0.318004	0.00801267	0.998733	0.0496887	0.318009	-0.0496556	0.946786	9.54735	-1.50992	58.5521	
0.946256	0.00849579	-0.323307	0.00828273	0.99869	0.0504853	0.323313	-0.0504498	0.944946	9.87692	-1.56136	59.5243	
0.944428	0.00878088	-0.3286	0.00855689	0.998648	0.0512793	0.328606	-0.0512414	0.943076	10.2119	-1.61362	60.4945	
0.942571	0.00907041	-0.333883	0.00883515	0.998604	0.0520707	0.333889	-0.0520302	0.941175	10.5524	-1.66669	61.4628	
0.940684	0.00936438	-0.339155	0.00911748	0.99856	0.0528595	0.339162	-0.0528163	0.939244	10.8983	-1.72057	62.4292	
0.938767	0.00966278	-0.344417	0.00940387	0.998516	0.0536456	0.344424	-0.0535996	0.937283	11.2495	-1.77526	63.3935	
0.936821	0.00996558	-0.349668	0.00969428	0.998471	0.0544291	0.349676	-0.0543801	0.935291	11.6062	-1.83075	64.3558	
0.934248	0.010377	-0.356474	0.0111845	0.998232	0.0583709	0.356449	-0.0585198	0.93248	11.9691	-1.88876	65.3156	
0.931625	0.0108186	-0.363261	0.0127024	0.997977	0.0622983	0.3632	-0.0626529	0.929602	12.3389	-1.95103	66.2725	
0.928952	0.0112905	-0.370029	0.0142478	0.997704	0.0662114	0.369927	-0.0667793	0.926658	12.7157	-2.01755	67.2264	
0.926229	0.0117926	-0.376777	0.0158207	0.997414	0.0701098	0.376629	-0.0708986	0.923647	13.0993	-2.0883	68.1773	
0.923458	0.0123248	-0.383503	0.017421	0.997107	0.0739935	0.383305	-0.0750108	0.920571	13.4899	-2.16328	69.125	
0.920637	0.0128869	-0.390206	0.0190486	0.996782	0.0778622	0.389954	-0.0791157	0.917429	13.8872	-2.24249	70.0696	
0.916115	0.0139232	-0.400675	0.0281335	0.994701	0.0988903	0.399928	-0.101867	0.910868	14.2932	-2.3355	71.0092	
0.911479	0.0152196	-0.411065	0.0374447	0.992096	0.119761	0.409639	-0.124551	0.903705	14.7092	-2.45186	71.9417	
0.906734	0.0167753	-0.421369	0.0469762	0.988971	0.140459	0.419078	-0.147153	0.895946	15.1351	-2.59149	72.8666	
0.901882	0.0185894	-0.431582	0.0567216	0.985328	0.160973	0.428242	-0.169658	0.887595	15.5706	-2.75431	73.7832	
0.896927	0.0206604	-0.441695	0.0666746	0.981167	0.181287	0.437122	-0.192051	0.878658	16.0153	-2.94019	74.6909	
0.891872	0.0229872	-0.451702	0.0768285	0.976494	0.201389	0.445714	-0.214317	0.869142	16.469	-3.14903	75.5891	
0.886721	0.0255682	-0.461598	0.0871767	0.971309	0.221266	0.454011	-0.236442	0.859051	16.9314	-3.38069	76.4772	
0.881476	0.0284017	-0.471374	0.0977123	0.965618	0.240904	0.462009	-0.25841	0.848393	17.4021	-3.635	77.3547	
0.876141	0.0314857	-0.481026	0.108428	0.959423	0.260291	0.469702	-0.280208	0.837176	17.8809	-3.91181	78.221	
0.87072	0.0348183	-0.490545	0.119318	0.952728	0.279413	0.477085	-0.301821	0.825405	18.3675	-4.21092	79.0754	
0.865216	0.0383973	-0.499927	0.130373	0.945539	0.298258	0.484153	-0.323235	0.81309	18.8615	-4.53215	79.9174	
0.859633	0.0422202	-0.509165	0.141588	0.93786	0.316814	0.490901	-0.344435	0.800238	19.3626	-4.87527	80.7466	
0.853975	0.0462847	-0.518252	0.152954	0.929696	0.335068	0.497325	-0.365408	0.786857	19.8705	-5.24008	81.5622	
0.848244	0.0505879	-0.527183	0.164464	0.921052	0.353008	0.503421	-0.38614	0.772957	20.3848	-5.62631	82.3638	
0.842446	0.0551271	-0.535952	0.176111	0.911934	0.370623	0.509185	-0.406617	0.758547	20.9052	-6.03372	83.1509	
0.836584	0.0598992	-0.544554	0.187886	0.902348	0.3879	0.514612	-0.426825	0.743636	21.4313	-6.46204	83.9229	
0.830662	0.0649012	-0.552981	0.199782	0.892301	0.404829	0.5197	-0.446752	0.728234	21.9629	-6.91099	84.6793	
0.824684	0.0701296	-0.56123	0.211791	0.881799	0.421398	0.524444	-0.466383	0.712352	22.4995	-7.38026	85.4196	
0.818653	0.0755811	-0.569294	0.223906	0.870848	0.437596	0.528842	-0.485707	0.695999	23.0408	-7.86956	86.1434	
0.812573	0.0812521	-0.577168	0.236117	0.859457	0.453412	0.532892	-0.50471	0.679187	23.5864	-8.37855	86.8501	
0.80645	0.0871387	-0.584847	0.248418	0.847632	0.468837	0.536589	-0.52338	0.661926	24.136	-8.9069	87.5394	
0.800286	0.0932372	-0.592326	0.260799	0.835382	0.48386	0.539932	-0.541704	0.644228	24.6893	-9.45427	88.2106	
0.794085	0.0995435	-0.599599	0.273254	0.822715	0.498471	0.542919	-0.559671	0.626105	25.2458	-10.0203	88.8635	
0.787853	0.106053	-0.606663	0.285773	0.809638	0.51266	0.545547	-0.577268	0.607569	25.8052	-10.6046	89.4975	
0.781593	0.112763	-0.613512	0.298348	0.796161	0.526418	0.547815	-0.594484	0.588631	26.3671	-11.2068	90.1122	
0.775308	0.119667	-0.620143	0.310971	0.782293	0.539736	0.549722	-0.611308	0.569305	26.9311	-11.8264	90.7073	
0.769004	0.126761	-0.626549	0.323634	0.768042	0.552605	0.551265	-0.627728	0.549603	27.4969	-12.4632	91.2823	
0.762685	0.134042	-0.632728	0.336328	0.753418	0.565017	0.552445	-0.643734	0.529539	28.0641	-13.1166	91.8369	
0.756354	0.141503	-0.638675	0.349046	0.738431	0.576963	0.55326	-0.659315	0.509124	28.6324	-13.7863	92.3707	
