1	0	0	0	1	0	0	0	1	0	0	0	
0.999998	-2.04509e-06	-0.00219808	-2.04509e-06	0.999998	-0.00186079	0.00219808	0.00186079	0.999996	0.00101689	0.000860852	0.925251	
0.99999	-8.20883e-06	-0.00440396	-8.20754e-06	0.999993	-0.0037276	0.00440396	0.0037276	0.999983	0.00407117	0.00344619	1.85049	
0.999978	-1.85333e-05	-0.00661756	-1.85281e-05	0.999984	-0.00560035	0.00661756	0.00560035	0.999962	0.00917002	0.00776155	2.77572	
0.999961	-3.306e-05	-0.00883877	-3.3047e-05	0.999972	-0.00747895	0.00883877	0.00747895	0.999933	0.0163205	0.0138124	3.70093	
0.999939	-5.183e-05	-0.0110675	-5.1804e-05	0.999956	-0.00936333	0.0110675	0.00936333	0.999895	0.0255297	0.0216041	4.6261	
0.999911	-7.48842e-05	-0.0133037	-7.48385e-05	0.999937	-0.0112534	0.0133037	0.0112534	0.999848	0.0368044	0.0311419	5.55124	
0.999879	-0.000102262	-0.0155472	-0.000102189	0.999914	-0.0131491	0.0155472	0.0131491	0.999793	0.0501516	0.0424311	6.47632	
0.999842	-0.000134005	-0.0177979	-0.000133894	0.999887	-0.0150502	0.0177979	0.0150502	0.999728	0.0655779	0.0554769	7.40135	
0.999799	-0.00017015	-0.0200558	-0.000169992	0.999856	-0.0169569	0.0200558	0.0169569	0.999655	0.08309	0.0702842	8.32632	
0.999751	-0.000210737	-0.0223207	-0.000210519	0.999822	-0.0188688	0.0223207	0.0188688	0.999573	0.102695	0.0868581	9.25122	
0.999698	-0.000255804	-0.0245926	-0.000255513	0.999784	-0.0207861	0.0245926	0.0207861	0.999481	0.124398	0.105204	10.176	
0.999639	-0.00030539	-0.0268714	-0.000305009	0.999742	-0.0227085	0.0268714	0.0227085	0.999381	0.148207	0.125325	11.1008	
0.999575	-0.00035953	-0.0291569	-0.000359044	0.999696	-0.0246361	0.0291569	0.0246361	0.999271	0.174127	0.147228	12.0254	
0.999505	-0.000418261	-0.0314491	-0.000417652	0.999647	-0.0265686	0.0314491	0.0265686	0.999152	0.202165	0.170917	12.9499	
0.99943	-0.000481621	-0.0337479	-0.000480869	0.999594	-0.0285061	0.0337479	0.0285061	0.999024	0.232327	0.196396	13.8743	
0.99935	-0.000549645	-0.0360531	-0.000548729	0.999536	-0.0304485	0.0360531	0.0304485	0.998886	0.264618	0.22367	14.7986	
0.999264	-0.000622367	-0.0383647	-0.000621265	0.999475	-0.0323956	0.0383648	0.0323956	0.998739	0.299046	0.252743	15.7228	
0.999172	-0.000699823	-0.0406827	-0.000698511	0.99941	-0.0343474	0.0406827	0.0343473	0.998582	0.335615	0.28362	16.6468	
0.999074	-0.000782047	-0.0430068	-0.000780498	0.99934	-0.0363038	0.0430068	0.0363037	0.998415	0.374332	0.316305	17.5706	
0.998971	-0.000869072	-0.045337	-0.00086726	0.999267	-0.0382647	0.045337	0.0382646	0.998239	0.415203	0.350803	18.4943	
0.998863	-0.000960931	-0.0476731	-0.000958828	0.99919	-0.04023	0.0476732	0.0402299	0.998053	0.458232	0.387116	19.4179	
0.998748	-0.00105766	-0.0500152	-0.00105523	0.999109	-0.0421997	0.0500153	0.0421996	0.997857	0.503425	0.42525	20.3412	
0.998627	-0.00115928	-0.0523631	-0.0011565	0.999023	-0.0441736	0.0523632	0.0441735	0.997651	0.550788	0.465209	21.2644	
0.998501	-0.00126584	-0.0547167	-0.00126267	0.998934	-0.0461517	0.0547168	0.0461516	0.997435	0.600326	0.506996	22.1874	
0.998369	-0.00137736	-0.0570759	-0.00137377	0.99884	-0.0481339	0.057076	0.0481338	0.997209	0.652044	0.550615	23.1102	
0.998231	-0.00149387	-0.0594406	-0.00148982	0.998742	-0.0501201	0.0594407	0.05012	0.996973	0.705948	0.596069	24.0327	
0.998087	-0.0016154	-0.0618107	-0.00161085	0.99864	-0.0521102	0.0618108	0.05211	0.996727	0.762042	0.643364	24.9551	
0.997936	-0.00174198	-0.0641862	-0.00173689	0.998534	-0.0541041	0.0641863	0.054104	0.99647	0.820332	0.692501	25.8772	
0.99778	-0.00187364	-0.0665668	-0.00186798	0.998423	-0.0561018	0.0665669	0.0561016	0.996204	0.880822	0.743485	26.799	
0.997618	-0.00201041	-0.0689525	-0.00200412	0.998309	-0.0581032	0.0689527	0.058103	0.995926	0.943517	0.796319	27.7207	
0.997449	-0.00215232	-0.0713433	-0.00214536	0.99819	-0.0601081	0.0713435	0.0601078	0.995639	1.00842	0.851007	28.642	
0.997275	-0.00229939	-0.073739	-0.00229171	0.998066	-0.0621165	0.0737392	0.0621162	0.995341	1.07554	0.907551	29.5631	
0.997094	-0.00245164	-0.0761395	-0.00244321	0.997939	-0.0641283	0.0761398	0.064128	0.995033	1.14488	0.965955	30.4839	
0.996907	-0.00260912	-0.0785447	-0.00259987	0.997807	-0.0661435	0.078545	0.0661431	0.994714	1.21644	1.02622	31.4044	
0.996714	-0.00277183	-0.0809546	-0.00276172	0.99767	-0.0681619	0.0809549	0.0681615	0.994384	1.29023	1.08835	32.3246	
0.996514	-0.00293981	-0.0833689	-0.00292878	0.99753	-0.0701834	0.0833693	0.070183	0.994044	1.36625	1.15236	33.2445	
0.996309	-0.00311308	-0.0857877	-0.00310107	0.997385	-0.072208	0.0857881	0.0722075	0.993693	1.44451	1.21823	34.1641	
0.996096	-0.00329166	-0.0882108	-0.00327862	0.997235	-0.0742356	0.0882113	0.074235	0.993332	1.525	1.28598	35.0833	
0.995878	-0.00347558	-0.0906381	-0.00346145	0.997081	-0.0762661	0.0906387	0.0762654	0.992959	1.60774	1.3556	36.0023	
0.995653	-0.00366485	-0.0930696	-0.00364958	0.996923	-0.0782994	0.0930702	0.0782987	0.992576	1.69273	1.42711	36.9208	
0.995421	-0.00385951	-0.0955051	-0.00384303	0.99676	-0.0803354	0.0955058	0.0803346	0.992182	1.77997	1.5005	37.839	
0.995184	-0.00405957	-0.0979445	-0.00404181	0.996593	-0.0823741	0.0979452	0.0823732	0.991777	1.86947	1.57577	38.7568	
0.994939	-0.00426505	-0.100388	-0.00424595	0.996422	-0.0844153	0.100389	0.0844143	0.991361	1.96122	1.65293	39.6743	
0.994688	-0.00447598	-0.102835	-0.00445547	0.996245	-0.0864589	0.102836	0.0864579	0.990934	2.05524	1.73198	40.5914	
0.994431	-0.00469237	-0.105285	-0.00467038	0.996065	-0.088505	0.105286	0.0885038	0.990496	2.15152	1.81292	41.508	
0.994167	-0.00491424	-0.107739	-0.0048907	0.99588	-0.0905534	0.10774	0.0905521	0.990047	2.25007	1.89576	42.4243	
0.993896	-0.00514161	-0.110197	-0.00511645	0.99569	-0.092604	0.110198	0.0926026	0.989586	2.3509	1.98049	43.3401	
0.993619	-0.0053745	-0.112658	-0.00534764	0.995496	-0.0946567	0.112659	0.0946551	0.989115	2.454	2.06712	44.2555	
0.993336	-0.00561292	-0.115122	-0.0055843	0.995297	-0.0967114	0.115123	0.0967098	0.988632	2.55938	2.15565	45.1705	
0.993045	-0.00585689	-0.117589	-0.00582642	0.995093	-0.0987681	0.117591	0.0987663	0.988138	2.66704	2.24608	46.085	
0.992748	-0.00610644	-0.120059	-0.00607403	0.994885	-0.100827	0.120061	0.100825	0.987633	2.77698	2.33842	46.999	
0.992444	-0.00636156	-0.122533	-0.00632715	0.994673	-0.102887	0.122534	0.102885	0.987117	2.88921	2.43266	47.9126	
0.992134	-0.00662229	-0.125009	-0.00658578	0.994456	-0.104949	0.12501	0.104947	0.986589	3.00373	2.52881	48.8257	
0.991816	-0.00688862	-0.127487	-0.00684994	0.994234	-0.107013	0.127489	0.10701	0.98605	3.12054	2.62687	49.7383	
0.991492	-0.00716059	-0.129969	-0.00711963	0.994008	-0.109078	0.129971	0.109075	0.9855	3.23965	2.72683	50.6504	
0.991161	-0.00743819	-0.132452	-0.00739488	0.993777	-0.111145	0.132455	0.111142	0.984938	3.36106	2.82871	51.5619	
0.990824	-0.00772144	-0.134939	-0.00767569	0.993541	-0.113213	0.134941	0.11321	0.984365	3.48476	2.9325	52.473	
0.990479	-0.00801035	-0.137427	-0.00796207	0.993301	-0.115282	0.13743	0.115279	0.98378	3.61077	3.03821	53.3835	
0.990128	-0.00830495	-0.139918	-0.00825403	0.993056	-0.117353	0.139921	0.117349	0.983184	3.73908	3.14583	54.2935	
0.98977	-0.00860522	-0.142411	-0.00855158	0.992806	-0.119425	0.142415	0.119421	0.982577	3.8697	3.25537	55.2029	
0.989405	-0.00891119	-0.144906	-0.00885472	0.992552	-0.121497	0.14491	0.121493	0.981958	4.00262	3.36682	56.1117	
0.988543	-0.00962849	-0.150632	-0.00929415	0.992187	-0.124415	0.150653	0.12439	0.98073	4.13936	3.48057	57.0197	
0.987647	-0.010363	-0.156353	-0.00975129	0.991812	-0.127334	0.156393	0.127285	0.979459	4.2814	3.597	57.9266	
0.986717	-0.0111149	-0.162069	-0.0102261	0.991428	-0.130252	0.162128	0.130179	0.978145	4.42876	3.71611	58.8322	
0.985753	-0.0118839	-0.167781	-0.0107187	0.991035	-0.13317	0.167859	0.133071	0.976788	4.58142	3.8379	59.7366	
0.984755	-0.0126702	-0.173486	-0.0112289	0.990633	-0.136087	0.173585	0.135961	0.975389	4.73938	3.96236	60.6398	
0.983723	-0.0134737	-0.179186	-0.0117568	0.990222	-0.139003	0.179306	0.138847	0.973946	4.90264	4.0895	61.5416	
0.982657	-0.0142944	-0.184879	-0.0123024	0.989802	-0.141918	0.185022	0.141731	0.97246	5.07119	4.2193	62.442	
0.981558	-0.0151323	-0.190566	-0.0128656	0.989373	-0.144831	0.190732	0.144611	0.970932	5.24502	4.35177	63.3411	
0.980425	-0.0159873	-0.196245	-0.0134464	0.988935	-0.147741	0.196436	0.147488	0.969361	5.42414	4.4869	64.2387	
0.979257	-0.0168594	-0.201917	-0.0140447	0.988487	-0.15065	0.202133	0.150361	0.967747	5.60853	4.6247	65.1349	
0.978057	-0.0177487	-0.207582	-0.0146606	0.988031	-0.153555	0.207823	0.153229	0.96609	5.79818	4.76514	66.0295	
0.976822	-0.018655	-0.213238	-0.015294	0.987566	-0.156457	0.213506	0.156092	0.964391	5.9931	4.90824	66.9226	
0.975554	-0.0195784	-0.218886	-0.0159448	0.987093	-0.159355	0.219181	0.15895	0.96265	6.19327	5.05399	67.8141	
0.974252	-0.0205187	-0.224525	-0.0166129	0.98661	-0.16225	0.224848	0.161802	0.960866	6.39869	5.20238	68.704	
0.972917	-0.021476	-0.230155	-0.0172984	0.986118	-0.16514	0.230507	0.164649	0.95904	6.60935	5.35341	69.5922	
0.971548	-0.0224502	-0.235776	-0.0180012	0.985618	-0.168025	0.236157	0.167489	0.957171	6.82525	5.50706	70.4787	
0.966029	-0.0262536	-0.257098	-0.0194715	0.984605	-0.173705	0.257701	0.172811	0.950645	7.05373	5.6645	71.3614	
0.960029	-0.0301748	-0.278269	-0.0210697	0.983561	-0.179345	0.279107	0.178039	0.943611	7.30208	5.82682	72.2377	
0.953553	-0.0342119	-0.299278	-0.0227949	0.982485	-0.184941	0.300363	0.183173	0.936071	7.57017	5.99393	73.1074	
0.946603	-0.0383626	-0.320112	-0.0246462	0.981379	-0.190491	0.321459	0.188209	0.928031	7.85785	6.16575	73.9698	
0.939183	-0.0426248	-0.34076	-0.0266226	0.980244	-0.195992	0.342382	0.193144	0.919494	8.16498	6.34218	74.8245	
0.931298	-0.0469961	-0.361213	-0.028723	0.97908	-0.20144	0.363123	0.197976	0.910465	8.49138	6.52313	75.6711	
0.922952	-0.0514742	-0.381458	-0.0309464	0.977887	-0.206833	0.383669	0.202701	0.90095	8.83688	6.70851	76.5092	
0.914149	-0.0560568	-0.401485	-0.0332915	0.976666	-0.212168	0.40401	0.207319	0.890952	9.2013	6.8982	77.3382	
0.904893	-0.0607413	-0.421283	-0.035757	0.975418	-0.217442	0.424135	0.211825	0.880477	9.58443	7.09212	78.1578	
0.89519	-0.0655253	-0.440842	-0.0383417	0.974144	-0.222652	0.444033	0.216218	0.869531	9.98609	7.29015	78.9674	
0.885045	-0.0704062	-0.460151	-0.0410442	0.972844	-0.227795	0.463693	0.220495	0.85812	10.406	7.49219	79.7667	
0.874463	-0.0753814	-0.4792	-0.043863	0.971518	-0.23287	0.483105	0.224655	0.84625	10.8441	7.69814	80.5552	
0.86345	-0.0804482	-0.497978	-0.0467967	0.970169	-0.237872	0.502259	0.228694	0.833927	11.3	7.90788	81.3325	
0.852012	-0.085604	-0.516476	-0.0498436	0.968795	-0.242799	0.521144	0.232611	0.821158	11.7734	8.1213	82.0983	
0.840155	-0.0908459	-0.534684	-0.0530021	0.967399	-0.247649	0.53975	0.236403	0.80795	12.2642	8.33829	82.852	
0.827885	-0.0961711	-0.552591	-0.0562705	0.96598	-0.25242	0.558068	0.240069	0.794309	12.7722	8.55873	83.5932	
0.815209	-0.101577	-0.570189	-0.0596471	0.96454	-0.257108	0.576087	0.243607	0.780244	13.2969	8.7825	84.3217	
0.802134	-0.10706	-0.587468	-0.0631301	0.96308	-0.26171	0.593797	0.247014	0.765761	13.8381	9.00948	85.037	
0.788667	-0.112618	-0.604418	-0.0667176	0.961599	-0.266226	0.61119	0.250289	0.750868	14.3956	9.23956	85.7386	
0.774814	-0.118248	-0.621032	-0.0704077	0.960099	-0.270651	0.628256	0.25343	0.735573	14.969	9.4726	86.4263	
0.760584	-0.123947	-0.637298	-0.0741984	0.958581	-0.274984	0.644986	0.256435	0.719885	15.5581	9.70849	87.0997	
0.745984	-0.129711	-0.65321	-0.0780877	0.957046	-0.279223	0.66137	0.259303	0.703812	16.1625	9.9471	87.7583	
