1	0	0	0	1	0	0	0	1	0	0	0	
0.999992	-4.2789e-06	-0.00411165	-4.2789e-06	0.999998	-0.00208134	0.00411165	0.00208134	0.999989	0.00170592	0.000863549	0.829795	
0.999966	-1.71185e-05	-0.00822337	-1.71233e-05	0.999991	-0.00416387	0.00822337	0.00416387	0.999958	0.00682372	0.00345469	1.65957	
0.999924	-3.85242e-05	-0.0123351	-3.85432e-05	0.99998	-0.00624754	0.0123351	0.00624754	0.999904	0.0153534	0.00777438	2.48931	
0.999865	-6.85011e-05	-0.0164466	-6.85485e-05	0.999965	-0.00833229	0.0164466	0.00833229	0.99983	0.0272949	0.0138236	3.319	
0.999789	-0.000107054	-0.0205579	-0.000107149	0.999946	-0.0104181	0.0205579	0.0104181	0.999734	0.0426481	0.0216031	4.14862	
0.999696	-0.000154188	-0.024669	-0.000154354	0.999922	-0.0125049	0.024669	0.0125049	0.999617	0.0614127	0.0311138	4.97815	
0.999586	-0.000209906	-0.0287796	-0.000210172	0.999894	-0.0145926	0.0287796	0.0145926	0.999479	0.0835885	0.0423565	5.80758	
0.999459	-0.000274214	-0.0328897	-0.000274612	0.999861	-0.0166812	0.0328897	0.0166812	0.99932	0.109175	0.0553321	6.63688	
0.999315	-0.000347115	-0.0369991	-0.000347684	0.999824	-0.0187707	0.0369991	0.0187707	0.999139	0.138172	0.0700411	7.46604	
0.999155	-0.000428612	-0.0411079	-0.000429395	0.999782	-0.020861	0.0411079	0.020861	0.998937	0.170578	0.0864842	8.29504	
0.998977	-0.00051871	-0.0452159	-0.000519753	0.999736	-0.022952	0.0452159	0.022952	0.998714	0.206394	0.104662	9.12386	
0.998783	-0.00061741	-0.049323	-0.000618767	0.999686	-0.0250437	0.049323	0.0250437	0.998469	0.245618	0.124576	9.9525	
0.998571	-0.000724717	-0.0534291	-0.000726443	0.999631	-0.027136	0.0534291	0.0271361	0.998203	0.28825	0.146225	10.7809	
0.998343	-0.000840632	-0.0575341	-0.00084279	0.999572	-0.029229	0.0575341	0.0292291	0.997916	0.334289	0.169611	11.6091	
0.998098	-0.000965158	-0.061638	-0.000967814	0.999509	-0.0313225	0.061638	0.0313226	0.997607	0.383733	0.194734	12.437	
0.997836	-0.0010983	-0.0657406	-0.00110152	0.999441	-0.0334165	0.0657405	0.0334166	0.997277	0.436583	0.221594	13.2647	
0.997557	-0.00124005	-0.0698418	-0.00124392	0.999369	-0.035511	0.0698417	0.0355111	0.996926	0.492836	0.250192	14.0921	
0.997262	-0.00139042	-0.0739415	-0.00139502	0.999292	-0.0376059	0.0739414	0.0376061	0.996553	0.552491	0.280529	14.9192	
0.996949	-0.00154941	-0.0780397	-0.00155482	0.99921	-0.0397011	0.0780396	0.0397013	0.996159	0.615548	0.312603	15.746	
0.99662	-0.00171702	-0.0821362	-0.00172333	0.999125	-0.0417967	0.0821361	0.0417969	0.995744	0.682005	0.346417	16.5724	
0.996273	-0.00189325	-0.086231	-0.00190055	0.999034	-0.0438925	0.0862308	0.0438928	0.995308	0.75186	0.38197	17.3985	
0.99591	-0.0020781	-0.0903239	-0.0020865	0.99894	-0.0459885	0.0903237	0.0459888	0.99485	0.825113	0.419261	18.2242	
0.99553	-0.00227157	-0.0944149	-0.00228117	0.998841	-0.0480846	0.0944147	0.0480851	0.994371	0.901761	0.458293	19.0496	
0.995134	-0.00247366	-0.0985038	-0.00248457	0.998737	-0.0501809	0.0985036	0.0501814	0.993871	0.981802	0.499063	19.8745	
0.99472	-0.00268437	-0.102591	-0.0026967	0.998629	-0.0522772	0.10259	0.0522779	0.993349	1.06524	0.541574	20.699	
0.99429	-0.00290371	-0.106675	-0.00291758	0.998516	-0.0543736	0.106675	0.0543743	0.992806	1.15206	0.585824	21.523	
0.993843	-0.00313166	-0.110758	-0.0031472	0.998399	-0.0564699	0.110757	0.0564707	0.992242	1.24227	0.631813	22.3466	
0.993379	-0.00336824	-0.114837	-0.00338556	0.998278	-0.0585661	0.114837	0.0585671	0.991656	1.33587	0.679542	23.1697	
0.992898	-0.00361343	-0.118915	-0.00363268	0.998152	-0.0606622	0.118914	0.0606633	0.99105	1.43285	0.729011	23.9924	
0.9924	-0.00386724	-0.12299	-0.00388855	0.998021	-0.0627581	0.122989	0.0627594	0.990422	1.53322	0.780219	24.8145	
0.991886	-0.00412967	-0.127062	-0.00415318	0.997886	-0.0648537	0.127061	0.0648552	0.989772	1.63697	0.833166	25.6361	
0.991355	-0.00440071	-0.131131	-0.00442657	0.997747	-0.0669491	0.13113	0.0669508	0.989102	1.74409	0.887853	26.4571	
0.990808	-0.00468036	-0.135197	-0.00470872	0.997602	-0.0690441	0.135196	0.069046	0.98841	1.85459	0.944278	27.2776	
0.990243	-0.00496862	-0.139261	-0.00499964	0.997454	-0.0711387	0.13926	0.0711409	0.987697	1.96846	1.00244	28.0975	
0.989662	-0.00526549	-0.143321	-0.00529933	0.997301	-0.0732329	0.14332	0.0732354	0.986963	2.0857	1.06234	28.9167	
0.989065	-0.00557097	-0.147378	-0.00560778	0.997143	-0.0753267	0.147377	0.0753294	0.986208	2.20631	1.12398	29.7354	
0.98845	-0.00588505	-0.151432	-0.00592501	0.996981	-0.0774198	0.151431	0.0774229	0.985431	2.33029	1.18736	30.5534	
0.987819	-0.00620772	-0.155483	-0.00625101	0.996814	-0.0795124	0.155481	0.0795158	0.984633	2.45762	1.25247	31.3708	
0.987171	-0.006539	-0.15953	-0.00658579	0.996643	-0.0816044	0.159528	0.0816082	0.983814	2.58832	1.31932	32.1875	
0.986507	-0.00687886	-0.163574	-0.00692934	0.996467	-0.0836957	0.163571	0.0836999	0.982974	2.72238	1.38791	33.0035	
0.985826	-0.00722731	-0.167614	-0.00728167	0.996287	-0.0857862	0.167611	0.0857908	0.982113	2.85978	1.45823	33.8189	
0.985129	-0.00758435	-0.17165	-0.00764277	0.996102	-0.087876	0.171647	0.0878811	0.981231	3.00054	1.53029	34.6335	
0.984415	-0.00794996	-0.175682	-0.00801265	0.995913	-0.0899649	0.175679	0.0899705	0.980328	3.14465	1.60408	35.4473	
0.983684	-0.00832415	-0.179711	-0.0083913	0.995719	-0.092053	0.179708	0.0920591	0.979403	3.2921	1.6796	36.2604	
0.982937	-0.00870692	-0.183735	-0.00877874	0.99552	-0.0941401	0.183732	0.0941468	0.978457	3.44289	1.75686	37.0727	
0.982174	-0.00909824	-0.187756	-0.00917494	0.995317	-0.0962262	0.187752	0.0962335	0.977491	3.59702	1.83585	37.8842	
0.981394	-0.00949813	-0.191772	-0.00957993	0.99511	-0.0983113	0.191768	0.0983192	0.976503	3.75448	1.91657	38.6949	
0.980597	-0.00990657	-0.195784	-0.00999368	0.994897	-0.100395	0.19578	0.100404	0.975494	3.91527	1.99902	39.5048	
0.979784	-0.0103236	-0.199792	-0.0104162	0.994681	-0.102478	0.199787	0.102488	0.974465	4.07939	2.0832	40.3139	
0.978955	-0.0107491	-0.203795	-0.0108475	0.994459	-0.10456	0.20379	0.10457	0.973414	4.24684	2.16911	41.122	
0.978109	-0.0111832	-0.207793	-0.0112876	0.994234	-0.10664	0.207788	0.106651	0.972342	4.4176	2.25674	41.9293	
0.977247	-0.0116258	-0.211787	-0.0117364	0.994003	-0.10872	0.211781	0.108731	0.97125	4.59168	2.3461	42.7357	
0.976368	-0.0120769	-0.215777	-0.012194	0.993768	-0.110797	0.21577	0.11081	0.970136	4.76907	2.43719	43.5412	
0.975473	-0.0125365	-0.219761	-0.0126604	0.993529	-0.112874	0.219754	0.112888	0.969002	4.94977	2.53	44.3458	
0.974562	-0.0130047	-0.223741	-0.0131355	0.993285	-0.114949	0.223733	0.114964	0.967847	5.13377	2.62454	45.1494	
0.973634	-0.0134813	-0.227715	-0.0136194	0.993036	-0.117022	0.227707	0.117038	0.96667	5.32107	2.7208	45.952	
0.972333	-0.0141556	-0.23317	-0.0147205	0.992465	-0.121637	0.233135	0.121704	0.964798	5.51228	2.81985	46.7534	
0.971	-0.0148568	-0.238619	-0.015847	0.991873	-0.126241	0.238555	0.126361	0.962873	5.70798	2.92277	47.5531	
0.969635	-0.0155848	-0.24406	-0.016999	0.991259	-0.130834	0.243966	0.13101	0.960894	5.90818	3.02956	48.3513	
0.968238	-0.0163397	-0.249495	-0.0181764	0.990622	-0.135415	0.249368	0.135649	0.958861	6.11287	3.14019	49.1478	
0.96681	-0.0171213	-0.254922	-0.0193791	0.989964	-0.139986	0.25476	0.14028	0.956775	6.32203	3.25468	49.9426	
0.96535	-0.0179298	-0.26034	-0.020607	0.989284	-0.144544	0.260142	0.144901	0.954636	6.53566	3.373	50.7357	
0.963859	-0.0187649	-0.26575	-0.0218602	0.988582	-0.149091	0.265513	0.149512	0.952444	6.75376	3.49515	51.5269	
0.962337	-0.0196268	-0.271151	-0.0231386	0.987858	-0.153625	0.270874	0.154113	0.950198	6.9763	3.62113	52.3163	
0.960783	-0.0205153	-0.276542	-0.0244421	0.987113	-0.158147	0.276223	0.158705	0.9479	7.20329	3.75091	53.1039	
0.959198	-0.0214303	-0.281923	-0.0257706	0.986346	-0.162657	0.281559	0.163286	0.945549	7.43472	3.88451	53.8894	
0.957581	-0.0223719	-0.287293	-0.0271241	0.985558	-0.167154	0.286884	0.167856	0.943145	7.67057	4.0219	54.6731	
0.955934	-0.02334	-0.292653	-0.0285025	0.984748	-0.171639	0.292195	0.172417	0.940688	7.91083	4.16308	55.4547	
0.954256	-0.0243344	-0.298	-0.0299058	0.983916	-0.17611	0.297493	0.176966	0.93818	8.15549	4.30804	56.2342	
0.952546	-0.0253552	-0.303336	-0.0313339	0.983063	-0.180568	0.302777	0.181504	0.935619	8.40454	4.45677	57.0117	
0.950806	-0.0264023	-0.30866	-0.0327867	0.982189	-0.185012	0.308047	0.186031	0.933006	8.65797	4.60926	57.7869	
0.949035	-0.0274756	-0.313971	-0.0342642	0.981294	-0.189443	0.313303	0.190546	0.930341	8.91577	4.7655	58.5601	
0.947233	-0.028575	-0.319268	-0.0357664	0.980377	-0.19386	0.318543	0.19505	0.927624	9.17792	4.92548	59.3309	
0.945401	-0.0297005	-0.324552	-0.037293	0.979439	-0.198263	0.323767	0.199542	0.924856	9.44442	5.0892	60.0995	
0.943539	-0.0308519	-0.329821	-0.0388441	0.97848	-0.202652	0.328976	0.204022	0.922036	9.71524	5.25664	60.8658	
0.941646	-0.0320292	-0.335076	-0.0404196	0.9775	-0.207026	0.334168	0.208489	0.919165	9.99038	5.42779	61.6297	
0.939724	-0.0332324	-0.340316	-0.0420194	0.976499	-0.211386	0.339343	0.212944	0.916243	10.2698	5.60264	62.3912	
0.937771	-0.0344612	-0.345541	-0.0436435	0.975477	-0.215731	0.344501	0.217387	0.91327	10.5536	5.78119	63.1503	
0.935788	-0.0357157	-0.350749	-0.0452917	0.974434	-0.220061	0.349641	0.221816	0.910246	10.8416	5.96341	63.9069	
0.933776	-0.0369957	-0.355941	-0.0469641	0.97337	-0.224376	0.354764	0.226233	0.907172	11.1338	6.14931	64.6609	
0.931734	-0.0383012	-0.361116	-0.0486605	0.972286	-0.228675	0.359867	0.230636	0.904048	11.4303	6.33886	65.4124	
0.929662	-0.0396319	-0.366274	-0.0503808	0.971181	-0.232959	0.364951	0.235026	0.900874	11.731	6.53207	66.1613	
0.927562	-0.0409879	-0.371415	-0.052125	0.970055	-0.237227	0.370016	0.239403	0.897649	12.036	6.72891	66.9075	
0.925432	-0.042369	-0.376537	-0.0538929	0.968908	-0.241479	0.375061	0.243765	0.894375	12.3451	6.92938	67.651	
0.923273	-0.0437751	-0.381641	-0.0556846	0.967741	-0.245715	0.380086	0.248114	0.891052	12.6584	7.13346	68.3918	
0.921086	-0.0452061	-0.386726	-0.0574999	0.966554	-0.249935	0.38509	0.252449	0.88768	12.9759	7.34114	69.1298	
0.916827	-0.0480559	-0.396382	-0.0643689	0.961957	-0.265509	0.394061	0.268941	0.878855	13.2992	7.55747	69.8627	
0.912471	-0.0510854	-0.405939	-0.0713945	0.957071	-0.280924	0.402863	0.285317	0.869653	13.6298	7.78744	70.5882	
0.90802	-0.0542932	-0.415393	-0.0785738	0.951897	-0.296173	0.411492	0.30157	0.860076	13.9677	8.03095	71.3059	
0.903476	-0.057678	-0.424741	-0.0859037	0.946438	-0.31125	0.419943	0.317694	0.850129	14.3127	8.28789	72.0155	
0.89884	-0.0612382	-0.433978	-0.093381	0.940695	-0.326148	0.428213	0.333681	0.839816	14.6646	8.55815	72.7166	
0.894115	-0.0649725	-0.4431	-0.101003	0.934672	-0.340862	0.4363	0.349524	0.829142	15.0233	8.84163	73.4091	
0.889302	-0.0688791	-0.452103	-0.108765	0.928371	-0.355384	0.444198	0.365217	0.818111	15.3886	9.13818	74.0926	
0.884404	-0.0729565	-0.460984	-0.116665	0.921794	-0.369708	0.451905	0.380752	0.806727	15.7604	9.44769	74.7668	
0.879423	-0.0772027	-0.469739	-0.124699	0.914946	-0.383829	0.459418	0.396124	0.794997	16.1386	9.77003	75.4313	
0.874361	-0.0816161	-0.478364	-0.132864	0.907827	-0.39774	0.466734	0.411326	0.782925	16.5228	10.1051	76.086	
0.86922	-0.0861947	-0.486855	-0.141156	0.900442	-0.411435	0.473848	0.42635	0.770515	16.9131	10.4526	76.7306	
0.864002	-0.0909365	-0.495208	-0.149572	0.892794	-0.424908	0.480758	0.441191	0.757774	17.3092	10.8126	77.3647	
0.85871	-0.0958395	-0.50342	-0.158108	0.884886	-0.438154	0.487462	0.455842	0.744707	17.7109	11.1848	77.9881	
