1	0	0	0	1	0	0	0	1	0	0	0	
0.999989	-2.63587e-06	0.00459819	-2.63587e-06	0.999999	0.00114648	-0.00459819	-0.00114648	0.999989	-0.0022573	-0.000562816	0.981815	
0.999958	-1.05533e-05	0.00920023	-1.05548e-05	0.999997	0.00229425	-0.00920023	-0.00229425	0.999955	-0.00903108	-0.0022519	1.96361	
0.999905	-2.37669e-05	0.0138059	-2.37731e-05	0.999994	0.00344327	-0.0138059	-0.00344327	0.999899	-0.020325	-0.00506851	2.94536	
0.99983	-4.22912e-05	0.0184152	-4.23067e-05	0.999989	0.00459351	-0.0184152	-0.00459351	0.99982	-0.0361427	-0.00901384	3.92704	
0.999735	-6.61399e-05	0.0230277	-6.61709e-05	0.999983	0.00574491	-0.0230277	-0.00574491	0.999718	-0.0564874	-0.0140891	4.90863	
0.999618	-9.53266e-05	0.0276434	-9.53809e-05	0.999976	0.00689744	-0.0276434	-0.00689744	0.999594	-0.0813624	-0.0202953	5.89011	
0.999479	-0.000129864	0.0322621	-0.000129951	0.999968	0.00805105	-0.0322621	-0.00805105	0.999447	-0.110771	-0.0276337	6.87146	
0.99932	-0.000169766	0.0368836	-0.000169896	0.999958	0.0092057	-0.0368836	-0.0092057	0.999277	-0.144715	-0.0361052	7.85266	
0.999138	-0.000215043	0.0415077	-0.00021523	0.999946	0.0103613	-0.0415077	-0.0103614	0.999084	-0.183198	-0.0457109	8.83367	
0.998935	-0.000265708	0.0461343	-0.000265965	0.999934	0.0115179	-0.0461343	-0.011518	0.998869	-0.226222	-0.0564517	9.81449	
0.998711	-0.000321772	0.0507632	-0.000322115	0.99992	0.0126755	-0.0507632	-0.0126755	0.99863	-0.27379	-0.0683284	10.7951	
0.998464	-0.000383247	0.0553941	-0.000383692	0.999904	0.0138338	-0.0553941	-0.0138338	0.998369	-0.325904	-0.0813421	11.7754	
0.998197	-0.000450142	0.0600271	-0.000450709	0.999887	0.014993	-0.0600271	-0.014993	0.998084	-0.382565	-0.0954935	12.7555	
0.997907	-0.000522467	0.0646617	-0.000523177	0.999869	0.016153	-0.0646617	-0.016153	0.997776	-0.443776	-0.110783	13.7353	
0.997596	-0.000600234	0.069298	-0.000601108	0.99985	0.0173137	-0.069298	-0.0173138	0.997446	-0.509539	-0.127213	14.7148	
0.997263	-0.00068345	0.0739357	-0.000684512	0.999829	0.0184751	-0.0739357	-0.0184752	0.997092	-0.579853	-0.144782	15.6939	
0.996908	-0.000772125	0.0785747	-0.000773401	0.999807	0.0196372	-0.0785746	-0.0196372	0.996715	-0.654722	-0.163492	16.6727	
0.996531	-0.000866268	0.0832147	-0.000867783	0.999783	0.0207999	-0.0832146	-0.0207999	0.996315	-0.734146	-0.183343	17.6511	
0.996133	-0.000965886	0.0878556	-0.00096767	0.999758	0.0219631	-0.0878555	-0.0219632	0.995891	-0.818126	-0.204335	18.6291	
0.995712	-0.00107099	0.0924972	-0.00107307	0.999732	0.0231268	-0.0924972	-0.0231269	0.995444	-0.906663	-0.226471	19.6066	
0.99527	-0.00118158	0.0971394	-0.00118399	0.999704	0.0242911	-0.0971394	-0.0242912	0.994974	-0.999758	-0.249749	20.5838	
0.994806	-0.00129767	0.101782	-0.00130044	0.999675	0.0254557	-0.101782	-0.0254559	0.994481	-1.09741	-0.27417	21.5604	
0.99432	-0.00141926	0.106425	-0.00142243	0.999645	0.0266208	-0.106425	-0.026621	0.993964	-1.19962	-0.299735	22.5366	
0.993812	-0.00154636	0.111068	-0.00154997	0.999613	0.0277862	-0.111067	-0.0277864	0.993424	-1.30639	-0.326444	23.5122	
0.993282	-0.00167898	0.11571	-0.00168306	0.999579	0.0289519	-0.11571	-0.0289522	0.992861	-1.41772	-0.354298	24.4873	
0.99273	-0.00181712	0.120353	-0.00182171	0.999545	0.0301179	-0.120352	-0.0301182	0.992274	-1.5336	-0.383296	25.4618	
0.992156	-0.00196079	0.124994	-0.00196593	0.999509	0.0312841	-0.124994	-0.0312844	0.991664	-1.65405	-0.413439	26.4357	
0.991559	-0.00210998	0.129636	-0.00211573	0.999471	0.0324504	-0.129636	-0.0324508	0.991031	-1.77905	-0.444727	27.4091	
0.990941	-0.00226471	0.134276	-0.0022711	0.999432	0.0336169	-0.134276	-0.0336174	0.990374	-1.9086	-0.477161	28.3817	
0.990301	-0.00242498	0.138915	-0.00243205	0.999392	0.0347835	-0.138915	-0.034784	0.989693	-2.04272	-0.51074	29.3538	
0.989639	-0.00259079	0.143554	-0.00259859	0.99935	0.0359502	-0.143554	-0.0359507	0.988989	-2.18138	-0.545464	30.3251	
0.988955	-0.00276214	0.148191	-0.00277073	0.999307	0.0371168	-0.14819	-0.0371174	0.988262	-2.3246	-0.581334	31.2958	
0.988249	-0.00293904	0.152826	-0.00294847	0.999263	0.0382834	-0.152826	-0.0382841	0.987511	-2.47237	-0.618349	32.2657	
0.98752	-0.00312149	0.15746	-0.0031318	0.999217	0.0394499	-0.157459	-0.0394507	0.986737	-2.6247	-0.65651	33.2349	
0.98677	-0.00330949	0.162091	-0.00332074	0.999169	0.0406163	-0.162091	-0.0406172	0.985939	-2.78157	-0.695816	34.2033	
0.985998	-0.00350304	0.166721	-0.00351529	0.999121	0.0417825	-0.166721	-0.0417835	0.985118	-2.94298	-0.736268	35.1709	
0.985203	-0.00370215	0.171349	-0.00371545	0.99907	0.0429485	-0.171349	-0.0429496	0.984274	-3.10895	-0.777864	36.1377	
0.984387	-0.0039068	0.175974	-0.00392122	0.999019	0.0441142	-0.175974	-0.0441155	0.983406	-3.27945	-0.820605	37.1037	
0.983549	-0.00411702	0.180597	-0.0041326	0.998966	0.0452797	-0.180597	-0.0452811	0.982514	-3.45449	-0.864491	38.0687	
0.982688	-0.00433278	0.185217	-0.0043496	0.998911	0.0464448	-0.185217	-0.0464463	0.981599	-3.63408	-0.909521	39.033	
0.981806	-0.0045541	0.189834	-0.00457221	0.998856	0.0476095	-0.189834	-0.0476112	0.980661	-3.81819	-0.955695	39.9962	
0.980901	-0.00478097	0.194448	-0.00480044	0.998798	0.0487738	-0.194448	-0.0487757	0.979699	-4.00684	-1.00301	40.9586	
0.979975	-0.00501338	0.199059	-0.00503429	0.99874	0.0499376	-0.199059	-0.0499397	0.978714	-4.20002	-1.05147	41.92	
0.979026	-0.00525135	0.203667	-0.00527376	0.99868	0.0511009	-0.203666	-0.0511032	0.977706	-4.39772	-1.10108	42.8804	
0.978056	-0.00549486	0.208271	-0.00551884	0.998618	0.0522637	-0.20827	-0.0522662	0.976674	-4.59994	-1.15182	43.8399	
0.977063	-0.00574392	0.212871	-0.00576953	0.998555	0.0534258	-0.212871	-0.0534286	0.975619	-4.80668	-1.20371	44.7983	
0.976049	-0.00599852	0.217468	-0.00602584	0.998491	0.0545873	-0.217467	-0.0545903	0.97454	-5.01794	-1.25673	45.7556	
0.975013	-0.00625865	0.22206	-0.00628776	0.998425	0.0557481	-0.222059	-0.0557514	0.973438	-5.23371	-1.3109	46.7119	
0.973955	-0.00652432	0.226648	-0.00655529	0.998358	0.0569082	-0.226648	-0.0569118	0.972313	-5.45398	-1.36621	47.6671	
0.972875	-0.00679552	0.231232	-0.00682842	0.998289	0.0580676	-0.231231	-0.0580714	0.971164	-5.67876	-1.42266	48.6212	
0.971773	-0.00707224	0.235812	-0.00710716	0.998219	0.0592261	-0.235811	-0.0592303	0.969992	-5.90804	-1.48024	49.5741	
0.970649	-0.00735449	0.240386	-0.0073915	0.998148	0.0603838	-0.240385	-0.0603883	0.968797	-6.14181	-1.53896	50.5259	
0.969504	-0.00764225	0.244956	-0.00768144	0.998075	0.0615405	-0.244955	-0.0615454	0.967579	-6.38006	-1.59882	51.4764	
0.968337	-0.00793551	0.249521	-0.00797697	0.998001	0.0626964	-0.249519	-0.0627016	0.966338	-6.62281	-1.65982	52.4258	
0.967148	-0.00823428	0.25408	-0.00827808	0.997925	0.0638512	-0.254079	-0.0638569	0.965073	-6.87003	-1.72194	53.374	
0.965938	-0.00853855	0.258634	-0.00858478	0.997848	0.065005	-0.258633	-0.0650111	0.963786	-7.12172	-1.78521	54.3209	
0.964705	-0.00884831	0.263183	-0.00889706	0.99777	0.0661578	-0.263182	-0.0661643	0.962475	-7.37789	-1.8496	55.2665	
0.963451	-0.00916355	0.267726	-0.00921491	0.99769	0.0673095	-0.267724	-0.0673165	0.961141	-7.63851	-1.91513	56.2108	
0.962176	-0.00948427	0.272263	-0.00953833	0.997608	0.06846	-0.272261	-0.0684675	0.959784	-7.9036	-1.98179	57.1538	
0.960879	-0.00981045	0.276794	-0.0098673	0.997526	0.0696093	-0.276792	-0.0696173	0.958405	-8.17313	-2.04957	58.0955	
0.959561	-0.0101421	0.281319	-0.0102018	0.997441	0.0707574	-0.281317	-0.0707659	0.957002	-8.44712	-2.11849	59.0358	
0.958221	-0.0104792	0.285838	-0.0105419	0.997356	0.0719042	-0.285836	-0.0719133	0.955576	-8.72554	-2.18853	59.9747	
0.956859	-0.0108217	0.29035	-0.0108875	0.997269	0.0730497	-0.290348	-0.0730594	0.954128	-9.00839	-2.2597	60.9122	
0.956032	-0.0110349	0.293055	-0.0121346	0.996947	0.0771265	-0.293011	-0.0772915	0.95298	-9.29477	-2.33351	61.8484	
0.955196	-0.0112605	0.29576	-0.0133937	0.996608	0.0812006	-0.295671	-0.0815238	0.951805	-9.58376	-2.41147	62.7835	
0.954352	-0.0114983	0.298464	-0.0146648	0.99625	0.0852716	-0.298326	-0.085756	0.950604	-9.87536	-2.49359	63.7174	
0.953499	-0.0117484	0.301169	-0.0159477	0.995874	0.0893389	-0.300975	-0.0899874	0.949377	-10.1696	-2.57987	64.6501	
0.952637	-0.0120108	0.303872	-0.0172423	0.995479	0.0934019	-0.30362	-0.0942176	0.948123	-10.4664	-2.6703	65.5816	
0.951768	-0.0122855	0.306573	-0.0185484	0.995067	0.0974603	-0.306258	-0.098446	0.946844	-10.7658	-2.76488	66.5119	
0.95089	-0.0125724	0.309273	-0.019866	0.994636	0.101513	-0.30889	-0.102672	0.94554	-11.0677	-2.86361	67.4408	
0.950005	-0.0128714	0.311969	-0.0211948	0.994187	0.105561	-0.311514	-0.106895	0.94421	-11.3723	-2.96649	68.3685	
0.949112	-0.0131826	0.314663	-0.0225346	0.99372	0.109602	-0.314131	-0.111115	0.942855	-11.6794	-3.07351	69.2949	
0.948211	-0.0135058	0.317352	-0.0238854	0.993235	0.113637	-0.31674	-0.115332	0.941474	-11.9891	-3.18467	70.22	
0.952166	-0.0119031	0.30535	-0.0303984	0.990595	0.133405	-0.304067	-0.136306	0.942849	-12.2939	-3.30821	71.145	
0.955957	-0.0100336	0.293335	-0.0366436	0.987516	0.153197	-0.29121	-0.157199	0.943655	-12.5862	-3.4523	72.0712	
0.959584	-0.00789864	0.281312	-0.0426172	0.983999	0.173	-0.278177	-0.177997	0.943893	-12.8657	-3.61686	72.9978	
0.963043	-0.0054994	0.26929	-0.0483155	0.980047	0.192802	-0.264978	-0.198687	0.943563	-13.1323	-3.80179	73.9245	
0.966334	-0.00283736	0.257276	-0.0537353	0.975663	0.212591	-0.251618	-0.219258	0.942663	-13.386	-4.00697	74.8505	
0.969453	8.59011e-05	0.245277	-0.0588731	0.970848	0.232355	-0.238107	-0.239697	0.941196	-13.6264	-4.23229	75.7753	
0.972399	0.0032686	0.2333	-0.0637259	0.965605	0.252082	-0.224452	-0.259992	0.939162	-13.8535	-4.4776	76.6985	
0.975171	0.00670883	0.221353	-0.0682908	0.959939	0.271761	-0.210662	-0.280129	0.936562	-14.0671	-4.74277	77.6193	
0.977766	0.0104045	0.209443	-0.072565	0.953852	0.291379	-0.196746	-0.300098	0.933398	-14.2671	-5.02762	78.5373	
0.980182	0.0143534	0.197576	-0.076546	0.947347	0.310925	-0.18271	-0.319887	0.929672	-14.4534	-5.33199	79.452	
0.98242	0.0185532	0.185761	-0.0802313	0.94043	0.330387	-0.168565	-0.339482	0.925385	-14.6258	-5.6557	80.3627	
0.984476	0.0230013	0.174003	-0.0836187	0.933103	0.349753	-0.154318	-0.358873	0.920541	-14.7843	-5.99854	81.2689	
0.986351	0.027695	0.162311	-0.0867063	0.925372	0.369011	-0.139978	-0.378048	0.915143	-14.9288	-6.36032	82.1701	
0.988042	0.0326315	0.150691	-0.089492	0.917241	0.388151	-0.125554	-0.396995	0.909193	-15.0592	-6.74082	83.0657	
0.989549	0.0378079	0.139151	-0.0919743	0.908714	0.40716	-0.111054	-0.415703	0.902695	-15.1753	-7.1398	83.9553	
0.990871	0.043221	0.127696	-0.0941517	0.899798	0.426027	-0.0964877	-0.43416	0.895653	-15.2772	-7.55703	84.8381	
0.992007	0.0488675	0.116335	-0.0960228	0.890498	0.44474	-0.0818628	-0.452356	0.888072	-15.3648	-7.99225	85.7138	
0.992956	0.0547442	0.105074	-0.0975866	0.880818	0.463289	-0.0671887	-0.470279	0.879956	-15.438	-8.4452	86.5818	
0.993719	0.0608473	0.0939195	-0.098842	0.870765	0.481662	-0.052474	-0.48792	0.87131	-15.4967	-8.91561	87.4416	
0.994293	0.0671732	0.0828785	-0.0997883	0.860346	0.499848	-0.0377277	-0.505266	0.862139	-15.541	-9.4032	88.2926	
0.99468	0.0737182	0.0719577	-0.100425	0.849565	0.517836	-0.0229588	-0.522307	0.852448	-15.5708	-9.90767	89.1343	
0.994878	0.0804783	0.0611635	-0.100752	0.83843	0.535615	-0.00817594	-0.539034	0.842244	-15.5861	-10.4287	89.9663	
0.994888	0.0874494	0.0505026	-0.100768	0.826948	0.553175	0.00661181	-0.555437	0.831533	-15.5868	-10.966	90.788	
0.99471	0.0946273	0.0399814	-0.100474	0.815125	0.570505	0.0213956	-0.571504	0.82032	-15.5731	-11.5193	91.599	
0.994343	0.102008	0.0296061	-0.0998703	0.802968	0.587595	0.0361664	-0.587228	0.808613	-15.5448	-12.0881	92.3987	
0.993788	0.109586	0.019383	-0.0989567	0.790486	0.604434	0.0509155	-0.602597	0.79642	-15.5021	-12.6723	93.1866	
