1	0	0	0	1	0	0	0	1	0	0	0	
0.999991	2.51612e-08	0.00425817	2.51612e-08	1	-1.18178e-05	-0.00425817	1.18178e-05	0.999991	-0.0016237	4.50628e-06	0.762624	
0.999964	1.06445e-07	0.0085165	1.18035e-07	1	-2.63578e-05	-0.0085165	2.63579e-05	0.999964	-0.00649485	1.90632e-05	1.52523	
0.999918	2.55452e-07	0.0127749	3.01814e-07	1	-4.362e-05	-0.0127749	4.36203e-05	0.999918	-0.0146136	4.57468e-05	2.28782	
0.999855	4.83782e-07	0.0170333	5.99692e-07	1	-6.36041e-05	-0.0170333	6.3605e-05	0.999855	-0.0259798	8.66333e-05	3.05036	
0.999773	8.03039e-07	0.0212916	1.03487e-06	1	-8.63095e-05	-0.0212916	8.6312e-05	0.999773	-0.0405937	0.000143799	3.81284	
0.999674	1.22482e-06	0.0255498	1.63053e-06	1	-0.000111736	-0.0255498	0.000111741	0.999674	-0.0584549	0.000219319	4.57526	
0.999556	1.76074e-06	0.0298077	2.40989e-06	1	-0.000139882	-0.0298077	0.000139892	0.999556	-0.0795635	0.00031527	5.33759	
0.99942	2.4224e-06	0.0340652	3.39613e-06	1	-0.000170748	-0.0340652	0.000170764	0.99942	-0.103919	0.000433728	6.09983	
0.999265	3.2214e-06	0.0383223	4.61245e-06	1	-0.000204331	-0.0383223	0.000204358	0.999265	-0.131521	0.000576767	6.86196	
0.999093	4.16934e-06	0.042579	6.08203e-06	1	-0.000240632	-0.042579	0.000240673	0.999093	-0.16237	0.000746463	7.62396	
0.998903	5.27782e-06	0.046835	7.82807e-06	1	-0.000279648	-0.046835	0.000279708	0.998903	-0.196465	0.000944891	8.38582	
0.998694	6.55846e-06	0.0510903	9.87373e-06	1	-0.000321378	-0.0510903	0.000321462	0.998694	-0.233805	0.00117413	9.14753	
0.998467	8.02284e-06	0.0553449	1.22422e-05	1	-0.00036582	-0.0553449	0.000365937	0.998467	-0.274391	0.00143624	9.90908	
0.998222	9.68256e-06	0.0595987	1.49566e-05	1	-0.000412972	-0.0595987	0.00041313	0.998222	-0.31822	0.00173331	10.6704	
0.997959	1.15492e-05	0.0638515	1.80402e-05	1	-0.000462833	-0.0638515	0.000463041	0.997959	-0.365293	0.0020674	11.4316	
0.997678	1.36344e-05	0.0681033	2.1516e-05	1	-0.0005154	-0.0681033	0.000515669	0.997678	-0.41561	0.0024406	12.1926	
0.997379	1.59497e-05	0.0723541	2.54072e-05	1	-0.000570671	-0.0723541	0.000571014	0.997379	-0.469168	0.00285497	12.9533	
0.997062	1.85068e-05	0.0766036	2.9737e-05	1	-0.000628644	-0.0766036	0.000629074	0.997061	-0.525967	0.00331258	13.7138	
0.996726	2.13171e-05	0.0808519	3.45284e-05	1	-0.000689315	-0.0808519	0.00068985	0.996726	-0.586007	0.0038155	14.4741	
0.996373	2.43923e-05	0.0850989	3.98045e-05	1	-0.000752682	-0.0850989	0.000753339	0.996372	-0.649287	0.00436581	15.2341	
0.996001	2.77439e-05	0.0893444	4.55884e-05	1	-0.000818741	-0.0893444	0.00081954	0.996	-0.715804	0.00496557	15.9938	
0.995611	3.13836e-05	0.0935884	5.19032e-05	1	-0.000887491	-0.0935884	0.000888453	0.995611	-0.785559	0.00561685	16.7532	
0.995203	3.53228e-05	0.0978308	5.87718e-05	1	-0.000958927	-0.0978308	0.000960077	0.995203	-0.85855	0.00632172	17.5124	
0.994777	3.95731e-05	0.102072	6.62175e-05	0.999999	-0.00103305	-0.102072	0.00103441	0.994777	-0.934775	0.00708225	18.2712	
0.994333	4.41462e-05	0.106311	7.42631e-05	0.999999	-0.00110985	-0.106311	0.00111145	0.994332	-1.01423	0.00790049	19.0296	
0.993871	4.90535e-05	0.110548	8.29316e-05	0.999999	-0.00118932	-0.110548	0.0011912	0.99387	-1.09693	0.00877852	19.7878	
0.993391	5.43065e-05	0.114783	9.2246e-05	0.999999	-0.00127147	-0.114783	0.00127365	0.99339	-1.18285	0.00971841	20.5455	
0.992892	5.99169e-05	0.119016	0.000102229	0.999999	-0.00135628	-0.119016	0.00135881	0.992891	-1.272	0.0107222	21.3029	
0.992376	6.58961e-05	0.123247	0.000112904	0.999999	-0.00144376	-0.123247	0.00144667	0.992375	-1.36438	0.011792	22.0599	
0.991842	7.22557e-05	0.127476	0.000124294	0.999999	-0.0015339	-0.127476	0.00153723	0.99184	-1.45998	0.0129298	22.8165	
0.991289	7.90071e-05	0.131703	0.000136421	0.999999	-0.00162669	-0.131703	0.00163049	0.991288	-1.55881	0.0141377	23.5727	
0.990719	8.6162e-05	0.135927	0.000149309	0.999999	-0.00172213	-0.135927	0.00172644	0.990717	-1.66086	0.0154177	24.3285	
0.99013	9.37316e-05	0.140149	0.000162979	0.999998	-0.00182022	-0.140149	0.0018251	0.990129	-1.76613	0.016772	25.0838	
0.989524	0.000101728	0.144369	0.000177456	0.999998	-0.00192095	-0.144369	0.00192644	0.989522	-1.87462	0.0182025	25.8387	
0.9889	0.000110162	0.148586	0.000192762	0.999998	-0.00202431	-0.148585	0.00203048	0.988897	-1.98633	0.0197113	26.5931	
0.988257	0.000119045	0.1528	0.000208918	0.999998	-0.0021303	-0.1528	0.00213721	0.988255	-2.10125	0.0213005	27.347	
0.987597	0.000128389	0.157011	0.000225949	0.999997	-0.00223892	-0.157011	0.00224663	0.987594	-2.21939	0.0229721	28.1004	
0.986919	0.000138205	0.16122	0.000243877	0.999997	-0.00235015	-0.16122	0.00235873	0.986916	-2.34073	0.0247282	28.8533	
0.986222	0.000148505	0.165425	0.000262724	0.999997	-0.002464	-0.165425	0.00247352	0.986219	-2.46529	0.0265708	29.6057	
0.985508	0.000159299	0.169628	0.000282513	0.999997	-0.00258046	-0.169628	0.00259098	0.985505	-2.59305	0.028502	30.3576	
0.984776	0.000170601	0.173828	0.000303267	0.999996	-0.00269951	-0.173827	0.00271113	0.984772	-2.72401	0.0305237	31.1089	
0.984026	0.00018242	0.178024	0.000325008	0.999996	-0.00282117	-0.178024	0.00283396	0.984022	-2.85818	0.0326381	31.8596	
0.983258	0.000194768	0.182217	0.000347758	0.999996	-0.0029454	-0.182217	0.00295946	0.983254	-2.99554	0.0348473	32.6097	
0.982473	0.000207657	0.186407	0.000371541	0.999995	-0.00307223	-0.186407	0.00308764	0.982468	-3.1361	0.0371531	33.3593	
0.981669	0.000221099	0.190594	0.000396377	0.999995	-0.00320162	-0.190593	0.00321848	0.981664	-3.27986	0.0395577	34.1082	
0.980848	0.000235103	0.194777	0.000422291	0.999994	-0.00333359	-0.194776	0.00335199	0.980842	-3.42681	0.0420631	34.8566	
0.980008	0.000249682	0.198956	0.000449303	0.999994	-0.00346811	-0.198956	0.00348817	0.980002	-3.57694	0.0446714	35.6043	
0.979151	0.000264848	0.203132	0.000477437	0.999993	-0.00360519	-0.203131	0.00362701	0.979145	-3.73026	0.0473845	36.3513	
0.978277	0.00028061	0.207304	0.000506714	0.999993	-0.00374482	-0.207303	0.00376851	0.978269	-3.88677	0.0502045	37.0977	
0.977384	0.000296982	0.211472	0.000537157	0.999992	-0.00388699	-0.211471	0.00391267	0.977376	-4.04645	0.0531334	37.8434	
0.976474	0.000313973	0.215636	0.000568788	0.999992	-0.00403169	-0.215636	0.00405949	0.976465	-4.20931	0.0561733	38.5885	
0.975546	0.000331595	0.219796	0.000601629	0.999991	-0.00417891	-0.219796	0.00420895	0.975537	-4.37535	0.0593262	39.3328	
0.9746	0.00034986	0.223953	0.000635701	0.99999	-0.00432865	-0.223952	0.00436107	0.97459	-4.54456	0.0625941	40.0764	
0.974002	0.000364692	0.226539	0.00118827	0.999977	-0.00671874	-0.226536	0.00681326	0.973979	-4.71633	0.066855	40.8194	
0.973395	0.00038611	0.229132	0.00174908	0.999957	-0.00911545	-0.229125	0.00927371	0.973353	-4.89008	0.0729892	41.5619	
0.97278	0.000414175	0.23173	0.00231814	0.999931	-0.0115185	-0.231719	0.0117421	0.972712	-5.06581	0.0810028	42.304	
0.972156	0.000448943	0.234335	0.00289544	0.999899	-0.0139276	-0.234317	0.0142183	0.972056	-5.24351	0.0909019	43.0456	
0.971523	0.000490472	0.236945	0.00348099	0.99986	-0.0163425	-0.23692	0.0167019	0.971386	-5.4232	0.102692	43.7866	
0.970881	0.000538815	0.239561	0.00407478	0.999816	-0.0187628	-0.239527	0.0191926	0.9707	-5.60488	0.116379	44.5272	
0.970231	0.000594024	0.242182	0.00467679	0.999765	-0.0211885	-0.242137	0.0216903	0.97	-5.78854	0.131968	45.2672	
0.969572	0.000656149	0.244807	0.00528703	0.999707	-0.023619	-0.244751	0.0241947	0.969284	-5.9742	0.149465	46.0067	
0.968904	0.000725238	0.247438	0.00590548	0.999643	-0.0260543	-0.247368	0.0267054	0.968553	-6.16185	0.168874	46.7456	
0.968227	0.000801336	0.250072	0.00653212	0.999573	-0.028494	-0.249988	0.0292222	0.967808	-6.3515	0.1902	47.484	
0.967541	0.000884488	0.252711	0.00716694	0.999496	-0.0309379	-0.252611	0.0317449	0.967047	-6.54315	0.213447	48.2217	
0.966847	0.000974733	0.255354	0.00780992	0.999412	-0.0333857	-0.255236	0.0342731	0.966271	-6.7368	0.238621	48.9589	
0.966144	0.00107211	0.258	0.00846105	0.999322	-0.0358371	-0.257864	0.0368067	0.96548	-6.93245	0.265725	49.6955	
0.965433	0.00117666	0.26065	0.0091203	0.999225	-0.0382919	-0.260493	0.0393454	0.964674	-7.13011	0.294763	50.4315	
0.964712	0.00128842	0.263303	0.00978765	0.999121	-0.0407497	-0.263125	0.0418889	0.963852	-7.32977	0.325738	51.1669	
0.963983	0.00140741	0.265959	0.0104631	0.999011	-0.0432105	-0.265757	0.0444369	0.963015	-7.53144	0.358655	51.9017	
0.963246	0.00153367	0.268618	0.0111465	0.998894	-0.0456738	-0.268391	0.0469893	0.962163	-7.73512	0.393518	52.6357	
0.962499	0.00166722	0.271279	0.011838	0.99877	-0.0481395	-0.271026	0.0495457	0.961296	-7.94081	0.430328	53.3692	
0.961744	0.0018081	0.273942	0.0125375	0.99864	-0.0506073	-0.273661	0.0521058	0.960414	-8.1485	0.469089	54.102	
0.960981	0.00195632	0.276608	0.0132449	0.998503	-0.0530769	-0.276297	0.0546695	0.959516	-8.35821	0.509804	54.8341	
0.960209	0.00211191	0.279274	0.0139602	0.998358	-0.0555481	-0.278933	0.0572365	0.958603	-8.56993	0.552475	55.5655	
0.959429	0.00227488	0.281943	0.0146834	0.998207	-0.0580206	-0.281569	0.0598065	0.957675	-8.78365	0.597105	56.2962	
0.95864	0.00244524	0.284612	0.0154145	0.99805	-0.0604943	-0.284205	0.0623793	0.956732	-8.99939	0.643696	57.0262	
0.957842	0.00262303	0.287282	0.0161533	0.997885	-0.0629687	-0.28684	0.0649546	0.955774	-9.21714	0.69225	57.7554	
0.957037	0.00280823	0.289953	0.0168999	0.997713	-0.0654437	-0.289474	0.0675322	0.954801	-9.43689	0.742769	58.4839	
0.956223	0.00300087	0.292624	0.0176542	0.997535	-0.0679191	-0.292107	0.0701119	0.953812	-9.65866	0.795255	59.2117	
0.955401	0.00320095	0.295296	0.0184161	0.997349	-0.0703946	-0.294738	0.0726933	0.952809	-9.88243	0.849709	59.9387	
0.95457	0.00340848	0.297967	0.0191856	0.997157	-0.07287	-0.297368	0.0752762	0.951791	-10.1082	0.906131	60.665	
0.953732	0.00362345	0.300637	0.0199627	0.996958	-0.0753449	-0.299996	0.0778604	0.950758	-10.336	0.964524	61.3905	
0.952885	0.00384586	0.303308	0.0207473	0.996752	-0.0778193	-0.302622	0.0804456	0.94971	-10.5658	1.02489	62.1151	
0.95203	0.00407572	0.305977	0.0215393	0.996539	-0.0802928	-0.305245	0.0830317	0.948647	-10.7976	1.08722	62.839	
0.951168	0.00431301	0.308645	0.0223388	0.996319	-0.0827652	-0.307865	0.0856183	0.94757	-11.0314	1.15153	63.5621	
0.950297	0.00455773	0.311311	0.0231455	0.996092	-0.0852362	-0.310483	0.0882052	0.946478	-11.2671	1.21781	64.2843	
0.949419	0.00480986	0.313976	0.0239595	0.995858	-0.0877057	-0.313098	0.0907922	0.945371	-11.5049	1.28607	65.0057	
0.948533	0.0050694	0.316639	0.0247806	0.995618	-0.0901734	-0.315709	0.0933789	0.94425	-11.7447	1.3563	65.7262	
0.947639	0.00533633	0.3193	0.0256089	0.99537	-0.0926391	-0.318316	0.0959653	0.943115	-11.9865	1.4285	66.4459	
0.946737	0.00561063	0.321958	0.0264443	0.995116	-0.0951025	-0.320919	0.098551	0.941965	-12.2302	1.50267	67.1647	
0.945828	0.00589229	0.324614	0.0272866	0.994855	-0.0975634	-0.323518	0.101136	0.940801	-12.4759	1.57881	67.8826	
0.944912	0.00618126	0.327266	0.0281358	0.994587	-0.100022	-0.326113	0.103719	0.939624	-12.7236	1.65692	68.5997	
0.943988	0.00647755	0.329916	0.0289919	0.994313	-0.102477	-0.328703	0.106302	0.938432	-12.9733	1.73701	69.3158	
0.943057	0.0067811	0.332562	0.0298547	0.994032	-0.104929	-0.331288	0.108882	0.937226	-13.225	1.81906	70.031	
0.946249	0.00563674	0.323391	0.0351974	0.992116	-0.120281	-0.32152	0.125198	0.93859	-13.4739	1.90832	70.7463	
0.949344	0.00433307	0.314209	0.0403792	0.989933	-0.135652	-0.311634	0.141468	0.939612	-13.7154	2.01001	71.4625	
0.952342	0.00287057	0.305019	0.0453983	0.987485	-0.151038	-0.301635	0.157687	0.940293	-13.9492	2.12408	72.1794	
0.955242	0.00124978	0.295823	0.0502528	0.984772	-0.166432	-0.291526	0.173848	0.940632	-14.1754	2.25051	72.8966	
0.958042	-0.000528728	0.286626	0.054941	0.981794	-0.181828	-0.281312	0.189947	0.94063	-14.3938	2.38923	73.614	
