1	0	0	0	1	0	0	0	1	0	0	0	
0.999993	-4.40835e-06	-0.00382716	-4.40835e-06	0.999997	-0.0023037	0.00382716	0.0023037	0.99999	0.00152024	0.000915084	0.794442	
0.999971	-1.76341e-05	-0.00765298	-1.76474e-05	0.999989	-0.00461007	0.00765298	0.00461007	0.99996	0.00608041	0.00366139	1.58887	
0.999934	-3.96814e-05	-0.0114774	-3.97345e-05	0.999976	-0.00691904	0.0114774	0.00691904	0.99991	0.0136794	0.00824102	2.38326	
0.999883	-7.05542e-05	-0.0153002	-7.06869e-05	0.999957	-0.00923057	0.0153002	0.00923057	0.99984	0.0243161	0.014656	3.17761	
0.999817	-0.000110256	-0.0191215	-0.000110522	0.999933	-0.0115446	0.0191215	0.0115446	0.999751	0.0379892	0.0229084	3.97189	
0.999737	-0.000158791	-0.0229411	-0.000159256	0.999904	-0.0138611	0.0229411	0.0138611	0.999641	0.0546974	0.0330001	4.7661	
0.999642	-0.000216162	-0.026759	-0.000216905	0.999869	-0.01618	0.026759	0.01618	0.999511	0.0744394	0.0449331	5.5602	
0.999532	-0.000282371	-0.030575	-0.000283486	0.999829	-0.0185013	0.030575	0.0185013	0.999361	0.0972138	0.0587094	6.3542	
0.999408	-0.000357422	-0.0343891	-0.000359016	0.999783	-0.0208249	0.0343891	0.0208249	0.999192	0.123019	0.0743306	7.14807	
0.99927	-0.000441318	-0.0382012	-0.000443509	0.999732	-0.0231507	0.0382012	0.0231508	0.999002	0.151854	0.0917988	7.9418	
0.999117	-0.00053406	-0.0420112	-0.000536981	0.999675	-0.0254788	0.0420112	0.0254788	0.998792	0.183716	0.111116	8.73537	
0.99895	-0.000635651	-0.0458191	-0.000639449	0.999613	-0.027809	0.045819	0.0278091	0.998563	0.218604	0.132283	9.52877	
0.998768	-0.000746093	-0.0496247	-0.000750926	0.999545	-0.0301413	0.0496246	0.0301414	0.998313	0.256516	0.155302	10.322	
0.998571	-0.000865386	-0.053428	-0.000871427	0.999472	-0.0324757	0.0534279	0.0324759	0.998043	0.297451	0.180175	11.115	
0.998361	-0.000993533	-0.0572289	-0.00100097	0.999393	-0.0348121	0.0572288	0.0348123	0.997754	0.341406	0.206903	11.9077	
0.998135	-0.00113054	-0.0610273	-0.00113956	0.999309	-0.0371504	0.0610272	0.0371507	0.997444	0.38838	0.235489	12.7003	
0.997896	-0.00127639	-0.0648232	-0.00128723	0.999219	-0.0394907	0.064823	0.0394911	0.997115	0.438371	0.265933	13.4926	
0.997642	-0.00143111	-0.0686164	-0.00144397	0.999124	-0.0418328	0.0686162	0.0418333	0.996766	0.491376	0.298236	14.2846	
0.997374	-0.00159468	-0.0724069	-0.00160981	0.999022	-0.0441767	0.0724066	0.0441773	0.996396	0.547394	0.332402	15.0763	
0.997091	-0.00176711	-0.0761946	-0.00178476	0.998916	-0.0465224	0.0761942	0.0465231	0.996007	0.606421	0.36843	15.8677	
0.996795	-0.00194839	-0.0799795	-0.00196883	0.998803	-0.0488698	0.079979	0.0488706	0.995598	0.668457	0.406323	16.6589	
0.996484	-0.00213853	-0.0837613	-0.00216204	0.998685	-0.0512188	0.0837607	0.0512198	0.995169	0.733498	0.446081	17.4496	
0.996158	-0.00233753	-0.0875402	-0.00236439	0.998561	-0.0535694	0.0875394	0.0535706	0.99472	0.801542	0.487706	18.2401	
0.995819	-0.00254539	-0.0913159	-0.00257591	0.998432	-0.0559216	0.091315	0.055923	0.994251	0.872587	0.531199	19.0301	
0.995465	-0.0027621	-0.0950884	-0.00279659	0.998297	-0.0582753	0.0950874	0.0582769	0.993762	0.946631	0.576562	19.8198	
0.995097	-0.00298766	-0.0988576	-0.00302647	0.998156	-0.0606304	0.0988564	0.0606323	0.993253	1.02367	0.623796	20.6091	
0.994715	-0.00322208	-0.102624	-0.00326553	0.998009	-0.0629869	0.102622	0.0629891	0.992724	1.1037	0.672901	21.398	
0.994319	-0.00346534	-0.106386	-0.00351381	0.997857	-0.0653447	0.106384	0.0653473	0.992175	1.18672	0.723879	22.1864	
0.993909	-0.00371746	-0.110145	-0.0037713	0.997698	-0.0677038	0.110143	0.0677068	0.991607	1.27273	0.776731	22.9744	
0.993484	-0.00397842	-0.1139	-0.00403803	0.997534	-0.0700642	0.113898	0.0700676	0.991019	1.36173	0.831458	23.762	
0.993046	-0.00424823	-0.117652	-0.00431399	0.997364	-0.0724257	0.11765	0.0724296	0.99041	1.4537	0.888062	24.549	
0.992593	-0.00452688	-0.1214	-0.00459921	0.997189	-0.0747884	0.121397	0.0747928	0.989782	1.54866	0.946542	25.3356	
0.992127	-0.00481437	-0.125144	-0.00489369	0.997007	-0.0771521	0.125141	0.0771571	0.989134	1.64659	1.0069	26.1217	
0.991646	-0.0051107	-0.128884	-0.00519744	0.99682	-0.0795168	0.128881	0.0795225	0.988466	1.74749	1.06914	26.9072	
0.991152	-0.00541586	-0.132621	-0.00551047	0.996627	-0.0818825	0.132617	0.0818889	0.987779	1.85137	1.13325	27.6922	
0.990644	-0.00572985	-0.136353	-0.0058328	0.996428	-0.0842492	0.136348	0.0842562	0.987071	1.9582	1.19925	28.4767	
0.990122	-0.00605267	-0.140081	-0.00616442	0.996223	-0.0866167	0.140076	0.0866245	0.986344	2.06801	1.26713	29.2606	
0.989585	-0.00638431	-0.143805	-0.00650535	0.996012	-0.0889849	0.143799	0.0889937	0.985597	2.18077	1.33689	30.0439	
0.989036	-0.00672477	-0.147524	-0.0068556	0.995795	-0.091354	0.147518	0.0913637	0.98483	2.29649	1.40853	30.8266	
0.988472	-0.00707405	-0.151239	-0.00721518	0.995572	-0.0937237	0.151233	0.0937345	0.984044	2.41516	1.48205	31.6087	
0.987894	-0.00743213	-0.15495	-0.00758409	0.995343	-0.0960941	0.154943	0.096106	0.983238	2.53678	1.55746	32.3901	
0.987303	-0.00779903	-0.158657	-0.00796234	0.995109	-0.0984651	0.158648	0.0984781	0.982412	2.66134	1.63476	33.1709	
0.986698	-0.00817472	-0.162358	-0.00834995	0.994868	-0.100837	0.162349	0.100851	0.981566	2.78885	1.71393	33.9511	
0.986079	-0.00855921	-0.166055	-0.00874691	0.994621	-0.103209	0.166045	0.103224	0.980701	2.9193	1.795	34.7305	
0.985447	-0.00895248	-0.169747	-0.00915324	0.994369	-0.105581	0.169737	0.105598	0.979816	3.05268	1.87795	35.5093	
0.984801	-0.00935455	-0.173435	-0.00956894	0.99411	-0.107954	0.173423	0.107973	0.978911	3.18899	1.96278	36.2873	
0.984141	-0.00976539	-0.177117	-0.00999402	0.993845	-0.110327	0.177105	0.110347	0.977986	3.32822	2.0495	37.0646	
0.983468	-0.010185	-0.180795	-0.0104285	0.993574	-0.1127	0.180781	0.112723	0.977042	3.47039	2.13811	37.8412	
0.982781	-0.0106134	-0.184468	-0.0108723	0.993297	-0.115074	0.184453	0.115098	0.976079	3.61546	2.22861	38.6171	
0.982081	-0.0110505	-0.188135	-0.0113256	0.993015	-0.117448	0.188119	0.117474	0.975096	3.76346	2.32099	39.3921	
0.981367	-0.0114964	-0.191797	-0.0117883	0.992725	-0.119821	0.19178	0.11985	0.974093	3.91436	2.41526	40.1664	
0.98064	-0.0119511	-0.195454	-0.0122603	0.99243	-0.122195	0.195435	0.122226	0.97307	4.06817	2.51142	40.9398	
0.979899	-0.0124144	-0.199106	-0.0127418	0.992129	-0.124569	0.199085	0.124602	0.972028	4.22489	2.60946	41.7125	
0.979145	-0.0128866	-0.202752	-0.0132327	0.991822	-0.126943	0.20273	0.126978	0.970967	4.3845	2.7094	42.4843	
0.978461	-0.0133203	-0.205999	-0.0143235	0.99113	-0.132123	0.205932	0.132228	0.969592	4.54683	2.81236	43.2551	
0.977765	-0.0137727	-0.20925	-0.0154322	0.990409	-0.137299	0.209134	0.137475	0.968175	4.7117	2.91949	44.0248	
0.977056	-0.014244	-0.212504	-0.0165588	0.989661	-0.142471	0.212336	0.142721	0.966718	4.87912	3.03079	44.7934	
0.976335	-0.014734	-0.215761	-0.0177033	0.988883	-0.147638	0.215538	0.147964	0.96522	5.04908	3.14626	45.5608	
0.975601	-0.0152429	-0.21902	-0.0188656	0.988077	-0.152801	0.218738	0.153204	0.963682	5.22158	3.26589	46.327	
0.974855	-0.0157707	-0.222282	-0.0200457	0.987242	-0.157958	0.221937	0.158442	0.962102	5.39663	3.38968	47.092	
0.974096	-0.0163174	-0.225545	-0.0212437	0.986379	-0.16311	0.225134	0.163676	0.960482	5.57422	3.51764	47.8557	
0.973325	-0.016883	-0.228809	-0.0224595	0.985487	-0.168256	0.228329	0.168907	0.95882	5.75434	3.64975	48.6181	
0.972541	-0.0174676	-0.232074	-0.0236931	0.984567	-0.173395	0.231521	0.174133	0.957118	5.93701	3.78601	49.3791	
0.971745	-0.0180712	-0.235339	-0.0249444	0.983619	-0.178528	0.23471	0.179355	0.955376	6.12221	3.92642	50.1388	
0.970937	-0.0186937	-0.238605	-0.0262135	0.982641	-0.183655	0.237896	0.184572	0.953593	6.30994	4.07098	50.8971	
0.970116	-0.0193352	-0.24187	-0.0275003	0.981636	-0.188773	0.241078	0.189784	0.951769	6.5002	4.21969	51.654	
0.969283	-0.0199956	-0.245134	-0.0288047	0.980601	-0.193884	0.244256	0.19499	0.949904	6.69298	4.37253	52.4094	
0.968438	-0.0206751	-0.248397	-0.0301268	0.979539	-0.198988	0.247429	0.200191	0.947999	6.88829	4.5295	53.1632	
0.96758	-0.0213734	-0.251658	-0.0314664	0.978448	-0.204082	0.250597	0.205385	0.946054	7.08612	4.69061	53.9156	
0.96671	-0.0220907	-0.254918	-0.0328236	0.977329	-0.209169	0.253759	0.210573	0.944069	7.28646	4.85584	54.6664	
0.965829	-0.0228269	-0.258175	-0.0341983	0.976181	-0.214246	0.256916	0.215754	0.942043	7.48931	5.02518	55.4156	
0.964935	-0.0235819	-0.261429	-0.0355905	0.975005	-0.219314	0.260066	0.220928	0.939977	7.69467	5.19864	56.1632	
0.964029	-0.0243558	-0.26468	-0.037	0.973801	-0.224372	0.26321	0.226095	0.937871	7.90253	5.37621	56.9091	
0.963111	-0.0251485	-0.267927	-0.0384269	0.972569	-0.229421	0.266347	0.231253	0.935725	8.11288	5.55788	57.6534	
0.962181	-0.0259599	-0.27117	-0.0398711	0.971308	-0.234459	0.269476	0.236404	0.933539	8.32572	5.74364	58.3959	
0.96124	-0.02679	-0.274409	-0.0413326	0.970019	-0.239487	0.272598	0.241546	0.931314	8.54104	5.9335	59.1366	
0.960287	-0.0276387	-0.277643	-0.0428112	0.968703	-0.244503	0.275711	0.24668	0.929049	8.75885	6.12743	59.8756	
0.959322	-0.028506	-0.280872	-0.0443069	0.967358	-0.249509	0.278816	0.251804	0.926745	8.97912	6.32544	60.6128	
0.958345	-0.0293919	-0.284095	-0.0458196	0.965986	-0.254503	0.281912	0.256919	0.924401	9.20185	6.52752	61.3481	
0.957358	-0.0302961	-0.287313	-0.0473494	0.964586	-0.259485	0.284999	0.262024	0.922019	9.42704	6.73365	62.0816	
0.956358	-0.0312188	-0.290524	-0.048896	0.963158	-0.264456	0.288076	0.26712	0.919597	9.65468	6.94384	62.8131	
0.955348	-0.0321597	-0.293728	-0.0504595	0.961702	-0.269414	0.291143	0.272205	0.917137	9.88476	7.15808	63.5427	
0.954326	-0.0331188	-0.296926	-0.0520397	0.960218	-0.274359	0.2942	0.27728	0.914638	10.1173	7.37634	64.2703	
0.953293	-0.034096	-0.300115	-0.0536366	0.958707	-0.279291	0.297246	0.282343	0.9121	10.3522	7.59864	64.9959	
0.95225	-0.0350912	-0.303298	-0.0552501	0.957169	-0.28421	0.30028	0.287396	0.909525	10.5896	7.82495	65.7195	
0.951195	-0.0361044	-0.306471	-0.0568801	0.955603	-0.289115	0.303303	0.292437	0.906911	10.8293	8.05528	66.441	
0.95013	-0.0371353	-0.309637	-0.0585265	0.95401	-0.294007	0.306314	0.297466	0.90426	11.0715	8.2896	67.1605	
0.949053	-0.0381839	-0.312793	-0.0601892	0.952389	-0.298884	0.309313	0.302484	0.90157	11.316	8.52791	67.8778	
0.947967	-0.0392502	-0.31594	-0.0618682	0.950742	-0.303747	0.3123	0.307489	0.898844	11.5629	8.77021	68.593	
0.94687	-0.0403338	-0.319078	-0.0635633	0.949067	-0.308595	0.315273	0.312481	0.89608	11.8122	9.01648	69.306	
0.94736	-0.0398309	-0.317682	-0.0697781	0.942694	-0.32628	0.312473	0.331272	0.890292	12.0616	9.2722	70.0156	
0.947846	-0.0392987	-0.316296	-0.0759362	0.93595	-0.343847	0.30955	0.349933	0.884153	12.3087	9.5428	70.7204	
0.948328	-0.0387375	-0.314919	-0.0820352	0.928838	-0.36129	0.306504	0.368455	0.877665	12.5534	9.82817	71.4203	
0.948804	-0.0381474	-0.313553	-0.0880727	0.921361	-0.3786	0.303338	0.386833	0.870831	12.7956	10.1282	72.1149	
0.949275	-0.0375288	-0.312198	-0.0940463	0.913521	-0.395771	0.300052	0.405057	0.863653	13.0353	10.4428	72.8039	
0.949742	-0.0368818	-0.310855	-0.0999537	0.905322	-0.412798	0.296648	0.423122	0.856135	13.2724	10.7717	73.487	
0.950202	-0.0362067	-0.309523	-0.105793	0.896767	-0.429671	0.293127	0.44102	0.848279	13.5066	11.115	74.1641	
0.950658	-0.0355037	-0.308204	-0.11156	0.887859	-0.446386	0.28949	0.458744	0.840089	13.7381	11.4724	74.8348	
0.951107	-0.0347733	-0.306898	-0.117255	0.878602	-0.462936	0.285739	0.476287	0.831567	13.9666	11.8439	75.4988	
