1	0	0	0	1	0	0	0	1	0	0	0	
1	7.58124e-09	0.000132011	7.58124e-09	1	-0.000114858	-0.000132011	0.000114858	1	-5.22042e-05	4.54211e-05	0.790909	
1	3.11051e-08	0.000267398	3.11041e-08	1	-0.000232646	-0.000267398	0.000232646	1	-0.000210152	0.000182843	1.58182	
1	7.17623e-08	0.000406158	7.17582e-08	1	-0.000353361	-0.000406158	0.000353361	1	-0.000476513	0.000414583	2.37273	
1	1.30771e-07	0.000548286	1.3076e-07	1	-0.000476998	-0.000548286	0.000476998	1	-0.000853952	0.000742952	3.16364	
1	2.09377e-07	0.000693778	2.09355e-07	1	-0.000603553	-0.000693778	0.000603553	1	-0.00134513	0.00117026	3.95454	
1	3.08852e-07	0.000842629	3.08813e-07	1	-0.000733021	-0.000842629	0.000733021	0.999999	-0.00195271	0.00169881	4.74545	
1	4.30496e-07	0.000994834	4.30433e-07	1	-0.000865399	-0.000994834	0.000865399	0.999999	-0.00267934	0.00233092	5.53636	
0.999999	5.75635e-07	0.00115039	5.75538e-07	0.999999	-0.00100068	-0.00115039	0.00100068	0.999999	-0.00352768	0.00306887	6.32727	
0.999999	7.45623e-07	0.00130929	7.45481e-07	0.999999	-0.00113886	-0.00130929	0.00113886	0.999998	-0.00450037	0.00391496	7.11818	
0.999999	9.41836e-07	0.00147153	9.41637e-07	0.999999	-0.00127994	-0.00147153	0.00127994	0.999998	-0.00560006	0.00487149	7.90909	
0.999999	1.16568e-06	0.0016371	1.16541e-06	0.999999	-0.00142391	-0.0016371	0.00142391	0.999998	-0.00682938	0.00594074	8.69999	
0.999998	1.41859e-06	0.00180601	1.41823e-06	0.999999	-0.00157076	-0.00180601	0.00157076	0.999997	-0.00819098	0.007125	9.4909	
0.999998	1.70202e-06	0.00197824	1.70155e-06	0.999999	-0.0017205	-0.00197824	0.0017205	0.999997	-0.00968748	0.00842654	10.2818	
0.999998	2.01744e-06	0.00215379	2.01684e-06	0.999998	-0.00187311	-0.00215379	0.00187311	0.999996	-0.0113215	0.00984765	11.0727	
0.999997	2.36638e-06	0.00233265	2.36562e-06	0.999998	-0.00202859	-0.00233265	0.00202859	0.999995	-0.0130957	0.0113906	11.8636	
0.999997	2.75035e-06	0.00251482	2.74942e-06	0.999998	-0.00218694	-0.00251482	0.00218694	0.999994	-0.0150126	0.0130576	12.6545	
0.999996	3.17091e-06	0.00270029	3.16977e-06	0.999997	-0.00234814	-0.00270029	0.00234814	0.999994	-0.017075	0.0148511	13.4454	
0.999996	3.62966e-06	0.00288906	3.62827e-06	0.999997	-0.00251221	-0.00288906	0.00251221	0.999993	-0.0192853	0.0167731	14.2363	
0.999995	4.12818e-06	0.00308111	4.12652e-06	0.999996	-0.00267912	-0.00308111	0.00267912	0.999992	-0.0216462	0.018826	15.0272	
0.999995	4.66811e-06	0.00327646	4.66613e-06	0.999996	-0.00284887	-0.00327646	0.00284887	0.999991	-0.0241604	0.0210121	15.8181	
0.999994	5.2511e-06	0.00347508	5.24877e-06	0.999995	-0.00302146	-0.00347508	0.00302146	0.999989	-0.0268303	0.0233336	16.609	
0.999993	5.87883e-06	0.00367697	5.87609e-06	0.999995	-0.00319688	-0.00367697	0.00319688	0.999988	-0.0296586	0.0257926	17.3999	
0.999992	6.55299e-06	0.00388213	6.5498e-06	0.999994	-0.00337513	-0.00388213	0.00337513	0.999987	-0.0326479	0.0283916	18.1908	
0.999992	7.27531e-06	0.00409055	7.27162e-06	0.999994	-0.0035562	-0.00409055	0.0035562	0.999985	-0.0358007	0.0311326	18.9817	
0.999991	8.04753e-06	0.00430222	8.04328e-06	0.999993	-0.00374009	-0.00430222	0.00374009	0.999984	-0.0391197	0.0340179	19.7726	
0.99999	8.87141e-06	0.00451714	8.86654e-06	0.999992	-0.00392678	-0.00451714	0.00392678	0.999982	-0.0426073	0.0370498	20.5635	
0.999989	9.74875e-06	0.00473529	9.7432e-06	0.999992	-0.00411627	-0.00473529	0.00411627	0.99998	-0.0462662	0.0402305	21.3544	
0.999988	1.06813e-05	0.00495668	1.0675e-05	0.999991	-0.00430856	-0.00495668	0.00430856	0.999978	-0.050099	0.0435621	22.1453	
0.999987	1.1671e-05	0.0051813	1.16639e-05	0.99999	-0.00450364	-0.0051813	0.00450364	0.999976	-0.0541081	0.047047	22.9362	
0.999985	1.27197e-05	0.00540913	1.27117e-05	0.999989	-0.0047015	-0.00540913	0.0047015	0.999974	-0.0582961	0.0506872	23.7271	
0.999984	1.38291e-05	0.00564017	1.38201e-05	0.999988	-0.00490214	-0.00564017	0.00490214	0.999972	-0.0626656	0.054485	24.518	
0.999983	1.50013e-05	0.00587442	1.49912e-05	0.999987	-0.00510554	-0.00587442	0.00510554	0.99997	-0.0672191	0.0584426	25.3089	
0.999981	1.62381e-05	0.00611187	1.62269e-05	0.999986	-0.00531171	-0.00611187	0.00531171	0.999967	-0.0719591	0.0625621	26.0998	
0.99998	1.75415e-05	0.0063525	1.7529e-05	0.999985	-0.00552063	-0.0063525	0.00552063	0.999965	-0.0768882	0.0668458	26.8906	
0.999978	1.89134e-05	0.00659632	1.88995e-05	0.999984	-0.00573231	-0.00659632	0.00573231	0.999962	-0.0820089	0.0712958	27.6815	
0.999977	2.03557e-05	0.0068433	2.03404e-05	0.999982	-0.00594672	-0.0068433	0.00594672	0.999959	-0.0873237	0.0759144	28.4724	
0.999975	2.18705e-05	0.00709346	2.18536e-05	0.999981	-0.00616387	-0.00709346	0.00616387	0.999956	-0.092835	0.0807036	29.2633	
0.999973	2.34599e-05	0.00734678	2.34412e-05	0.99998	-0.00638375	-0.00734678	0.00638375	0.999953	-0.0985455	0.0856656	30.0541	
0.999971	2.51257e-05	0.00760324	2.51052e-05	0.999978	-0.00660635	-0.00760324	0.00660635	0.999949	-0.104458	0.0908026	30.845	
0.999969	2.68701e-05	0.00786285	2.68476e-05	0.999977	-0.00683166	-0.00786285	0.00683166	0.999946	-0.110574	0.0961167	31.6359	
0.999967	2.86951e-05	0.00812559	2.86705e-05	0.999975	-0.00705967	-0.00812559	0.00705967	0.999942	-0.116896	0.10161	32.4267	
0.999965	3.06028e-05	0.00839146	3.0576e-05	0.999973	-0.00729038	-0.00839146	0.00729038	0.999938	-0.123428	0.107285	33.2176	
0.999962	3.25954e-05	0.00866044	3.25661e-05	0.999972	-0.00752379	-0.00866044	0.00752379	0.999934	-0.130171	0.113143	34.0085	
0.99996	3.46748e-05	0.00893254	3.4643e-05	0.99997	-0.00775988	-0.00893254	0.00775988	0.99993	-0.137129	0.119187	34.7993	
0.999958	3.68433e-05	0.00920773	3.68088e-05	0.999968	-0.00799864	-0.00920773	0.00799864	0.999926	-0.144302	0.125419	35.5902	
0.999955	3.9103e-05	0.00948602	3.90655e-05	0.999966	-0.00824007	-0.00948602	0.00824007	0.999921	-0.151695	0.131841	36.381	
0.999952	4.1456e-05	0.00976739	4.14155e-05	0.999964	-0.00848415	-0.00976739	0.00848415	0.999916	-0.159309	0.138454	37.1719	
0.999949	4.39046e-05	0.0100518	4.38608e-05	0.999962	-0.00873089	-0.0100518	0.00873089	0.999911	-0.167146	0.145262	37.9627	
0.999947	4.64509e-05	0.0103393	4.64036e-05	0.99996	-0.00898027	-0.0103393	0.00898027	0.999906	-0.17521	0.152266	38.7535	
0.999943	4.90971e-05	0.0106299	4.90461e-05	0.999957	-0.00923229	-0.0106299	0.00923229	0.999901	-0.183502	0.159468	39.5444	
0.99994	5.18455e-05	0.0109235	5.17906e-05	0.999955	-0.00948693	-0.0109235	0.00948693	0.999895	-0.192026	0.166871	40.3352	
0.999937	5.46982e-05	0.0112202	5.46393e-05	0.999953	-0.00974419	-0.0112202	0.00974419	0.99989	-0.200783	0.174476	41.126	
0.999934	5.76576e-05	0.0115198	5.75944e-05	0.99995	-0.0100041	-0.0115198	0.0100041	0.999884	-0.209775	0.182285	41.9168	
0.99993	6.07259e-05	0.0118225	6.06581e-05	0.999947	-0.0102665	-0.0118225	0.0102665	0.999877	-0.219006	0.190302	42.7077	
0.999898	8.8399e-05	0.0142513	9.00106e-05	0.999922	-0.0125177	-0.0142513	0.0125177	0.99982	-0.229317	0.199312	43.4985	
0.999861	0.000121583	0.0166828	0.000124872	0.999891	-0.0147711	-0.0166828	0.0147711	0.999752	-0.24155	0.210103	44.2892	
0.999817	0.000160294	0.019117	0.000165259	0.999855	-0.0170268	-0.0191169	0.0170268	0.999672	-0.255707	0.222678	45.0799	
0.999768	0.000204551	0.0215537	0.000211189	0.999814	-0.0192845	-0.0215536	0.0192846	0.999582	-0.271791	0.237037	45.8705	
0.999712	0.000254368	0.0239928	0.000262675	0.999768	-0.0215443	-0.0239927	0.0215444	0.99948	-0.289802	0.253183	46.661	
0.999651	0.00030976	0.0264343	0.000319733	0.999717	-0.023806	-0.0264341	0.0238061	0.999367	-0.309744	0.271117	47.4515	
0.999583	0.000370743	0.0288779	0.000382377	0.99966	-0.0260695	-0.0288778	0.0260697	0.999243	-0.331617	0.290841	48.2418	
0.999509	0.000437329	0.0313237	0.00045062	0.999598	-0.0283348	-0.0313235	0.028335	0.999108	-0.355424	0.312356	49.0321	
0.999429	0.000509531	0.0337715	0.000524474	0.999532	-0.0306018	-0.0337713	0.030602	0.998961	-0.381166	0.335663	49.8222	
0.999344	0.000587363	0.0362212	0.000603952	0.999459	-0.0328703	-0.0362209	0.0328706	0.998803	-0.408845	0.360763	50.6123	
0.999252	0.000670834	0.0386727	0.000689064	0.999382	-0.0351402	-0.0386724	0.0351406	0.998634	-0.438462	0.387659	51.4022	
0.999154	0.000759956	0.0411259	0.00077982	0.9993	-0.0374116	-0.0411255	0.037412	0.998453	-0.470018	0.41635	52.1919	
0.99905	0.000854738	0.0435806	0.00087623	0.999212	-0.0396842	-0.0435802	0.0396847	0.998261	-0.503516	0.446838	52.9815	
0.998939	0.000955191	0.0460369	0.000978304	0.999119	-0.041958	-0.0460364	0.0419585	0.998058	-0.538955	0.479124	53.771	
0.998823	0.00106132	0.0484945	0.00108605	0.999021	-0.0442329	-0.0484939	0.0442335	0.997844	-0.576337	0.513209	54.5603	
0.9987	0.00117314	0.0509533	0.00119947	0.998917	-0.0465088	-0.0509527	0.0465095	0.997618	-0.615664	0.549094	55.3494	
0.998572	0.00129065	0.0534134	0.00131858	0.998808	-0.0487857	-0.0534127	0.0487864	0.99738	-0.656936	0.586779	56.1383	
0.998437	0.00141385	0.0558744	0.00144338	0.998694	-0.0510633	-0.0558737	0.0510641	0.997131	-0.700154	0.626266	56.9271	
0.998296	0.00154277	0.0583364	0.00157388	0.998575	-0.0533417	-0.0583356	0.0533426	0.996871	-0.745318	0.667554	57.7156	
0.998149	0.00167739	0.0607993	0.00171008	0.998451	-0.0556207	-0.0607984	0.0556217	0.996599	-0.79243	0.710644	58.5039	
0.997995	0.00181772	0.0632629	0.00185198	0.998321	-0.0579002	-0.0632619	0.0579013	0.996316	-0.841491	0.755538	59.292	
0.997836	0.00196377	0.0657271	0.00199959	0.998186	-0.0601802	-0.065726	0.0601814	0.996021	-0.8925	0.802234	60.0799	
0.99767	0.00211553	0.0681918	0.00215291	0.998045	-0.0624605	-0.0681906	0.0624618	0.995715	-0.945458	0.850734	60.8676	
0.997498	0.00227302	0.0706569	0.00231194	0.997899	-0.0647411	-0.0706556	0.0647425	0.995398	-1.00036	0.901037	61.655	
0.99732	0.00243623	0.0731223	0.00247669	0.997748	-0.0670219	-0.0731209	0.0670234	0.995068	-1.05722	0.953145	62.4421	
0.997136	0.00260515	0.0755878	0.00264715	0.997592	-0.0693027	-0.0755864	0.0693043	0.994728	-1.11603	1.00706	63.229	
0.996945	0.0027798	0.0780535	0.00282332	0.997431	-0.0715835	-0.078052	0.0715853	0.994376	-1.17679	1.06277	64.0156	
0.996749	0.00296016	0.0805192	0.0030052	0.997264	-0.0738643	-0.0805175	0.0738661	0.994012	-1.23949	1.12029	64.8019	
0.996546	0.00314624	0.0829847	0.00319279	0.997092	-0.0761448	-0.0829829	0.0761467	0.993638	-1.30415	1.17961	65.5879	
0.996337	0.00333803	0.0854499	0.00338608	0.996914	-0.078425	-0.0854481	0.078427	0.993251	-1.37076	1.24074	66.3736	
0.996122	0.00353553	0.0879149	0.00358508	0.996732	-0.0807048	-0.0879129	0.080707	0.992853	-1.43931	1.30367	67.1591	
0.9959	0.00373873	0.0903793	0.00378978	0.996544	-0.0829841	-0.0903772	0.0829864	0.992444	-1.50982	1.36841	67.9442	
0.995673	0.00394763	0.0928432	0.00400017	0.99635	-0.0852629	-0.092841	0.0852653	0.992023	-1.58227	1.43494	68.7289	
0.995439	0.00416222	0.0953065	0.00421624	0.996152	-0.087541	-0.0953041	0.0875435	0.991591	-1.65668	1.50328	69.5133	
0.995199	0.0043825	0.0977689	0.004438	0.995948	-0.0898183	-0.0977664	0.089821	0.991148	-1.73303	1.57342	70.2974	
0.994954	0.00460846	0.100231	0.00466543	0.995739	-0.0920947	-0.100228	0.0920976	0.990693	-1.81133	1.64536	71.0812	
0.994702	0.00484008	0.102691	0.00489852	0.995525	-0.0943703	-0.102688	0.0943733	0.990227	-1.89157	1.7191	71.8645	
0.993115	0.00629964	0.116973	0.00638165	0.994161	-0.107722	-0.116968	0.107727	0.987276	-1.97844	1.79902	72.6466	
0.991323	0.00795178	0.131209	0.00805731	0.992616	-0.121032	-0.131202	0.121039	0.983939	-2.07658	1.88949	73.4261	
0.989325	0.00979585	0.145394	0.00992484	0.990892	-0.134294	-0.145385	0.134304	0.980217	-2.18596	1.99047	74.2029	
0.987123	0.0118311	0.159522	0.0119835	0.988989	-0.147504	-0.159511	0.147516	0.976112	-2.30654	2.10192	74.9765	
0.984718	0.0140568	0.173588	0.0142325	0.986908	-0.160655	-0.173574	0.16067	0.971626	-2.43826	2.2238	75.7468	
0.98211	0.0164721	0.187587	0.016671	0.98465	-0.173743	-0.18757	0.173762	0.96676	-2.58108	2.35606	76.5134	
0.9793	0.0190759	0.201513	0.0192979	0.982216	-0.186763	-0.201492	0.186785	0.961516	-2.73494	2.49864	77.2759	
0.97629	0.0218674	0.215361	0.0221124	0.979606	-0.199709	-0.215336	0.199736	0.955895	-2.89978	2.6515	78.0342	
