1	0	0	0	1	0	0	0	1	0	0	0	
0.999997	-3.48328e-06	0.00250573	-3.48328e-06	0.999996	0.00278024	-0.00250573	-0.00278024	0.999993	-0.000920035	-0.00102083	0.734342	
0.999987	-1.39442e-05	0.00501382	-1.39398e-05	0.999985	0.00556135	-0.00501382	-0.00556135	0.999972	-0.003681	-0.00408363	1.46867	
0.999972	-3.1398e-05	0.00752421	-3.13804e-05	0.999965	0.00834325	-0.00752421	-0.00834325	0.999937	-0.00828462	-0.00918901	2.20298	
0.99995	-5.58597e-05	0.0100369	-5.58156e-05	0.999938	0.0111259	-0.0100369	-0.0111259	0.999888	-0.0147326	-0.0163375	2.93726	
0.999921	-8.73439e-05	0.0125517	-8.72558e-05	0.999903	0.0139092	-0.0125517	-0.0139092	0.999824	-0.0230264	-0.0255297	3.6715	
0.999886	-0.000125865	0.0150687	-0.000125711	0.999861	0.0166932	-0.0150687	-0.0166932	0.999747	-0.0331679	-0.0367661	4.40569	
0.999845	-0.000171438	0.0175878	-0.000171191	0.99981	0.0194777	-0.0175878	-0.0194777	0.999656	-0.0451584	-0.050047	5.13981	
0.999798	-0.000224076	0.0201089	-0.000223705	0.999752	0.0222627	-0.020109	-0.0222627	0.99955	-0.0589996	-0.0653729	5.87387	
0.999744	-0.000283792	0.0226321	-0.000283262	0.999686	0.0250482	-0.0226321	-0.0250482	0.99943	-0.074693	-0.0827442	6.60784	
0.999683	-0.000350601	0.0251572	-0.000349872	0.999612	0.027834	-0.0251572	-0.027834	0.999296	-0.0922399	-0.102161	7.34171	
0.999617	-0.000424515	0.0276842	-0.000423542	0.999531	0.0306202	-0.0276842	-0.0306202	0.999148	-0.111642	-0.123624	8.07549	
0.999543	-0.000505547	0.030213	-0.000504281	0.999442	0.0334067	-0.030213	-0.0334067	0.998985	-0.1329	-0.147133	8.80914	
0.999464	-0.000593709	0.0327436	-0.000592098	0.999345	0.0361934	-0.0327436	-0.0361933	0.998808	-0.156016	-0.172688	9.54268	
0.999377	-0.000689014	0.0352759	-0.000687	0.99924	0.0389802	-0.035276	-0.0389802	0.998617	-0.180991	-0.200289	10.2761	
0.999285	-0.000791475	0.03781	-0.000788994	0.999127	0.0417671	-0.03781	-0.0417671	0.998412	-0.207826	-0.229938	11.0093	
0.999185	-0.000901102	0.0403456	-0.000898088	0.999007	0.0445541	-0.0403457	-0.044554	0.998192	-0.236523	-0.261632	11.7424	
0.99908	-0.00101791	0.0428829	-0.00101429	0.998878	0.047341	-0.042883	-0.0473409	0.997958	-0.267082	-0.295374	12.4754	
0.998967	-0.0011419	0.0454217	-0.0011376	0.998742	0.0501279	-0.0454218	-0.0501278	0.997709	-0.299505	-0.331161	13.2081	
0.998848	-0.0012731	0.0479619	-0.00126804	0.998598	0.0529146	-0.0479621	-0.0529145	0.997447	-0.333793	-0.368996	13.9407	
0.998723	-0.0014115	0.0505036	-0.0014056	0.998446	0.0557012	-0.0505038	-0.055701	0.997169	-0.369947	-0.408876	14.673	
0.998591	-0.00155713	0.0530467	-0.00155029	0.998287	0.0584875	-0.0530469	-0.0584873	0.996878	-0.407968	-0.450803	15.4052	
0.998452	-0.00170999	0.055591	-0.00170212	0.99812	0.0612734	-0.0555913	-0.0612732	0.996572	-0.447856	-0.494776	16.1371	
0.998307	-0.00187009	0.0581367	-0.00186109	0.997944	0.0640591	-0.058137	-0.0640588	0.996251	-0.489614	-0.540794	16.8689	
0.998155	-0.00203744	0.0606835	-0.00202721	0.997761	0.0668442	-0.0606839	-0.0668439	0.995916	-0.533242	-0.588858	17.6003	
0.997996	-0.00221205	0.0632316	-0.00220048	0.997571	0.069629	-0.063232	-0.0696286	0.995567	-0.57874	-0.638967	18.3315	
0.997831	-0.00239393	0.0657807	-0.00238091	0.997372	0.0724131	-0.0657812	-0.0724127	0.995203	-0.626111	-0.691121	19.0625	
0.997659	-0.00258309	0.0683309	-0.0025685	0.997165	0.0751967	-0.0683315	-0.0751962	0.994825	-0.675353	-0.745318	19.7932	
0.997481	-0.00277954	0.0708821	-0.00276326	0.996951	0.0779796	-0.0708828	-0.077979	0.994432	-0.726469	-0.80156	20.5236	
0.997296	-0.00298328	0.0734343	-0.00296519	0.996729	0.0807618	-0.073435	-0.0807612	0.994025	-0.779458	-0.859845	21.2537	
0.997104	-0.00319432	0.0759874	-0.00317429	0.996499	0.0835433	-0.0759882	-0.0835425	0.993603	-0.834322	-0.920173	21.9835	
0.996905	-0.00341268	0.0785413	-0.00339056	0.996261	0.0863239	-0.0785422	-0.086323	0.993166	-0.891061	-0.982543	22.713	
0.9967	-0.00363835	0.081096	-0.00361402	0.996016	0.0891036	-0.0810971	-0.0891026	0.992715	-0.949676	-1.04695	23.4421	
0.996488	-0.00387135	0.0836515	-0.00384465	0.995762	0.0918824	-0.0836527	-0.0918813	0.99225	-1.01017	-1.11341	24.171	
0.996269	-0.00411169	0.0862076	-0.00408247	0.995501	0.0946602	-0.086209	-0.0946589	0.99177	-1.07254	-1.1819	24.8994	
0.996043	-0.00435936	0.0887644	-0.00432748	0.995232	0.0974369	-0.088766	-0.0974355	0.991275	-1.13678	-1.25243	25.6276	
0.995811	-0.00461438	0.0913218	-0.00457968	0.994956	0.100213	-0.0913235	-0.100211	0.990766	-1.20291	-1.325	26.3553	
0.995572	-0.00487675	0.0938797	-0.00483906	0.994671	0.102987	-0.0938817	-0.102985	0.990243	-1.27091	-1.39961	27.0827	
0.995326	-0.00514648	0.0964381	-0.00510564	0.994379	0.10576	-0.0964403	-0.105758	0.989704	-1.34079	-1.47625	27.8097	
0.995073	-0.00542357	0.098997	-0.00537941	0.994078	0.108532	-0.0989994	-0.10853	0.989151	-1.41255	-1.55493	28.5362	
0.994813	-0.00570804	0.101556	-0.00566038	0.99377	0.111303	-0.101559	-0.1113	0.988584	-1.48619	-1.63565	29.2624	
0.994547	-0.00599988	0.104116	-0.00594853	0.993455	0.114072	-0.104119	-0.114069	0.988002	-1.56171	-1.7184	29.9882	
0.994274	-0.00629909	0.106676	-0.00624389	0.993131	0.11684	-0.106679	-0.116837	0.987405	-1.63911	-1.80318	30.7135	
0.993994	-0.0066057	0.109236	-0.00654644	0.9928	0.119606	-0.109239	-0.119603	0.986794	-1.71839	-1.89	31.4383	
0.993707	-0.00691969	0.111796	-0.00685618	0.992461	0.122371	-0.1118	-0.122367	0.986168	-1.79955	-1.97884	32.1628	
0.993413	-0.00724107	0.114356	-0.00717312	0.992114	0.125134	-0.11436	-0.12513	0.985527	-1.88258	-2.06972	32.8867	
0.993113	-0.00756986	0.116916	-0.00749725	0.991759	0.127896	-0.116921	-0.127891	0.984872	-1.9675	-2.16262	33.6102	
0.992806	-0.00790604	0.119477	-0.00782858	0.991397	0.130655	-0.119482	-0.130651	0.984202	-2.05431	-2.25755	34.3332	
0.992491	-0.00824963	0.122037	-0.0081671	0.991027	0.133413	-0.122043	-0.133408	0.983518	-2.14299	-2.3545	35.0557	
0.99217	-0.00860062	0.124598	-0.00851281	0.990649	0.136169	-0.124604	-0.136164	0.982819	-2.23355	-2.45348	35.7776	
0.991842	-0.00895903	0.127158	-0.00886571	0.990263	0.138924	-0.127164	-0.138918	0.982105	-2.32599	-2.55448	36.4991	
0.991507	-0.00932485	0.129718	-0.0092258	0.98987	0.141676	-0.129725	-0.141669	0.981377	-2.42031	-2.65751	37.22	
0.990827	-0.0100625	0.134759	-0.00972065	0.989333	0.145345	-0.134785	-0.145322	0.98016	-2.51743	-2.76288	37.9403	
0.990121	-0.010819	0.139795	-0.010235	0.988782	0.149015	-0.139839	-0.148974	0.978903	-2.61827	-2.87094	38.6596	
0.98939	-0.0115942	0.144824	-0.010769	0.988216	0.152684	-0.144888	-0.152623	0.977606	-2.72281	-2.98168	39.378	
0.988632	-0.0123882	0.149846	-0.0113225	0.987636	0.156352	-0.14993	-0.156271	0.976268	-2.83106	-3.0951	40.0954	
0.987848	-0.0132009	0.154861	-0.0118955	0.987042	0.160019	-0.154967	-0.159917	0.974891	-2.94301	-3.21119	40.8118	
0.987038	-0.0140323	0.159869	-0.0124881	0.986434	0.163685	-0.159997	-0.16356	0.973473	-3.05866	-3.32996	41.5272	
0.986203	-0.0148825	0.16487	-0.0131002	0.985811	0.167349	-0.165021	-0.1672	0.972015	-3.178	-3.45141	42.2415	
0.985342	-0.0157514	0.169863	-0.0137319	0.985173	0.171011	-0.170038	-0.170837	0.970516	-3.30102	-3.57553	42.9547	
0.984455	-0.0166389	0.174848	-0.0143832	0.984522	0.174672	-0.175048	-0.174471	0.968978	-3.42773	-3.70232	43.6669	
0.983542	-0.0175451	0.179825	-0.015054	0.983856	0.178329	-0.180051	-0.178102	0.967399	-3.55811	-3.83177	44.3779	
0.982604	-0.01847	0.184794	-0.0157443	0.983175	0.181985	-0.185046	-0.181728	0.965781	-3.69216	-3.96389	45.0877	
0.98164	-0.0194134	0.189754	-0.0164541	0.982481	0.185637	-0.190033	-0.185351	0.964123	-3.82988	-4.09867	45.7963	
0.98065	-0.0203755	0.194705	-0.0171834	0.981772	0.189286	-0.195013	-0.188969	0.962424	-3.97126	-4.23611	46.5037	
0.979635	-0.0213562	0.199648	-0.0179322	0.981048	0.192932	-0.199985	-0.192583	0.960686	-4.11629	-4.37621	47.2098	
0.978594	-0.0223554	0.204582	-0.0187005	0.980311	0.196574	-0.204948	-0.196192	0.958908	-4.26497	-4.51895	47.9146	
0.977528	-0.0233731	0.209506	-0.0194882	0.979559	0.200212	-0.209903	-0.199795	0.957091	-4.4173	-4.66435	48.6181	
0.976436	-0.0244093	0.214421	-0.0202953	0.978793	0.203846	-0.214849	-0.203394	0.955233	-4.57325	-4.81239	49.3203	
0.975319	-0.025464	0.219326	-0.0211218	0.978012	0.207475	-0.219787	-0.206987	0.953336	-4.73284	-4.96307	50.021	
0.974177	-0.0265371	0.224221	-0.0219677	0.977218	0.2111	-0.224715	-0.210574	0.9514	-4.89605	-5.11639	50.7204	
0.973009	-0.0276286	0.229106	-0.0228329	0.976409	0.214719	-0.229634	-0.214155	0.949424	-5.06287	-5.27234	51.4183	
0.971816	-0.0287386	0.233981	-0.0237174	0.975586	0.218334	-0.234543	-0.21773	0.947409	-5.23331	-5.43091	52.1148	
0.970598	-0.0298668	0.238845	-0.0246211	0.974749	0.221943	-0.239443	-0.221298	0.945354	-5.40734	-5.59211	52.8098	
0.969355	-0.0310134	0.243698	-0.0255441	0.973898	0.225546	-0.244332	-0.224859	0.94326	-5.58497	-5.75593	53.5032	
0.968087	-0.0321782	0.248541	-0.0264863	0.973032	0.229143	-0.249212	-0.228413	0.941127	-5.76619	-5.92236	54.1951	
0.966793	-0.0333613	0.253372	-0.0274476	0.972153	0.232734	-0.254081	-0.23196	0.938955	-5.95098	-6.0914	54.8854	
0.965475	-0.0345625	0.258193	-0.0284279	0.97126	0.236318	-0.25894	-0.235499	0.936744	-6.13935	-6.26303	55.5741	
0.964132	-0.0357819	0.263001	-0.0294274	0.970352	0.239896	-0.263788	-0.239031	0.934495	-6.33128	-6.43727	56.2612	
0.962764	-0.0370195	0.267798	-0.0304458	0.969431	0.243467	-0.268625	-0.242554	0.932206	-6.52677	-6.61409	56.9466	
0.961371	-0.0382751	0.272583	-0.0314832	0.968496	0.24703	-0.273451	-0.24607	0.929879	-6.7258	-6.7935	57.6303	
0.959953	-0.0395487	0.277356	-0.0325395	0.967547	0.250586	-0.278265	-0.249576	0.927513	-6.92838	-6.97549	58.3123	
0.958511	-0.0408403	0.282116	-0.0336146	0.966584	0.254135	-0.283068	-0.253074	0.925109	-7.13448	-7.16005	58.9925	
0.957043	-0.0421499	0.286864	-0.0347085	0.965608	0.257675	-0.28786	-0.256563	0.922666	-7.34411	-7.34718	59.671	
0.955552	-0.0434774	0.2916	-0.0358211	0.964618	0.261207	-0.292639	-0.260043	0.920185	-7.55726	-7.53686	60.3476	
0.954036	-0.0448227	0.296322	-0.0369524	0.963614	0.264731	-0.297406	-0.263513	0.917666	-7.77391	-7.72909	61.0224	
0.952495	-0.0461857	0.301032	-0.0381023	0.962597	0.268246	-0.302161	-0.266973	0.915109	-7.99405	-7.92387	61.6954	
0.95093	-0.0475666	0.305728	-0.0392707	0.961566	0.271752	-0.306904	-0.270423	0.912514	-8.21768	-8.12119	62.3664	
0.949341	-0.0489651	0.31041	-0.0404576	0.960521	0.275249	-0.311633	-0.273863	0.909881	-8.44479	-8.32104	63.0356	
0.947727	-0.0503813	0.315079	-0.0416629	0.959463	0.278736	-0.31635	-0.277293	0.907211	-8.67537	-8.52341	63.7028	
0.946089	-0.0518151	0.319734	-0.0428865	0.958392	0.282214	-0.321054	-0.280712	0.904503	-8.90941	-8.72829	64.368	
0.944427	-0.0532664	0.324375	-0.0441283	0.957308	0.285682	-0.325744	-0.28412	0.901757	-9.1469	-8.93568	65.0312	
0.942742	-0.0547352	0.329002	-0.0453883	0.95621	0.28914	-0.330421	-0.287517	0.898975	-9.38782	-9.14557	65.6924	
0.941032	-0.0562214	0.333615	-0.0466664	0.955099	0.292588	-0.335085	-0.290903	0.896155	-9.63218	-9.35796	66.3515	
0.939298	-0.0577249	0.338213	-0.0479625	0.953975	0.296025	-0.339734	-0.294277	0.893298	-9.87995	-9.57282	67.0085	
0.93754	-0.0592458	0.342796	-0.0492766	0.952838	0.299451	-0.34437	-0.297639	0.890405	-10.1311	-9.79015	67.6634	
0.935758	-0.0607839	0.347364	-0.0506085	0.951688	0.302866	-0.348991	-0.300989	0.887474	-10.3857	-10.01	68.3162	
0.933953	-0.0623392	0.351917	-0.0519581	0.950526	0.30627	-0.353598	-0.304327	0.884507	-10.6437	-10.2322	68.9669	
0.932124	-0.0639117	0.356454	-0.0533255	0.94935	0.309663	-0.358191	-0.307652	0.881504	-10.905	-10.4569	69.6153	
0.925923	-0.0691736	0.371325	-0.0559059	0.947161	0.31585	-0.373553	-0.313212	0.87313	-11.1737	-10.6849	70.2596	
