1	0	0	0	1	0	0	0	1	0	0	0	
1	-2.51721e-08	-0.000468132	-2.51721e-08	1	-0.000107543	0.000468132	0.000107543	1	0.000195883	4.49995e-05	0.836869	
1	-1.01654e-07	-0.000940738	-1.01656e-07	1	-0.000216117	0.000940738	0.000216117	1	0.000785402	0.00018043	1.67374	
0.999999	-2.30899e-07	-0.0014178	-2.30907e-07	1	-0.00032572	0.0014178	0.00032572	0.999999	0.0017723	0.000407153	2.51061	
0.999998	-4.14367e-07	-0.0018993	-4.14388e-07	1	-0.000436347	0.0018993	0.000436347	0.999998	0.00316028	0.000726028	3.34747	
0.999997	-6.53524e-07	-0.00238522	-6.53567e-07	1	-0.000547995	0.00238522	0.000547995	0.999997	0.00495307	0.00113791	4.18434	
0.999996	-9.49842e-07	-0.00287555	-9.49918e-07	1	-0.000660659	0.00287555	0.000660659	0.999996	0.00715436	0.00164365	5.0212	
0.999994	-1.3048e-06	-0.00337026	-1.30492e-06	1	-0.000774336	0.00337026	0.000774336	0.999994	0.00976782	0.0022441	5.85807	
0.999993	-1.71988e-06	-0.00386934	-1.72006e-06	1	-0.000889021	0.00386934	0.000889021	0.999992	0.0127971	0.00294011	6.69493	
0.99999	-2.19657e-06	-0.00437278	-2.19684e-06	0.999999	-0.00100471	0.00437278	0.00100471	0.99999	0.0162459	0.00373251	7.53179	
0.999988	-2.73636e-06	-0.00488055	-2.73673e-06	0.999999	-0.0011214	0.00488055	0.0011214	0.999987	0.0201178	0.00462215	8.36865	
0.999985	-3.34075e-06	-0.00539263	-3.34125e-06	0.999999	-0.00123909	0.00539263	0.00123909	0.999985	0.0244165	0.00560986	9.20551	
0.999983	-4.01125e-06	-0.00590901	-4.0119e-06	0.999999	-0.00135777	0.00590901	0.00135777	0.999982	0.0291455	0.00669648	10.0424	
0.999979	-4.74935e-06	-0.00642967	-4.75019e-06	0.999999	-0.00147744	0.00642967	0.00147744	0.999978	0.0343084	0.00788283	10.8792	
0.999976	-5.55658e-06	-0.00695459	-5.55763e-06	0.999999	-0.00159809	0.00695459	0.00159809	0.999975	0.0399088	0.00916973	11.7161	
0.999972	-6.43443e-06	-0.00748375	-6.43574e-06	0.999999	-0.00171972	0.00748375	0.00171972	0.999971	0.0459503	0.010558	12.5529	
0.999968	-7.38443e-06	-0.00801714	-7.38604e-06	0.999998	-0.00184233	0.00801714	0.00184233	0.999966	0.0524364	0.0120485	13.3898	
0.999963	-8.4081e-06	-0.00855472	-8.41005e-06	0.999998	-0.00196591	0.00855472	0.00196591	0.999961	0.0593707	0.013642	14.2266	
0.999959	-9.50696e-06	-0.0090965	-9.50929e-06	0.999998	-0.00209046	0.0090965	0.00209046	0.999956	0.0667565	0.0153393	15.0634	
0.999954	-1.06825e-05	-0.00964243	-1.06853e-05	0.999998	-0.00221597	0.00964243	0.00221597	0.999951	0.0745976	0.0171413	15.9003	
0.999948	-1.19364e-05	-0.0101925	-1.19396e-05	0.999997	-0.00234243	0.0101925	0.00234243	0.999945	0.0828972	0.0190487	16.7371	
0.999942	-1.32699e-05	-0.0107467	-1.32737e-05	0.999997	-0.00246986	0.0107467	0.00246986	0.999939	0.0916589	0.0210623	17.5739	
0.999936	-1.46848e-05	-0.011305	-1.46892e-05	0.999997	-0.00259823	0.011305	0.00259823	0.999933	0.100886	0.023183	18.4107	
0.99993	-1.61826e-05	-0.0118675	-1.61876e-05	0.999996	-0.00272754	0.0118675	0.00272754	0.999926	0.110582	0.0254114	19.2475	
0.999923	-1.77646e-05	-0.0124339	-1.77704e-05	0.999996	-0.0028578	0.0124339	0.0028578	0.999919	0.120751	0.0277485	20.0843	
0.999915	-1.94326e-05	-0.0130044	-1.94392e-05	0.999996	-0.00298899	0.0130044	0.00298899	0.999911	0.131395	0.030195	20.9211	
0.999908	-2.11881e-05	-0.013579	-2.11956e-05	0.999995	-0.00312111	0.013579	0.00312111	0.999903	0.142518	0.0327517	21.7579	
0.9999	-2.30325e-05	-0.0141575	-2.30409e-05	0.999995	-0.00325416	0.0141575	0.00325416	0.999894	0.154124	0.0354194	22.5947	
0.999891	-2.49674e-05	-0.0147401	-2.49769e-05	0.999994	-0.00338814	0.0147401	0.00338814	0.999886	0.166216	0.0381987	23.4315	
0.999883	-2.69943e-05	-0.0153266	-2.70049e-05	0.999994	-0.00352303	0.0153266	0.00352303	0.999876	0.178797	0.0410906	24.2682	
0.999873	-2.91148e-05	-0.015917	-2.91267e-05	0.999993	-0.00365883	0.015917	0.00365883	0.999867	0.19187	0.0440957	25.105	
0.999864	-3.13304e-05	-0.0165114	-3.13436e-05	0.999993	-0.00379554	0.0165114	0.00379554	0.999856	0.20544	0.0472149	25.9418	
0.999854	-3.36427e-05	-0.0171097	-3.36573e-05	0.999992	-0.00393315	0.0171097	0.00393315	0.999846	0.219508	0.0504488	26.7785	
0.999843	-3.60531e-05	-0.0177118	-3.60693e-05	0.999992	-0.00407166	0.0177118	0.00407166	0.999835	0.234078	0.0537983	27.6152	
0.999832	-3.85633e-05	-0.0183178	-3.85811e-05	0.999991	-0.00421107	0.0183178	0.00421107	0.999823	0.249154	0.0572641	28.452	
0.999821	-4.11746e-05	-0.0189277	-4.11942e-05	0.999991	-0.00435136	0.0189277	0.00435136	0.999811	0.264739	0.0608469	29.2887	
0.999809	-4.38887e-05	-0.0195413	-4.39102e-05	0.99999	-0.00449254	0.0195413	0.00449254	0.999799	0.280836	0.0645475	30.1254	
0.999797	-4.67071e-05	-0.0201588	-4.67306e-05	0.999989	-0.00463459	0.0201588	0.00463459	0.999786	0.297448	0.0683666	30.9621	
0.999784	-4.96313e-05	-0.02078	-4.96569e-05	0.999989	-0.00477752	0.02078	0.00477752	0.999773	0.314578	0.072305	31.7988	
0.999771	-5.26628e-05	-0.021405	-5.26907e-05	0.999988	-0.00492132	0.021405	0.00492132	0.999759	0.33223	0.0763633	32.6354	
0.999757	-5.58032e-05	-0.0220337	-5.58335e-05	0.999987	-0.00506599	0.0220337	0.00506599	0.999744	0.350406	0.0805423	33.4721	
0.999743	-5.90538e-05	-0.0226661	-5.90867e-05	0.999986	-0.00521151	0.0226661	0.00521151	0.99973	0.36911	0.0848428	34.3087	
0.999728	-6.24164e-05	-0.0233022	-6.2452e-05	0.999986	-0.00535788	0.0233022	0.00535788	0.999714	0.388344	0.0892654	35.1454	
0.999713	-6.58922e-05	-0.023942	-6.59307e-05	0.999985	-0.0055051	0.023942	0.0055051	0.999698	0.408113	0.0938108	35.982	
0.999698	-6.9483e-05	-0.0245854	-6.95244e-05	0.999984	-0.00565317	0.0245854	0.00565317	0.999682	0.428419	0.0984798	36.8186	
0.999682	-7.319e-05	-0.0252324	-7.32347e-05	0.999983	-0.00580208	0.0252324	0.00580208	0.999665	0.449264	0.103273	37.6552	
0.999665	-7.70149e-05	-0.025883	-7.7063e-05	0.999982	-0.00595181	0.025883	0.00595181	0.999647	0.470652	0.108191	38.4918	
0.999648	-8.09591e-05	-0.0265372	-8.10107e-05	0.999981	-0.00610238	0.0265372	0.00610238	0.999629	0.492587	0.113235	39.3284	
0.99963	-8.50242e-05	-0.0271949	-8.50795e-05	0.99998	-0.00625377	0.0271949	0.00625377	0.999611	0.51507	0.118405	40.1649	
0.999612	-8.92114e-05	-0.0278561	-8.92707e-05	0.999979	-0.00640597	0.0278561	0.00640597	0.999591	0.538105	0.123703	41.0014	
0.999593	-9.35224e-05	-0.0285209	-9.35858e-05	0.999978	-0.00655899	0.0285209	0.00655899	0.999572	0.561696	0.129128	41.838	
0.999574	-9.79587e-05	-0.0291891	-9.80263e-05	0.999977	-0.00671281	0.0291891	0.00671281	0.999551	0.585843	0.134681	42.6745	
0.999554	-0.000102522	-0.0298608	-0.000102594	0.999976	-0.00686744	0.0298608	0.00686744	0.99953	0.610552	0.140364	43.5109	
0.999534	-0.000107212	-0.0305359	-0.000107289	0.999975	-0.00702286	0.0305359	0.00702286	0.999509	0.635824	0.146176	44.3474	
0.999513	-0.000112033	-0.0312144	-0.000112115	0.999974	-0.00717907	0.0312144	0.00717907	0.999487	0.661662	0.152118	45.1839	
0.999491	-0.000116984	-0.0318963	-0.000117072	0.999973	-0.00733606	0.0318963	0.00733607	0.999464	0.68807	0.158192	46.0203	
0.999469	-0.000122068	-0.0325815	-0.000122161	0.999972	-0.00749384	0.0325815	0.00749384	0.999441	0.71505	0.164397	46.8567	
0.999446	-0.000127286	-0.0332701	-0.000127384	0.999971	-0.00765239	0.0332701	0.00765239	0.999417	0.742604	0.170735	47.6931	
0.999316	-0.000157078	-0.0369808	-0.000153476	0.999965	-0.00839473	0.0369808	0.00839467	0.999281	0.772	0.17745	48.5294	
0.999172	-0.000189655	-0.0406941	-0.000182356	0.999958	-0.00913775	0.0406941	0.0091376	0.99913	0.804502	0.184786	49.3656	
0.999013	-0.000225022	-0.0444097	-0.00021403	0.999951	-0.0098814	0.0444097	0.00988115	0.998965	0.840112	0.192744	50.2017	
0.998841	-0.000263184	-0.0481275	-0.000248504	0.999944	-0.0106256	0.0481276	0.0106253	0.998785	0.878833	0.201324	51.0376	
0.998655	-0.000304147	-0.0518473	-0.000285782	0.999935	-0.0113704	0.0518474	0.0113699	0.99859	0.920666	0.210528	51.8734	
0.998455	-0.000347915	-0.055569	-0.000325871	0.999927	-0.0121157	0.0555691	0.0121151	0.998381	0.965613	0.220355	52.709	
0.998241	-0.000394492	-0.0592923	-0.000368774	0.999917	-0.0128614	0.0592925	0.0128607	0.998158	1.01367	0.230806	53.5444	
0.998012	-0.000443882	-0.0630171	-0.000414496	0.999907	-0.0136076	0.0630173	0.0136067	0.99792	1.06485	0.241881	54.3797	
0.99777	-0.000496087	-0.0667432	-0.000463039	0.999897	-0.0143542	0.0667434	0.0143531	0.997667	1.11915	0.25358	55.2147	
0.997514	-0.000551112	-0.0704704	-0.000514408	0.999886	-0.0151011	0.0704707	0.0150998	0.9974	1.17657	0.265904	56.0495	
0.997243	-0.000608957	-0.0741985	-0.000568603	0.999874	-0.0158482	0.0741989	0.0158467	0.997118	1.2371	0.278853	56.8841	
0.996959	-0.000669625	-0.0779274	-0.000625629	0.999862	-0.0165957	0.0779278	0.016594	0.996821	1.30075	0.292427	57.7184	
0.99666	-0.000733117	-0.0816569	-0.000685485	0.999849	-0.0173433	0.0816573	0.0173414	0.99651	1.36753	0.306627	58.5525	
0.996348	-0.000799434	-0.0853868	-0.000748173	0.999836	-0.0180911	0.0853873	0.0180889	0.996184	1.43743	0.321452	59.3863	
0.996021	-0.000868578	-0.0891169	-0.000813694	0.999822	-0.0188391	0.0891174	0.0188366	0.995843	1.51045	0.336903	60.2198	
0.99568	-0.000940547	-0.092847	-0.000882047	0.999808	-0.0195871	0.0928476	0.0195844	0.995488	1.58659	0.35298	61.0531	
0.995325	-0.00101534	-0.096577	-0.000953233	0.999793	-0.0203352	0.0965776	0.0203322	0.995118	1.66585	0.369682	61.886	
0.994956	-0.00109296	-0.100307	-0.00102725	0.999777	-0.0210832	0.100307	0.0210799	0.994733	1.74823	0.387011	62.7186	
0.994573	-0.00117341	-0.104036	-0.0011041	0.999761	-0.0218313	0.104037	0.0218276	0.994334	1.83374	0.404965	63.5509	
0.994176	-0.00125667	-0.107764	-0.00118377	0.999744	-0.0225792	0.107765	0.0225753	0.99392	1.92236	0.423544	64.3829	
0.993764	-0.00134276	-0.111492	-0.00126627	0.999727	-0.023327	0.111493	0.0233227	0.993492	2.01411	0.44275	65.2145	
0.993339	-0.00143166	-0.115218	-0.0013516	0.999709	-0.0240747	0.115219	0.02407	0.993048	2.10897	0.462581	66.0457	
0.9929	-0.00152338	-0.118944	-0.00143974	0.999691	-0.0248221	0.118945	0.0248171	0.992591	2.20695	0.483037	66.8766	
0.992447	-0.00161791	-0.122668	-0.0015307	0.999672	-0.0255693	0.122669	0.0255639	0.992118	2.30805	0.504118	67.707	
0.991979	-0.00171525	-0.12639	-0.00162448	0.999652	-0.0263162	0.126391	0.0263104	0.991632	2.41227	0.525824	68.5371	
0.991498	-0.00181539	-0.13011	-0.00172106	0.999632	-0.0270627	0.130112	0.0270566	0.99113	2.5196	0.548155	69.3668	
0.991003	-0.00191833	-0.133829	-0.00182044	0.999612	-0.0278089	0.13383	0.0278024	0.990614	2.63004	0.571109	70.196	
0.990493	-0.00202406	-0.137546	-0.00192262	0.99959	-0.0285547	0.137547	0.0285477	0.990084	2.7436	0.594688	71.0248	
0.98997	-0.00213258	-0.14126	-0.00202759	0.999569	-0.0293	0.141261	0.0292925	0.989539	2.86026	0.618891	71.8531	
0.98686	-0.00277457	-0.161553	-0.00262915	0.999444	-0.0332251	0.161556	0.0332133	0.986305	2.98697	0.645046	72.6799	
0.983334	-0.00349695	-0.181776	-0.00331121	0.999305	-0.0371366	0.18178	0.0371195	0.982638	3.13064	0.674477	73.5038	
0.979393	-0.00429941	-0.201919	-0.00407346	0.99915	-0.0410326	0.201924	0.0410095	0.978542	3.2912	0.70717	74.3245	
0.975039	-0.00518158	-0.221974	-0.00491557	0.998979	-0.0449114	0.22198	0.0448815	0.974018	3.46858	0.743111	75.1415	
0.970274	-0.0061431	-0.241931	-0.00583717	0.998793	-0.0487715	0.241939	0.0487339	0.969067	3.66271	0.782284	75.9546	
0.9651	-0.00718353	-0.261782	-0.00683786	0.998592	-0.052611	0.261791	0.052565	0.963692	3.8735	0.824673	76.7634	
0.95952	-0.00830242	-0.281519	-0.0079172	0.998375	-0.0564284	0.28153	0.056373	0.957895	4.10085	0.870258	77.5675	
0.953535	-0.00949928	-0.301132	-0.00907472	0.998144	-0.0602219	0.301145	0.0601564	0.951679	4.34467	0.91902	78.3665	
0.947149	-0.0107736	-0.320613	-0.0103099	0.997897	-0.0639898	0.320628	0.0639134	0.945046	4.60485	0.970936	79.1602	
0.940364	-0.0121248	-0.339953	-0.0116222	0.997636	-0.0677306	0.339971	0.0676425	0.938	4.88128	1.02599	79.9482	
0.933183	-0.0135523	-0.359145	-0.0130111	0.99736	-0.0714426	0.359165	0.0713419	0.930543	5.17383	1.08414	80.7301	
0.92561	-0.0150554	-0.378179	-0.0144759	0.997069	-0.0751241	0.378202	0.0750101	0.922679	5.48238	1.14538	81.5055	
0.917647	-0.0166336	-0.397048	-0.0160161	0.996764	-0.0787736	0.397073	0.0786455	0.914411	5.80679	1.20968	82.2743	
