1	0	0	0	1	0	0	0	1	0	0	0	
0.999993	4.07751e-06	0.00367849	4.07751e-06	0.999998	-0.00221694	-0.00367849	0.00221694	0.999991	-0.00155221	0.000935484	0.843937	
0.999973	1.63171e-05	0.00735767	1.63245e-05	0.99999	-0.00443632	-0.00735767	0.00443632	0.999963	-0.00620914	0.00374296	1.68786	
0.999939	3.67308e-05	0.0110375	3.67605e-05	0.999978	-0.00665808	-0.0110375	0.00665808	0.999917	-0.0139713	0.00842447	2.53175	
0.999892	6.53305e-05	0.0147178	6.54047e-05	0.999961	-0.00888216	-0.0147178	0.00888216	0.999852	-0.0248393	0.014982	3.37559	
0.999831	0.000102127	0.0183985	0.000102276	0.999938	-0.0111085	-0.0183985	0.0111085	0.999769	-0.0388133	0.0234175	4.21937	
0.999756	0.000147132	0.0220795	0.000147392	0.999911	-0.0133371	-0.0220795	0.0133371	0.999667	-0.0558938	0.0337328	5.06308	
0.999668	0.000200356	0.0257607	0.000200772	0.999879	-0.0155678	-0.0257607	0.0155678	0.999547	-0.0760809	0.0459298	5.90668	
0.999566	0.000261808	0.029442	0.000262432	0.999842	-0.0178006	-0.029442	0.0178006	0.999408	-0.0993748	0.0600102	6.75018	
0.999451	0.000331498	0.0331234	0.00033239	0.999799	-0.0200354	-0.0331234	0.0200354	0.99925	-0.125776	0.0759759	7.59356	
0.999322	0.000409437	0.0368046	0.000410664	0.999752	-0.0222722	-0.0368046	0.0222722	0.999074	-0.155283	0.0938284	8.43679	
0.99918	0.000495631	0.0404857	0.000497268	0.999699	-0.0245109	-0.0404857	0.0245109	0.998879	-0.187897	0.11357	9.27987	
0.999024	0.000590091	0.0441666	0.000592219	0.999642	-0.0267515	-0.0441665	0.0267515	0.998666	-0.223618	0.135201	10.1228	
0.998854	0.000692824	0.047847	0.000695534	0.999579	-0.0289939	-0.047847	0.0289939	0.998434	-0.262445	0.158724	10.9655	
0.998671	0.000803838	0.051527	0.000807226	0.999512	-0.031238	-0.0515269	0.0312381	0.998183	-0.304378	0.18414	11.808	
0.998475	0.00092314	0.0552064	0.000927311	0.999439	-0.0334838	-0.0552063	0.0334839	0.997913	-0.349416	0.211451	12.6503	
0.998264	0.00105074	0.0588851	0.0010558	0.999361	-0.0357312	-0.058885	0.0357314	0.997625	-0.397559	0.240657	13.4924	
0.99804	0.00118664	0.0625631	0.00119272	0.999278	-0.0379802	-0.062563	0.0379804	0.997318	-0.448807	0.271762	14.3342	
0.997803	0.00133084	0.0662402	0.00133807	0.99919	-0.0402307	-0.0662401	0.0402309	0.996992	-0.503158	0.304764	15.1757	
0.997552	0.00148336	0.0699164	0.00149186	0.999096	-0.0424827	-0.0699162	0.042483	0.996648	-0.560612	0.339667	16.017	
0.997287	0.0016442	0.0735915	0.00165412	0.998997	-0.044736	-0.0735913	0.0447364	0.996285	-0.621168	0.376471	16.8579	
0.997009	0.00181337	0.0772655	0.00182485	0.998894	-0.0469906	-0.0772652	0.0469911	0.995903	-0.684825	0.415178	17.6986	
0.996717	0.00199086	0.0809383	0.00200407	0.998785	-0.0492466	-0.0809379	0.0492471	0.995502	-0.751582	0.455787	18.5389	
0.996412	0.00217668	0.0846097	0.00219179	0.99867	-0.0515037	-0.0846093	0.0515044	0.995082	-0.821438	0.498301	19.3788	
0.996093	0.00237084	0.0882796	0.00238801	0.998551	-0.053762	-0.0882792	0.0537628	0.994644	-0.894392	0.542721	20.2184	
0.99576	0.00257334	0.0919481	0.00259276	0.998426	-0.0560214	-0.0919475	0.0560223	0.994187	-0.970442	0.589047	21.0577	
0.995415	0.00278419	0.0956149	0.00280603	0.998296	-0.0582818	-0.0956142	0.0582829	0.993711	-1.04959	0.63728	21.8965	
0.995055	0.00300338	0.09928	0.00302784	0.998161	-0.0605432	-0.0992792	0.0605444	0.993216	-1.13183	0.687422	22.7349	
0.994682	0.00323091	0.102943	0.00325821	0.99802	-0.0628055	-0.102942	0.0628069	0.992702	-1.21716	0.739473	23.5729	
0.994295	0.0034668	0.106605	0.00349713	0.997875	-0.0650686	-0.106604	0.0650703	0.99217	-1.30558	0.793433	24.4105	
0.993895	0.00371104	0.110264	0.00374463	0.997724	-0.0673326	-0.110263	0.0673344	0.991619	-1.39709	0.849304	25.2476	
0.993482	0.00396363	0.113921	0.0040007	0.997567	-0.0695973	-0.11392	0.0695994	0.991049	-1.49169	0.907086	26.0842	
0.993055	0.00422457	0.117576	0.00426535	0.997405	-0.0718626	-0.117575	0.071865	0.99046	-1.58937	0.96678	26.9204	
0.992614	0.00449387	0.121229	0.0045386	0.997238	-0.0741286	-0.121227	0.0741313	0.989853	-1.69014	1.02839	27.756	
0.99216	0.00477152	0.124879	0.00482045	0.997066	-0.0763951	-0.124878	0.0763981	0.989226	-1.79399	1.0919	28.5911	
0.991693	0.00505752	0.128527	0.0051109	0.996888	-0.0786621	-0.128525	0.0786655	0.988581	-1.90092	1.15734	29.4257	
0.991212	0.00535188	0.132173	0.00540997	0.996705	-0.0809295	-0.13217	0.0809334	0.987917	-2.01092	1.22468	30.2597	
0.990718	0.00565458	0.135815	0.00571766	0.996517	-0.0831973	-0.135813	0.0832016	0.987235	-2.12401	1.29394	31.0932	
0.99021	0.00596564	0.139455	0.00603398	0.996323	-0.0854654	-0.139452	0.0854702	0.986533	-2.24016	1.36512	31.926	
0.989689	0.00628504	0.143092	0.00635892	0.996124	-0.0877338	-0.143089	0.0877391	0.985813	-2.35938	1.43821	32.7583	
0.989155	0.00661279	0.146726	0.00669251	0.995919	-0.0900024	-0.146723	0.0900083	0.985074	-2.48168	1.51321	33.59	
0.988607	0.00694888	0.150358	0.00703473	0.995709	-0.0922711	-0.150354	0.0922776	0.984316	-2.60703	1.59013	34.421	
0.988046	0.00729331	0.153986	0.0073856	0.995494	-0.0945398	-0.153981	0.094547	0.98354	-2.73545	1.66896	35.2514	
0.987472	0.00764608	0.15761	0.00774512	0.995273	-0.0968086	-0.157605	0.0968165	0.982745	-2.86693	1.74971	36.0811	
0.986884	0.00800718	0.161232	0.0081133	0.995047	-0.0990773	-0.161226	0.0990859	0.981931	-3.00147	1.83238	36.9101	
0.986283	0.0083766	0.16485	0.00849013	0.994815	-0.101346	-0.164844	0.101355	0.981098	-3.13906	1.91696	37.7384	
0.985669	0.00875436	0.168464	0.00887561	0.994578	-0.103614	-0.168458	0.103625	0.980247	-3.27971	2.00346	38.5661	
0.985041	0.00914042	0.172075	0.00926976	0.994335	-0.105883	-0.172068	0.105894	0.979377	-3.4234	2.09187	39.393	
0.984401	0.00953481	0.175682	0.00967257	0.994087	-0.10815	-0.175675	0.108163	0.978488	-3.57014	2.18219	40.2191	
0.983747	0.0099375	0.179286	0.010084	0.993834	-0.110418	-0.179278	0.110431	0.977581	-3.71991	2.27443	41.0445	
0.98308	0.0103485	0.182885	0.0105042	0.993575	-0.112685	-0.182876	0.1127	0.976655	-3.87273	2.36859	41.8692	
0.9824	0.0107678	0.186481	0.010933	0.993311	-0.114952	-0.186471	0.114967	0.97571	-4.02859	2.46465	42.693	
0.981706	0.0111954	0.190072	0.0113705	0.993041	-0.117218	-0.190062	0.117235	0.974747	-4.18747	2.56264	43.516	
0.981	0.0116312	0.19366	0.0118166	0.992766	-0.119484	-0.193649	0.119502	0.973766	-4.34939	2.66253	44.3383	
0.98028	0.0120753	0.197243	0.0122714	0.992485	-0.121748	-0.197231	0.121768	0.972765	-4.51433	2.76434	45.1596	
0.979548	0.0125277	0.200822	0.0127349	0.992199	-0.124013	-0.200809	0.124034	0.971747	-4.68229	2.86806	45.9802	
0.978802	0.0129884	0.204396	0.013207	0.991907	-0.126276	-0.204382	0.126299	0.970709	-4.85327	2.9737	46.7998	
0.978043	0.0134573	0.207966	0.0136878	0.99161	-0.128538	-0.207951	0.128563	0.969653	-5.02726	3.08124	47.6186	
0.977911	0.01354	0.208583	0.0142996	0.991228	-0.131387	-0.208532	0.131467	0.969139	-5.203	3.19096	48.4367	
0.977778	0.0136246	0.209199	0.0149149	0.990836	-0.134241	-0.209111	0.134378	0.968615	-5.37924	3.30314	49.2544	
0.977645	0.0137111	0.209816	0.0155334	0.990435	-0.137102	-0.209689	0.137296	0.968081	-5.55596	3.41778	50.0716	
0.977511	0.0137996	0.210434	0.0161553	0.990024	-0.139968	-0.210266	0.14022	0.967536	-5.73317	3.53488	50.8884	
0.977376	0.0138901	0.211051	0.0167805	0.989604	-0.14284	-0.210841	0.14315	0.966982	-5.91086	3.65446	51.7047	
0.977241	0.0139825	0.211669	0.0174088	0.989173	-0.145717	-0.211415	0.146085	0.966418	-6.08904	3.77651	52.5205	
0.977106	0.0140769	0.212287	0.0180402	0.988733	-0.148598	-0.211987	0.149026	0.965843	-6.2677	3.90103	53.3359	
0.97697	0.0141733	0.212905	0.0186746	0.988283	-0.151484	-0.212558	0.151971	0.965258	-6.44685	4.02805	54.1508	
0.976834	0.0142716	0.213524	0.0193121	0.987824	-0.154374	-0.213127	0.154921	0.964664	-6.62647	4.15755	54.9651	
0.976697	0.014372	0.214143	0.0199524	0.987354	-0.157268	-0.213695	0.157875	0.964059	-6.80658	4.28954	55.779	
0.976559	0.0144743	0.214761	0.0205956	0.986875	-0.160165	-0.214261	0.160833	0.963444	-6.98716	4.42402	56.5923	
0.976421	0.0145785	0.21538	0.0212416	0.986387	-0.163065	-0.214825	0.163795	0.962819	-7.16823	4.56101	57.4052	
0.976283	0.0146848	0.215999	0.0218904	0.985888	-0.165967	-0.215388	0.166759	0.962185	-7.34976	4.70049	58.2175	
0.976144	0.0147931	0.216618	0.0225417	0.98538	-0.168872	-0.215949	0.169727	0.96154	-7.53177	4.84248	59.0292	
0.976005	0.0149033	0.217237	0.0231957	0.984862	-0.171779	-0.216508	0.172696	0.960885	-7.71426	4.98697	59.8404	
0.975866	0.0150155	0.217855	0.0238521	0.984335	-0.174688	-0.217066	0.175668	0.96022	-7.89721	5.13397	60.6511	
0.975725	0.0151297	0.218474	0.024511	0.983798	-0.177598	-0.217621	0.178642	0.959546	-8.08064	5.28348	61.4612	
0.975585	0.0152459	0.219093	0.0251722	0.983251	-0.180509	-0.218175	0.181617	0.958861	-8.26453	5.43549	62.2707	
0.975444	0.015364	0.219711	0.0258358	0.982695	-0.18342	-0.218727	0.184593	0.958167	-8.44889	5.59002	63.0796	
0.975303	0.0154841	0.220329	0.0265016	0.982129	-0.186332	-0.219277	0.187569	0.957463	-8.63372	5.74706	63.8879	
0.975161	0.0156062	0.220947	0.0271695	0.981554	-0.189244	-0.219825	0.190546	0.956749	-8.819	5.90662	64.6957	
0.975019	0.0157302	0.221565	0.0278395	0.98097	-0.192155	-0.220371	0.193523	0.956026	-9.00475	6.06868	65.5028	
0.974876	0.0158561	0.222182	0.0285115	0.980376	-0.195066	-0.220915	0.1965	0.955293	-9.19096	6.23326	66.3093	
0.974733	0.0159841	0.222799	0.0291854	0.979772	-0.197975	-0.221457	0.199475	0.95455	-9.37763	6.40035	67.1152	
0.97459	0.0161139	0.223416	0.0298612	0.97916	-0.200883	-0.221997	0.20245	0.953798	-9.56476	6.56995	67.9205	
0.974446	0.0162457	0.224032	0.0305387	0.978538	-0.20379	-0.222534	0.205424	0.953037	-9.75233	6.74206	68.7251	
0.974302	0.0163794	0.224647	0.0312179	0.977908	-0.206694	-0.22307	0.208395	0.952266	-9.94037	6.91668	69.5291	
0.974158	0.016515	0.225262	0.0318988	0.977268	-0.209596	-0.223603	0.211365	0.951486	-10.1288	7.09381	70.3324	
0.978548	0.0121182	0.205661	0.0329075	0.976257	-0.2141	-0.203373	0.216275	0.954916	-10.309	7.27427	71.1369	
0.982521	0.00762132	0.185994	0.0338205	0.975224	-0.218619	-0.183052	0.221088	0.957921	-10.4721	7.45883	71.9441	
0.986076	0.00302653	0.16627	0.0346373	0.974168	-0.223151	-0.16265	0.225803	0.960499	-10.618	7.64741	72.7536	
0.98921	-0.00166419	0.146496	0.0353574	0.97309	-0.227695	-0.142175	0.230418	0.962649	-10.7466	7.83993	73.5652	
0.991922	-0.00644875	0.126683	0.0359807	0.971991	-0.232248	-0.121637	0.23493	0.964371	-10.8579	8.0363	74.3783	
0.994212	-0.011325	0.106839	0.0365068	0.97087	-0.236808	-0.101045	0.239337	0.965664	-10.9519	8.23643	75.1928	
0.996077	-0.0162908	0.0869733	0.0369355	0.969729	-0.241372	-0.0804084	0.243638	0.966527	-11.0285	8.44024	76.0081	
0.997518	-0.0213439	0.0670938	0.0372666	0.968568	-0.245941	-0.0597356	0.247831	0.96696	-11.0876	8.64763	76.824	
0.998534	-0.0264821	0.0472098	0.0375	0.967388	-0.25051	-0.0390361	0.251913	0.966962	-11.1293	8.85852	77.6401	
0.999124	-0.0317031	0.0273302	0.0376355	0.966188	-0.255078	-0.0183193	0.255883	0.966534	-11.1535	9.0728	78.456	
0.999287	-0.0370046	0.00746382	0.0376731	0.96497	-0.259643	0.0024056	0.259739	0.965676	-11.1602	9.29038	79.2714	
0.999025	-0.0423841	-0.0123805	0.0376127	0.963734	-0.264203	0.0231295	0.263479	0.964388	-11.1494	9.51117	80.0859	
0.998336	-0.0478394	-0.0321939	0.0374545	0.96248	-0.268755	0.0438431	0.267102	0.96267	-11.1212	9.73507	80.8991	
0.997222	-0.053368	-0.0519676	0.0371985	0.96121	-0.273299	0.0645371	0.270607	0.960524	-11.0754	9.96198	81.7106	
