1	0	0	0	1	0	0	0	1	0	0	0	
0.999999	-1.90761e-06	-0.00137787	-1.90761e-06	0.999996	-0.00276892	0.00137787	0.00276892	0.999995	0.000722685	0.00145229	1.04899	
0.999996	-7.64981e-06	-0.00275905	-7.6517e-06	0.999985	-0.00554588	0.00275905	0.00554588	0.999981	0.00289248	0.00581336	2.09797	
0.999991	-1.72557e-05	-0.00414347	-1.72632e-05	0.999965	-0.00833073	0.00414347	0.00833073	0.999957	0.00651282	0.0130916	3.14692	
0.999985	-3.07536e-05	-0.00553107	-3.07726e-05	0.999938	-0.0111233	0.00553107	0.0111233	0.999923	0.0115871	0.0232951	4.19585	
0.999976	-4.81714e-05	-0.00692175	-4.82095e-05	0.999903	-0.0139235	0.00692175	0.0139235	0.999879	0.0181185	0.0364321	5.24474	
0.999965	-6.95363e-05	-0.00831544	-6.9603e-05	0.99986	-0.0167312	0.00831544	0.0167312	0.999825	0.0261103	0.0525103	6.29357	
0.999953	-9.48746e-05	-0.00971208	-9.49817e-05	0.999809	-0.0195461	0.00971208	0.0195461	0.999762	0.0355657	0.0715376	7.34235	
0.999938	-0.000124212	-0.0111116	-0.000124373	0.99975	-0.0223683	0.0111116	0.0223683	0.999688	0.0464876	0.0935215	8.39105	
0.999922	-0.000157575	-0.0125139	-0.000157805	0.999682	-0.0251974	0.0125139	0.0251974	0.999604	0.0588791	0.11847	9.43967	
0.999903	-0.000194986	-0.0139189	-0.000195304	0.999607	-0.0280335	0.0139189	0.0280335	0.99951	0.0727429	0.146389	10.4882	
0.999883	-0.00023647	-0.0153265	-0.000236895	0.999523	-0.0308762	0.0153265	0.0308762	0.999406	0.088082	0.177287	11.5366	
0.99986	-0.000282051	-0.0167367	-0.000282605	0.999431	-0.0337256	0.0167367	0.0337256	0.999291	0.104899	0.21117	12.5849	
0.999835	-0.00033175	-0.0181494	-0.000332457	0.999331	-0.0365813	0.0181494	0.0365814	0.999166	0.123197	0.248046	13.6331	
0.999809	-0.00038559	-0.0195645	-0.000386475	0.999222	-0.0394434	0.0195645	0.0394434	0.99903	0.142977	0.28792	14.6812	
0.99978	-0.000443592	-0.020982	-0.000444684	0.999104	-0.0423116	0.0209819	0.0423116	0.998884	0.164244	0.330801	15.729	
0.999749	-0.000505776	-0.0224016	-0.000507105	0.998978	-0.0451858	0.0224016	0.0451859	0.998727	0.186998	0.376693	16.7768	
0.999716	-0.000572162	-0.0238235	-0.000573761	0.998844	-0.0480659	0.0238235	0.0480659	0.99856	0.211243	0.425603	17.8244	
0.999681	-0.00064277	-0.0252475	-0.000644673	0.998701	-0.0509516	0.0252475	0.0509517	0.998382	0.236981	0.477537	18.8717	
0.999644	-0.000717618	-0.0266735	-0.000719861	0.998549	-0.053843	0.0266735	0.053843	0.998193	0.264213	0.532501	19.9189	
0.999605	-0.000796724	-0.0281015	-0.000799346	0.998389	-0.0567397	0.0281014	0.0567397	0.997993	0.292942	0.590501	20.9659	
0.999563	-0.000880104	-0.0295314	-0.000883147	0.998219	-0.0596416	0.0295313	0.0596417	0.997783	0.32317	0.651543	22.0127	
0.99952	-0.000967776	-0.030963	-0.000971283	0.998041	-0.0625487	0.0309629	0.0625487	0.997562	0.354899	0.715631	23.0593	
0.999475	-0.00105975	-0.0323964	-0.00106377	0.997855	-0.0654607	0.0323963	0.0654608	0.997329	0.388131	0.782772	24.1056	
0.999427	-0.00115606	-0.0338315	-0.00116063	0.997659	-0.0683776	0.0338313	0.0683776	0.997086	0.422867	0.852969	25.1516	
0.999377	-0.00125669	-0.0352681	-0.00126187	0.997454	-0.071299	0.0352679	0.0712991	0.996831	0.459109	0.926229	26.1974	
0.999325	-0.00136168	-0.0367062	-0.00136752	0.997241	-0.0742251	0.036706	0.0742252	0.996566	0.496859	1.00256	27.243	
0.999271	-0.00147103	-0.0381458	-0.00147758	0.997018	-0.0771554	0.0381455	0.0771555	0.996289	0.536118	1.08195	28.2882	
0.999215	-0.00158476	-0.0395867	-0.00159208	0.996786	-0.08009	0.0395864	0.0800901	0.996001	0.576888	1.16443	29.3331	
0.999157	-0.00170287	-0.0410289	-0.00171102	0.996546	-0.0830286	0.0410285	0.0830288	0.995702	0.61917	1.24998	30.3778	
0.999096	-0.00182539	-0.0424723	-0.00183443	0.996296	-0.0859712	0.0424719	0.0859714	0.995392	0.662966	1.33862	31.4221	
0.999033	-0.00195231	-0.0439168	-0.0019623	0.996037	-0.0889175	0.0439163	0.0889177	0.99507	0.708276	1.43035	32.4661	
0.998968	-0.00208365	-0.0453624	-0.00209466	0.995769	-0.0918674	0.0453619	0.0918677	0.994737	0.755102	1.52517	33.5097	
0.998901	-0.00221941	-0.0468089	-0.00223151	0.995492	-0.0948208	0.0468083	0.0948211	0.994393	0.803445	1.62309	34.553	
0.998832	-0.00235961	-0.0482564	-0.00237286	0.995205	-0.0977776	0.0482557	0.0977779	0.994038	0.853306	1.72411	35.5959	
0.998761	-0.00250425	-0.0497046	-0.00251873	0.99491	-0.100737	0.0497039	0.100738	0.993671	0.904685	1.82823	36.6385	
0.998687	-0.00265334	-0.0511537	-0.00266913	0.994605	-0.1037	0.0511528	0.103701	0.993292	0.957584	1.93546	37.6806	
0.998612	-0.00280689	-0.0526034	-0.00282405	0.994291	-0.106666	0.0526025	0.106667	0.992902	1.012	2.04579	38.7224	
0.998534	-0.00296489	-0.0540537	-0.00298352	0.993967	-0.109635	0.0540527	0.109635	0.992501	1.06794	2.15924	39.7637	
0.998454	-0.00312737	-0.0555045	-0.00314753	0.993635	-0.112606	0.0555034	0.112606	0.992088	1.12541	2.27581	40.8046	
0.998371	-0.0032943	-0.0569558	-0.00331609	0.993293	-0.115579	0.0569546	0.11558	0.991664	1.18439	2.39549	41.8451	
0.998287	-0.00346572	-0.0584075	-0.00348922	0.992941	-0.118555	0.0584061	0.118555	0.991228	1.24489	2.51829	42.8851	
0.9982	-0.0036416	-0.0598595	-0.0036669	0.992581	-0.121533	0.059858	0.121533	0.990781	1.30692	2.64422	43.9247	
0.998111	-0.00382196	-0.0613117	-0.00384915	0.992211	-0.124512	0.06131	0.124513	0.990322	1.37048	2.77327	44.9638	
0.99802	-0.0040068	-0.0627641	-0.00403597	0.991831	-0.127494	0.0627623	0.127495	0.989851	1.43555	2.90544	46.0024	
0.997927	-0.00419612	-0.0642166	-0.00422737	0.991442	-0.130477	0.0642146	0.130478	0.989369	1.50215	3.04075	47.0404	
0.997832	-0.00438991	-0.0656691	-0.00442333	0.991044	-0.133462	0.0656669	0.133463	0.988876	1.57027	3.17919	48.078	
0.997734	-0.00458818	-0.0671215	-0.00462388	0.990636	-0.136448	0.0671191	0.13645	0.988371	1.63992	3.32075	49.1151	
0.997635	-0.00479093	-0.0685738	-0.004829	0.990219	-0.139436	0.0685711	0.139437	0.987854	1.71109	3.46546	50.1516	
0.997533	-0.00499814	-0.0700259	-0.00503869	0.989793	-0.142424	0.070023	0.142426	0.987326	1.78378	3.61329	51.1876	
0.997429	-0.00520983	-0.0714777	-0.00525296	0.989357	-0.145414	0.0714746	0.145415	0.986786	1.85799	3.76426	52.223	
0.997322	-0.00542598	-0.0729292	-0.00547181	0.988912	-0.148404	0.0729258	0.148406	0.986234	1.93373	3.91837	53.2578	
0.997214	-0.00564659	-0.0743802	-0.00569522	0.988457	-0.151395	0.0743765	0.151396	0.985671	2.01099	4.07562	54.2921	
0.997103	-0.00587166	-0.0758308	-0.0059232	0.987993	-0.154386	0.0758268	0.154388	0.985096	2.08977	4.236	55.3257	
0.996991	-0.00610117	-0.0772807	-0.00615575	0.987519	-0.157378	0.0772764	0.15738	0.98451	2.17007	4.39952	56.3588	
0.996876	-0.00633513	-0.0787301	-0.00639285	0.987036	-0.160369	0.0787254	0.160372	0.983912	2.2519	4.56618	57.3912	
0.996759	-0.00657353	-0.0801787	-0.00663451	0.986544	-0.163361	0.0801737	0.163364	0.983303	2.33524	4.73598	58.423	
0.99664	-0.00681635	-0.0816266	-0.00688072	0.986042	-0.166353	0.0816212	0.166356	0.982682	2.4201	4.90891	59.4542	
0.996518	-0.00706359	-0.0830735	-0.00713147	0.985531	-0.169344	0.0830677	0.169347	0.98205	2.50648	5.08499	60.4847	
0.996395	-0.00731524	-0.0845196	-0.00738676	0.985011	-0.172335	0.0845134	0.172338	0.981406	2.59437	5.2642	61.5145	
0.996269	-0.00757128	-0.0859647	-0.00764657	0.984481	-0.175326	0.085958	0.175329	0.98075	2.68378	5.44655	62.5436	
0.996142	-0.00783172	-0.0874087	-0.0079109	0.983942	-0.178316	0.0874016	0.178319	0.980083	2.77471	5.63204	63.5721	
0.996012	-0.00809653	-0.0888516	-0.00817974	0.983393	-0.181305	0.088844	0.181308	0.979405	2.86715	5.82066	64.5998	
0.99588	-0.00836571	-0.0902932	-0.00845308	0.982835	-0.184292	0.0902851	0.184296	0.978715	2.9611	6.01242	65.6268	
0.995746	-0.00863924	-0.0917336	-0.0087309	0.982268	-0.187279	0.091725	0.187283	0.978014	3.05657	6.20731	66.6531	
0.99561	-0.0089171	-0.0931727	-0.0090132	0.981691	-0.190265	0.0931634	0.190269	0.977301	3.15354	6.40533	67.6787	
0.995238	-0.00967232	-0.0969896	-0.0095878	0.980524	-0.196166	0.096998	0.196162	0.975762	3.25328	6.60802	68.7031	
0.994852	-0.0104504	-0.1008	-0.0101856	0.97932	-0.202059	0.100827	0.202045	0.974172	3.35704	6.81687	69.7258	
0.99445	-0.0112513	-0.104603	-0.0108066	0.978082	-0.207942	0.10465	0.207918	0.972532	3.46481	7.0319	70.7468	
0.992582	-0.0148597	-0.120669	-0.0130986	0.973656	-0.227646	0.120872	0.227537	0.966238	3.5831	7.26031	71.7638	
0.990445	-0.018792	-0.136624	-0.0157195	0.968833	-0.247215	0.137012	0.247	0.95928	3.71837	7.50921	72.7738	
0.988041	-0.0230454	-0.152459	-0.0186675	0.963617	-0.266636	0.153057	0.266293	0.951662	3.87052	7.77845	73.7761	
0.985372	-0.027617	-0.168163	-0.0219405	0.95801	-0.285895	0.168997	0.285403	0.94339	4.03944	8.06783	74.7701	
0.98244	-0.0325037	-0.183723	-0.0255364	0.952016	-0.30498	0.184821	0.304317	0.934469	4.22503	8.37715	75.7551	
0.979247	-0.0377021	-0.199131	-0.0294526	0.945641	-0.323877	0.200517	0.323021	0.924906	4.42715	8.7062	76.7304	
0.975795	-0.0432087	-0.214375	-0.0336865	0.938887	-0.342573	0.216076	0.341503	0.914706	4.64566	9.05476	77.6953	
0.972087	-0.0490196	-0.229445	-0.0382351	0.93176	-0.361056	0.231486	0.35975	0.903877	4.88042	9.42259	78.6492	
0.968124	-0.0551309	-0.24433	-0.0430953	0.924265	-0.379312	0.246737	0.37775	0.892427	5.13126	9.80943	79.5914	
0.96391	-0.0615383	-0.25902	-0.0482638	0.916406	-0.397329	0.261818	0.39549	0.880363	5.39801	10.215	80.5213	
0.959447	-0.0682375	-0.273505	-0.053737	0.90819	-0.415095	0.27672	0.412959	0.867693	5.68048	10.6391	81.4382	
0.954739	-0.0752238	-0.287775	-0.0595112	0.899621	-0.432597	0.29143	0.430143	0.854427	5.97849	11.0813	82.3415	
0.949789	-0.0824925	-0.301821	-0.0655823	0.890707	-0.449823	0.305941	0.447031	0.840573	6.29183	11.5414	83.2305	
0.9446	-0.0900385	-0.315632	-0.0719463	0.881452	-0.466762	0.320241	0.463612	0.826141	6.62028	12.019	84.1048	
0.939176	-0.0978567	-0.329199	-0.0785987	0.871863	-0.483402	0.334321	0.479874	0.811141	6.96361	12.5139	84.9636	
0.933521	-0.105942	-0.342513	-0.0855349	0.861947	-0.499731	0.348171	0.495806	0.795584	7.3216	13.0257	85.8063	
0.927638	-0.114288	-0.355565	-0.0927502	0.851711	-0.515739	0.361781	0.511397	0.779479	7.69398	13.554	86.6325	
0.921531	-0.122889	-0.368346	-0.10024	0.841161	-0.531413	0.375143	0.526637	0.762838	8.08052	14.0985	87.4415	
0.915205	-0.131741	-0.380846	-0.107998	0.830305	-0.546744	0.388247	0.541514	0.745672	8.48094	14.6587	88.2327	
0.908665	-0.140835	-0.393057	-0.11602	0.819151	-0.561721	0.401084	0.556019	0.727994	8.89496	15.2344	89.0057	
0.901913	-0.150167	-0.404972	-0.1243	0.807706	-0.576334	0.413644	0.570141	0.709815	9.3223	15.8251	89.7599	
0.894956	-0.15973	-0.416581	-0.132833	0.795977	-0.590572	0.425921	0.583872	0.691148	9.76268	16.4304	90.4947	
0.887798	-0.169517	-0.427876	-0.141612	0.783974	-0.604426	0.437904	0.597201	0.672005	10.2158	17.0499	91.2097	
0.880444	-0.179521	-0.438851	-0.150632	0.771704	-0.617886	0.449587	0.610119	0.652401	10.6813	17.6832	91.9044	
0.872899	-0.189736	-0.449497	-0.159886	0.759176	-0.630943	0.46096	0.622618	0.632347	11.1589	18.3298	92.5783	
0.865168	-0.200155	-0.459807	-0.169367	0.746397	-0.643588	0.472016	0.634688	0.611859	11.6483	18.9893	93.2309	
0.857256	-0.21077	-0.469774	-0.179071	0.733378	-0.655812	0.482748	0.646322	0.59095	12.1491	19.6612	93.8618	
0.849169	-0.221574	-0.479391	-0.188989	0.720127	-0.667607	0.493148	0.657512	0.569635	12.6609	20.3451	94.4705	
0.840913	-0.23256	-0.488652	-0.199115	0.706654	-0.678965	0.503208	0.668249	0.547928	13.1836	21.0405	95.0567	
0.832493	-0.24372	-0.49755	-0.209442	0.692966	-0.689878	0.512922	0.678527	0.525844	13.7165	21.7469	95.62	
0.823915	-0.255047	-0.506079	-0.219963	0.679075	-0.700338	0.522284	0.688338	0.503399	14.2595	22.4639	96.1598	
