1	0	0	0	1	0	0	0	1	0	0	0	
0.999995	-4.78454e-06	-0.00330697	-4.78454e-06	0.999996	-0.0028936	0.00330697	0.0028936	0.99999	0.00127853	0.00111871	0.77323	
0.999978	-1.91425e-05	-0.00661566	-1.91307e-05	0.999983	-0.00578513	0.00661566	0.00578513	0.999961	0.00511478	0.00447405	1.54644	
0.999951	-4.30772e-05	-0.009926	-4.30299e-05	0.999962	-0.00867453	0.009926	0.00867453	0.999913	0.0115101	0.0100644	2.31963	
0.999912	-7.65919e-05	-0.0132379	-7.64737e-05	0.999933	-0.0115618	0.0132379	0.0115618	0.999846	0.0204656	0.0178881	3.09277	
0.999863	-0.000119689	-0.0165514	-0.000119453	0.999896	-0.0144467	0.0165514	0.0144467	0.999759	0.0319827	0.0279434	3.86585	
0.999803	-0.000172373	-0.0198663	-0.000171959	0.99985	-0.0173294	0.0198663	0.0173294	0.999652	0.0460624	0.0402286	4.63886	
0.999731	-0.000234644	-0.0231826	-0.000233982	0.999796	-0.0202098	0.0231826	0.0202098	0.999527	0.0627058	0.0547419	5.41177	
0.999649	-0.000306506	-0.0265003	-0.000305513	0.999733	-0.0230877	0.0265003	0.0230877	0.999382	0.0819141	0.0714814	6.18458	
0.999555	-0.00038796	-0.0298192	-0.000386542	0.999663	-0.0259632	0.0298192	0.0259631	0.999218	0.103688	0.0904452	6.95728	
0.999451	-0.000479009	-0.0331393	-0.000477059	0.999584	-0.0288361	0.0331393	0.0288361	0.999035	0.128029	0.111632	7.72984	
0.999335	-0.000579654	-0.0364605	-0.000577055	0.999497	-0.0317065	0.0364605	0.0317064	0.998832	0.154937	0.135038	8.50224	
0.999208	-0.000689897	-0.0397828	-0.000686517	0.999402	-0.0345742	0.0397828	0.0345741	0.99861	0.184414	0.160663	9.27449	
0.99907	-0.000809738	-0.0431061	-0.000805438	0.999299	-0.0374392	0.0431062	0.0374392	0.998369	0.216461	0.188505	10.0466	
0.998921	-0.000939179	-0.0464303	-0.000933804	0.999187	-0.0403015	0.0464304	0.0403014	0.998108	0.251077	0.218561	10.8184	
0.998761	-0.00107822	-0.0497554	-0.00107161	0.999068	-0.0431611	0.0497555	0.0431609	0.997828	0.288264	0.250829	11.5901	
0.998589	-0.00122686	-0.0530812	-0.00121883	0.99894	-0.0460177	0.0530814	0.0460175	0.997529	0.328023	0.285307	12.3615	
0.998407	-0.00138511	-0.0564079	-0.00137547	0.998804	-0.0488714	0.0564081	0.0488712	0.997211	0.370353	0.321992	13.1327	
0.998213	-0.00155296	-0.0597351	-0.00154151	0.99866	-0.0517222	0.0597354	0.0517219	0.996873	0.415256	0.360883	13.9037	
0.998008	-0.0017304	-0.063063	-0.00171694	0.998508	-0.05457	0.0630634	0.0545696	0.996517	0.462732	0.401977	14.6744	
0.997792	-0.00191745	-0.0663914	-0.00190175	0.998349	-0.0574147	0.0663918	0.0574141	0.99614	0.512782	0.445272	15.4447	
0.997564	-0.00211411	-0.0697203	-0.00209592	0.998181	-0.0602562	0.0697208	0.0602556	0.995745	0.565405	0.490765	16.2148	
0.997326	-0.00232036	-0.0730495	-0.00229945	0.998005	-0.0630946	0.0730502	0.0630938	0.995331	0.620603	0.538454	16.9846	
0.997076	-0.00253621	-0.0763791	-0.00251232	0.997821	-0.0659297	0.0763799	0.0659288	0.994897	0.678375	0.588336	17.7541	
0.996814	-0.00276166	-0.0797089	-0.00273451	0.997629	-0.0687616	0.0797099	0.0687605	0.994444	0.738722	0.640409	18.5232	
0.996542	-0.0029967	-0.083039	-0.00296602	0.99743	-0.0715901	0.0830401	0.0715888	0.993972	0.801644	0.694671	19.2919	
0.996258	-0.00324134	-0.0863692	-0.00320684	0.997222	-0.0744152	0.0863704	0.0744137	0.99348	0.867141	0.751118	20.0603	
0.995963	-0.00349558	-0.0896994	-0.00345694	0.997007	-0.0772368	0.0897009	0.0772351	0.99297	0.935213	0.809748	20.8283	
0.995656	-0.00375941	-0.0930296	-0.00371631	0.996784	-0.080055	0.0930313	0.0800529	0.99244	1.00586	0.870558	21.5959	
0.995338	-0.00403282	-0.0963598	-0.00398495	0.996552	-0.0828695	0.0963617	0.0828672	0.991891	1.07908	0.933546	22.3631	
0.995009	-0.00431582	-0.0996898	-0.00426283	0.996314	-0.0856805	0.099692	0.0856778	0.991323	1.15488	0.998708	23.1298	
0.994669	-0.00460841	-0.10302	-0.00454994	0.996067	-0.0884878	0.103022	0.0884848	0.990736	1.23325	1.06604	23.8961	
0.994317	-0.00491058	-0.106349	-0.00484628	0.995812	-0.0912914	0.106352	0.0912879	0.990129	1.3142	1.13555	24.662	
0.993953	-0.00522233	-0.109678	-0.00515181	0.99555	-0.0940912	0.109682	0.0940873	0.989504	1.39772	1.20721	25.4273	
0.993579	-0.00554365	-0.113007	-0.00546654	0.99528	-0.0968872	0.113011	0.0968828	0.988859	1.48382	1.28105	26.1922	
0.993193	-0.00587455	-0.116335	-0.00579044	0.995003	-0.0996793	0.116339	0.0996743	0.988195	1.57249	1.35704	26.9566	
0.992795	-0.00621501	-0.119663	-0.0061235	0.994718	-0.102467	0.119668	0.102462	0.987513	1.66373	1.43519	27.7204	
0.992386	-0.00656503	-0.12299	-0.00646571	0.994425	-0.105252	0.122995	0.105245	0.986811	1.75755	1.51549	28.4837	
0.991966	-0.00692462	-0.126317	-0.00681704	0.994124	-0.108032	0.126322	0.108025	0.98609	1.85394	1.59795	29.2465	
0.991534	-0.00729376	-0.129642	-0.00717748	0.993816	-0.110808	0.129649	0.1108	0.98535	1.95291	1.68255	30.0087	
0.991091	-0.00767245	-0.132967	-0.00754702	0.9935	-0.11358	0.132974	0.113571	0.984591	2.05444	1.76929	30.7703	
0.990636	-0.00806069	-0.136291	-0.00792564	0.993177	-0.116348	0.136299	0.116338	0.983813	2.15855	1.85818	31.5313	
0.99017	-0.00845847	-0.139614	-0.00831333	0.992846	-0.119111	0.139623	0.119101	0.983016	2.26522	1.9492	32.2917	
0.989692	-0.00886578	-0.142936	-0.00871006	0.992508	-0.12187	0.142946	0.121859	0.9822	2.37447	2.04236	33.0515	
0.989203	-0.00928263	-0.146257	-0.00911582	0.992162	-0.124625	0.146267	0.124613	0.981365	2.48628	2.13765	33.8106	
0.988702	-0.009709	-0.149577	-0.0095306	0.991809	-0.127376	0.149588	0.127362	0.980511	2.60066	2.23507	34.5691	
0.98819	-0.0101449	-0.152895	-0.00995438	0.991448	-0.130122	0.152908	0.130107	0.979638	2.71761	2.33461	35.3269	
0.987667	-0.0105903	-0.156212	-0.0103871	0.99108	-0.132863	0.156226	0.132847	0.978747	2.83713	2.43628	36.0841	
0.987132	-0.0110452	-0.159528	-0.0108288	0.990704	-0.1356	0.159543	0.135583	0.977836	2.95921	2.54006	36.8405	
0.986585	-0.0115096	-0.162842	-0.0112795	0.990322	-0.138333	0.162858	0.138314	0.976907	3.08386	2.64595	37.5963	
0.986027	-0.0119835	-0.166155	-0.0117391	0.989931	-0.14106	0.166173	0.14104	0.975958	3.21107	2.75395	38.3513	
0.985457	-0.0124669	-0.169467	-0.0122076	0.989534	-0.143783	0.169485	0.143761	0.974991	3.34084	2.86406	39.1056	
0.984876	-0.0129597	-0.172776	-0.012685	0.989129	-0.146502	0.172797	0.146478	0.974005	3.47317	2.97627	39.8591	
0.984283	-0.0134621	-0.176084	-0.0131712	0.988717	-0.149215	0.176106	0.149189	0.973	3.60806	3.09058	40.6118	
0.9832	-0.0143693	-0.181965	-0.0134849	0.988454	-0.150918	0.182032	0.150837	0.971655	3.74652	3.20658	41.3637	
0.98208	-0.0152873	-0.187842	-0.0138103	0.988187	-0.152626	0.187956	0.152485	0.970268	3.88957	3.32385	42.1144	
0.980924	-0.0162161	-0.193716	-0.0141475	0.987917	-0.154339	0.193878	0.154135	0.968841	4.03719	3.44239	42.8641	
0.97973	-0.0171557	-0.199585	-0.0144966	0.987642	-0.156056	0.199796	0.155786	0.967374	4.18939	3.56221	43.6127	
0.9785	-0.018106	-0.205451	-0.0148575	0.987363	-0.157776	0.205711	0.157437	0.965866	4.34617	3.68331	44.3601	
0.977233	-0.019067	-0.211311	-0.0152304	0.98708	-0.159501	0.211622	0.159088	0.964317	4.50752	3.80568	45.1064	
0.975929	-0.0200387	-0.217166	-0.0156152	0.986794	-0.161229	0.217529	0.160739	0.962727	4.67343	3.92933	45.8514	
0.974588	-0.0210212	-0.223016	-0.016012	0.986503	-0.16296	0.223431	0.16239	0.961097	4.84392	4.05426	46.5952	
0.973211	-0.0220144	-0.228859	-0.0164207	0.986208	-0.164694	0.229328	0.16404	0.959427	5.01896	4.18046	47.3377	
0.971796	-0.0230182	-0.234696	-0.0168415	0.985909	-0.16643	0.235219	0.165689	0.957715	5.19856	4.30794	48.0789	
0.970345	-0.0240328	-0.240525	-0.0172743	0.985607	-0.168169	0.241105	0.167337	0.955964	5.38272	4.4367	48.8188	
0.968858	-0.0250579	-0.246348	-0.0177192	0.9853	-0.16991	0.246984	0.168984	0.954172	5.57142	4.56672	49.5572	
0.967333	-0.0260937	-0.252162	-0.0181761	0.98499	-0.171653	0.252857	0.170629	0.952339	5.76467	4.69802	50.2943	
0.965772	-0.0271401	-0.257969	-0.018645	0.984675	-0.173397	0.258722	0.172272	0.950466	5.96245	4.83059	51.03	
0.964174	-0.0281971	-0.263767	-0.019126	0.984357	-0.175142	0.264579	0.173913	0.948553	6.16477	4.96444	51.7642	
0.96254	-0.0292646	-0.269556	-0.019619	0.984035	-0.176889	0.270429	0.175551	0.946599	6.37162	5.09954	52.4969	
0.960869	-0.0303426	-0.275336	-0.0201241	0.983709	-0.178636	0.276271	0.177187	0.944605	6.58298	5.23592	53.2281	
0.959162	-0.031431	-0.281106	-0.0206411	0.98338	-0.180383	0.282103	0.178819	0.942572	6.79886	5.37356	53.9577	
0.957418	-0.03253	-0.286866	-0.0211701	0.983046	-0.182131	0.287927	0.180449	0.940498	7.01924	5.51246	54.6857	
0.955638	-0.0336393	-0.292615	-0.0217111	0.982709	-0.183879	0.293741	0.182074	0.938384	7.24412	5.65261	55.4121	
0.953822	-0.0347589	-0.298353	-0.0222641	0.982368	-0.185626	0.299545	0.183696	0.936231	7.4735	5.79403	56.1369	
0.95197	-0.0358889	-0.304081	-0.0228289	0.982024	-0.187372	0.305339	0.185314	0.934038	7.70736	5.93669	56.8599	
0.950082	-0.0370292	-0.309796	-0.0234056	0.981675	-0.189117	0.311122	0.186928	0.931805	7.94569	6.08061	57.5813	
0.948157	-0.0381797	-0.3155	-0.0239941	0.981324	-0.190862	0.316894	0.188537	0.929533	8.18849	6.22577	58.3009	
0.946197	-0.0393404	-0.321191	-0.0245943	0.980968	-0.192604	0.322655	0.190141	0.927222	8.43575	6.37217	59.0188	
0.944201	-0.0405112	-0.326869	-0.0252063	0.980609	-0.194345	0.328404	0.19174	0.924871	8.68747	6.51982	59.7348	
0.942169	-0.0416921	-0.332534	-0.02583	0.980247	-0.196084	0.334141	0.193334	0.922481	8.94362	6.66869	60.4491	
0.940102	-0.0428831	-0.338186	-0.0264653	0.979881	-0.197821	0.339865	0.194922	0.920053	9.2042	6.8188	61.1614	
0.937999	-0.044084	-0.343824	-0.0271121	0.979511	-0.199555	0.345577	0.196504	0.917585	9.4692	6.97013	61.8719	
0.93586	-0.0452948	-0.349448	-0.0277704	0.979139	-0.201286	0.351275	0.19808	0.915079	9.73862	7.12268	62.5804	
0.933687	-0.0465155	-0.355057	-0.0284401	0.978763	-0.203015	0.35696	0.19965	0.912535	10.0124	7.27645	63.287	
0.931478	-0.0477459	-0.360651	-0.0291212	0.978383	-0.20474	0.362631	0.201213	0.909952	10.2906	7.43143	63.9916	
0.929234	-0.0489861	-0.36623	-0.0298135	0.978001	-0.206461	0.368287	0.202769	0.907331	10.5732	7.58762	64.6942	
0.926955	-0.050236	-0.371794	-0.030517	0.977615	-0.208178	0.373929	0.204318	0.904672	10.8602	7.74501	65.3948	
0.924642	-0.0514955	-0.377341	-0.0312316	0.977226	-0.209892	0.379556	0.20586	0.901975	11.1515	7.90359	66.0932	
0.922293	-0.0527645	-0.382872	-0.0319572	0.976834	-0.211601	0.385167	0.207393	0.899241	11.4471	8.06336	66.7896	
0.919911	-0.0540429	-0.388386	-0.0326936	0.976438	-0.213305	0.390763	0.208919	0.896469	11.7471	8.22431	67.4839	
0.917493	-0.0553307	-0.393884	-0.0334409	0.97604	-0.215005	0.396343	0.210437	0.89366	12.0514	8.38645	68.176	
0.915042	-0.0566279	-0.399364	-0.0341989	0.975639	-0.216699	0.401906	0.211947	0.890814	12.3601	8.54975	68.8659	
0.912556	-0.0579342	-0.404826	-0.0349675	0.975235	-0.218388	0.407453	0.213447	0.887931	12.673	8.71421	69.5536	
0.904884	-0.0618094	-0.421147	-0.032563	0.97645	-0.213274	0.424411	0.206702	0.881561	12.9946	8.87665	70.2377	
0.8969	-0.0655595	-0.437347	-0.0300609	0.977625	-0.208197	0.441211	0.199879	0.874861	13.3293	9.03385	70.9168	
0.888608	-0.069183	-0.453421	-0.0274622	0.97876	-0.203159	0.457845	0.192981	0.867834	13.6769	9.18574	71.5906	
0.88001	-0.0726786	-0.469362	-0.0247679	0.979856	-0.198164	0.474309	0.186011	0.860483	14.0373	9.33227	72.2588	
0.87111	-0.076045	-0.485164	-0.0219788	0.980911	-0.193212	0.490595	0.178972	0.85281	14.4103	9.47338	72.9212	
0.861912	-0.0792809	-0.500822	-0.0190962	0.981925	-0.188305	0.506699	0.171866	0.844819	14.7959	9.60902	73.5775	
