1	0	0	0	1	0	0	0	1	0	0	0	
0.999989	-6.43648e-07	0.00471598	-6.43648e-07	1	0.000272963	-0.00471598	-0.000272963	0.999989	-0.00197333	-0.000114217	0.836866	
0.999956	-2.56881e-06	0.00943213	-2.55699e-06	1	0.000543428	-0.00943213	-0.000543428	0.999955	-0.0078934	-0.000455824	1.67371	
0.9999	-5.76383e-06	0.0141483	-5.71654e-06	1	0.000811389	-0.0141483	-0.000811389	0.9999	-0.0177603	-0.00102273	2.51052	
0.999822	-1.0217e-05	0.0188645	-1.00988e-05	0.999999	0.00107684	-0.0188645	-0.00107684	0.999821	-0.031574	-0.00181283	3.34728	
0.999722	-1.59167e-05	0.0235804	-1.56802e-05	0.999999	0.00133977	-0.0235804	-0.00133977	0.999721	-0.0493344	-0.00282402	4.18395	
0.9996	-2.2851e-05	0.0282961	-2.24371e-05	0.999999	0.00160019	-0.0282961	-0.00160018	0.999598	-0.0710414	-0.0040542	5.02054	
0.999455	-3.10082e-05	0.0330114	-3.03461e-05	0.999998	0.00185807	-0.0330114	-0.00185806	0.999453	-0.0966946	-0.00550125	5.85701	
0.999288	-4.03765e-05	0.0377263	-3.93833e-05	0.999998	0.00211343	-0.0377263	-0.00211341	0.999286	-0.126294	-0.00716306	6.69336	
0.999099	-5.0944e-05	0.0424405	-4.95252e-05	0.999997	0.00236624	-0.0424405	-0.00236621	0.999096	-0.159838	-0.00903749	7.52955	
0.998888	-6.26988e-05	0.047154	-6.0748e-05	0.999997	0.00261651	-0.047154	-0.00261647	0.998884	-0.197328	-0.0111224	8.36557	
0.998654	-7.56289e-05	0.0518666	-7.30281e-05	0.999996	0.00286424	-0.0518666	-0.00286417	0.99865	-0.238762	-0.0134157	9.20141	
0.998398	-8.97226e-05	0.0565784	-8.63416e-05	0.999995	0.00310941	-0.0565784	-0.00310931	0.998393	-0.284139	-0.0159152	10.037	
0.99812	-0.000104968	0.0612891	-0.000100665	0.999994	0.00335203	-0.0612891	-0.00335189	0.998114	-0.333459	-0.0186188	10.8725	
0.99782	-0.000121352	0.0659987	-0.000115974	0.999994	0.00359208	-0.0659987	-0.0035919	0.997813	-0.38672	-0.0215243	11.7076	
0.997497	-0.000138864	0.070707	-0.000132245	0.999993	0.00382957	-0.070707	-0.00382933	0.99749	-0.443923	-0.0246297	12.5425	
0.997152	-0.000157491	0.0754139	-0.000149455	0.999992	0.00406449	-0.0754139	-0.00406418	0.997144	-0.505065	-0.0279326	13.3772	
0.996785	-0.000177221	0.0801193	-0.000167579	0.999991	0.00429683	-0.0801194	-0.00429645	0.996776	-0.570145	-0.031431	14.2115	
0.996396	-0.000198043	0.0848232	-0.000186593	0.99999	0.0045266	-0.0848232	-0.00452612	0.996386	-0.639163	-0.0351226	15.0455	
0.995985	-0.000219943	0.0895254	-0.000206474	0.999989	0.00475379	-0.0895254	-0.00475319	0.995973	-0.712117	-0.0390054	15.8792	
0.995551	-0.00024291	0.0942258	-0.000227198	0.999988	0.0049784	-0.0942258	-0.00497766	0.995538	-0.789005	-0.0430771	16.7125	
0.995095	-0.000266931	0.0989242	-0.00024874	0.999986	0.00520042	-0.0989243	-0.00519952	0.995081	-0.869826	-0.0473356	17.5454	
0.994617	-0.000291994	0.103621	-0.000271078	0.999985	0.00541985	-0.103621	-0.00541876	0.994602	-0.954578	-0.0517787	18.378	
0.994117	-0.000318087	0.108315	-0.000294186	0.999984	0.00563669	-0.108315	-0.00563539	0.994101	-1.04326	-0.0564041	19.2101	
0.993594	-0.000345198	0.113007	-0.000318042	0.999983	0.00585093	-0.113007	-0.00584939	0.993577	-1.13587	-0.0612098	20.0418	
0.99305	-0.000373314	0.117697	-0.00034262	0.999982	0.00606258	-0.117697	-0.00606076	0.993031	-1.2324	-0.0661934	20.8731	
0.992483	-0.000402423	0.122384	-0.000367897	0.99998	0.00627162	-0.122384	-0.0062695	0.992463	-1.33286	-0.0713528	21.7039	
0.991894	-0.000432512	0.127069	-0.00039385	0.999979	0.00647807	-0.127069	-0.0064756	0.991873	-1.43724	-0.0766858	22.5342	
0.991283	-0.000463569	0.131751	-0.000420453	0.999978	0.00668191	-0.131751	-0.00667906	0.99126	-1.54554	-0.0821902	23.364	
0.99065	-0.000495582	0.13643	-0.000447684	0.999976	0.00688315	-0.13643	-0.00687986	0.990626	-1.65776	-0.0878637	24.1933	
0.989994	-0.000528538	0.141106	-0.000475518	0.999975	0.00708178	-0.141107	-0.00707802	0.989969	-1.77389	-0.0937042	25.0221	
0.989317	-0.000562425	0.14578	-0.00050393	0.999973	0.0072778	-0.14578	-0.00727351	0.98929	-1.89393	-0.0997094	25.8503	
0.988617	-0.000597229	0.15045	-0.000532898	0.999972	0.00747121	-0.15045	-0.00746635	0.988589	-2.01788	-0.105877	26.6779	
0.987896	-0.000632939	0.155117	-0.000562397	0.99997	0.00766201	-0.155117	-0.00765651	0.987866	-2.14574	-0.112205	27.5049	
0.987152	-0.000669542	0.159781	-0.000592403	0.999969	0.00785021	-0.159781	-0.007844	0.987121	-2.27751	-0.118691	28.3313	
0.986387	-0.000707025	0.164441	-0.000622892	0.999968	0.00803579	-0.164442	-0.00802882	0.986354	-2.41318	-0.125333	29.1571	
0.985599	-0.000745376	0.169098	-0.00065384	0.999966	0.00821875	-0.169098	-0.00821096	0.985565	-2.55274	-0.132128	29.9822	
0.984789	-0.000784582	0.173751	-0.000685223	0.999964	0.00839911	-0.173752	-0.00839041	0.984754	-2.6962	-0.139075	30.8066	
0.983958	-0.000824631	0.178401	-0.000717018	0.999963	0.00857685	-0.178401	-0.00856718	0.983921	-2.84355	-0.14617	31.6304	
0.983104	-0.000865509	0.183046	-0.000749199	0.999961	0.00875198	-0.183047	-0.00874125	0.983065	-2.9948	-0.153413	32.4535	
0.982228	-0.000907204	0.187688	-0.000781744	0.99996	0.0089245	-0.187688	-0.00891262	0.982188	-3.14992	-0.1608	33.2758	
0.981331	-0.000949703	0.192325	-0.000814627	0.999958	0.00909441	-0.192326	-0.0090813	0.981289	-3.30894	-0.168329	34.0974	
0.980411	-0.000992994	0.196958	-0.000847826	0.999957	0.0092617	-0.196959	-0.00924726	0.980368	-3.47183	-0.175998	34.9182	
0.97947	-0.00103706	0.201587	-0.000881317	0.999955	0.00942638	-0.201588	-0.00941052	0.979425	-3.63859	-0.183805	35.7383	
0.978507	-0.0010819	0.206212	-0.000915074	0.999954	0.00958846	-0.206213	-0.00957107	0.97846	-3.80923	-0.191748	36.5575	
0.977522	-0.00112749	0.210832	-0.000949076	0.999952	0.00974792	-0.210833	-0.0097289	0.977474	-3.98374	-0.199824	37.3759	
0.976515	-0.00117382	0.215448	-0.000983296	0.99995	0.00990478	-0.215449	-0.00988401	0.976465	-4.16211	-0.20803	38.1935	
0.975486	-0.00122087	0.220058	-0.00101771	0.999949	0.010059	-0.220059	-0.0100364	0.975435	-4.34434	-0.216366	39.0103	
0.974435	-0.00126864	0.224664	-0.0010523	0.999947	0.0102107	-0.224665	-0.0101861	0.974383	-4.53043	-0.224828	39.8261	
0.973363	-0.00131711	0.229265	-0.00108704	0.999946	0.0103597	-0.229267	-0.010333	0.973309	-4.72037	-0.233414	40.6411	
0.972269	-0.00136628	0.233861	-0.0011219	0.999944	0.0105062	-0.233863	-0.0104772	0.972213	-4.91416	-0.242121	41.4552	
0.971153	-0.00141611	0.238452	-0.00115686	0.999943	0.01065	-0.238454	-0.0106186	0.971096	-5.11179	-0.250948	42.2683	
0.970016	-0.00146661	0.243038	-0.0011919	0.999941	0.0107913	-0.243039	-0.0107574	0.969957	-5.31327	-0.259893	43.0806	
0.968857	-0.00151776	0.247618	-0.00122699	0.99994	0.0109299	-0.24762	-0.0108933	0.968796	-5.51858	-0.268952	43.8918	
0.967676	-0.00156955	0.252193	-0.00126211	0.999938	0.011066	-0.252195	-0.0110266	0.967614	-5.72772	-0.278124	44.7021	
0.966473	-0.00162196	0.256762	-0.00129723	0.999936	0.0111994	-0.256764	-0.011157	0.96641	-5.94068	-0.287407	45.5113	
0.965249	-0.00167498	0.261326	-0.00133234	0.999935	0.0113303	-0.261328	-0.0112848	0.965184	-6.15747	-0.296797	46.3196	
0.964004	-0.0017286	0.265883	-0.0013674	0.999933	0.0114586	-0.265885	-0.0114097	0.963937	-6.37807	-0.306293	47.1268	
0.963149	-0.00176099	0.268962	-0.000688494	0.999959	0.00901256	-0.268967	-0.00886562	0.963109	-6.60187	-0.314777	47.9331	
0.962283	-0.0017853	0.272046	1.18463e-07	0.999978	0.00656194	-0.272052	-0.00631441	0.962262	-6.82826	-0.321129	48.7388	
0.961404	-0.00180147	0.275134	0.000698409	0.999991	0.00410709	-0.275139	-0.00375641	0.961397	-7.05722	-0.325343	49.5437	
0.960514	-0.00180943	0.278227	0.00140635	0.999998	0.00164833	-0.27823	-0.00119196	0.960514	-7.28877	-0.327414	50.3479	
0.959611	-0.00180913	0.281325	0.00212391	0.999997	-0.000813992	-0.281322	0.00137862	0.959612	-7.5229	-0.327336	51.1513	
0.958696	-0.00180051	0.284426	0.00285105	0.999991	-0.00327957	-0.284417	0.00395503	0.958693	-7.75963	-0.325104	51.954	
0.95777	-0.00178352	0.28753	0.00358773	0.999977	-0.00574809	-0.287513	0.00653693	0.957754	-7.99895	-0.320714	52.7559	
0.956832	-0.0017581	0.290637	0.00433392	0.999957	-0.00821922	-0.29061	0.00912401	0.956798	-8.24085	-0.314161	53.557	
0.955882	-0.00172421	0.293747	0.00508957	0.99993	-0.0106927	-0.293708	0.011716	0.955823	-8.48535	-0.30544	54.3574	
0.95492	-0.00168181	0.29686	0.00585464	0.999896	-0.0131681	-0.296807	0.0143125	0.95483	-8.73244	-0.294549	55.1568	
0.953946	-0.00163086	0.299974	0.00662907	0.999856	-0.0156452	-0.299905	0.0169132	0.953819	-8.98213	-0.281483	55.9555	
0.952961	-0.00157132	0.30309	0.00741281	0.999808	-0.0181237	-0.303004	0.0195179	0.95279	-9.23441	-0.266239	56.7533	
0.951964	-0.00150316	0.306207	0.00820581	0.999754	-0.0206032	-0.306101	0.0221262	0.951742	-9.48928	-0.248814	57.5502	
0.950955	-0.00142634	0.309326	0.00900801	0.999693	-0.0230835	-0.309198	0.0247378	0.950676	-9.74674	-0.229204	58.3462	
0.949935	-0.00134085	0.312444	0.00981935	0.999625	-0.0255642	-0.312293	0.0273523	0.949592	-10.0068	-0.207408	59.1414	
0.948904	-0.00124666	0.315563	0.0106398	0.99955	-0.0280451	-0.315386	0.0299696	0.94849	-10.2694	-0.183423	59.9356	
0.947861	-0.00114375	0.318682	0.0114692	0.999468	-0.0305258	-0.318478	0.0325893	0.94737	-10.5347	-0.157246	60.7289	
0.946807	-0.0010321	0.3218	0.0123075	0.999379	-0.0330061	-0.321566	0.035211	0.946232	-10.8025	-0.128876	61.5212	
0.945742	-0.000911706	0.324918	0.0131547	0.999284	-0.0354857	-0.324652	0.0378345	0.945076	-11.0729	-0.098311	62.3126	
0.944666	-0.000782551	0.328034	0.0140107	0.999181	-0.0379642	-0.327735	0.0404595	0.943903	-11.3459	-0.06555	63.103	
0.943579	-0.000644632	0.331148	0.0148754	0.999071	-0.0404414	-0.330815	0.0430856	0.942712	-11.6214	-0.0305918	63.8925	
0.942481	-0.000497946	0.334261	0.0157488	0.998955	-0.042917	-0.33389	0.0457126	0.941503	-11.8996	0.0065645	64.6809	
0.941372	-0.000342495	0.337371	0.0166306	0.998831	-0.0453907	-0.336961	0.0483402	0.940277	-12.1803	0.0459195	65.4683	
0.940252	-0.000178282	0.340478	0.0175209	0.9987	-0.0478622	-0.340027	0.050968	0.939033	-12.4635	0.0874735	66.2547	
0.939122	-5.31661e-06	0.343583	0.0184196	0.998563	-0.0503312	-0.343089	0.0535958	0.937773	-12.7494	0.131227	67.04	
0.937982	0.00017639	0.346684	0.0193265	0.998418	-0.0527974	-0.346145	0.0562232	0.936495	-13.0378	0.177179	67.8242	
0.936831	0.000366824	0.349782	0.0202416	0.998267	-0.0552606	-0.349196	0.05885	0.9352	-13.3287	0.22533	68.6074	
0.93567	0.000565966	0.352875	0.0211648	0.998108	-0.0577205	-0.35224	0.0614759	0.933888	-13.6222	0.275678	69.3895	
0.934499	0.000773795	0.355964	0.0220959	0.997943	-0.0601768	-0.355278	0.0641005	0.93256	-13.9183	0.328224	70.1705	
0.937873	6.76947e-05	0.346979	0.028608	0.99658	-0.0775209	-0.345797	0.0826312	0.934664	-14.2117	0.389623	70.9518	
0.941155	-0.000816577	0.337975	0.0349425	0.994873	-0.0949004	-0.336165	0.101126	0.936358	-14.497	0.466516	71.7348	
0.944343	-0.00187863	0.328957	0.0410968	0.992823	-0.112307	-0.326385	0.119576	0.937643	-14.7743	0.558869	72.5189	
0.947437	-0.00311801	0.319928	0.047068	0.990431	-0.129735	-0.316462	0.137974	0.938517	-15.0433	0.66664	73.304	
0.950434	-0.00453416	0.310894	0.0528536	0.987697	-0.147174	-0.306401	0.156311	0.938981	-15.3039	0.789784	74.0897	
0.953334	-0.00612647	0.301856	0.0584511	0.984624	-0.164618	-0.296206	0.17458	0.939033	-15.5561	0.928245	74.8755	
0.956135	-0.00789424	0.29282	0.0638579	0.981212	-0.18206	-0.285881	0.192773	0.938675	-15.7996	1.08196	75.6612	
0.958836	-0.0098367	0.28379	0.0690718	0.977462	-0.199491	-0.275432	0.210881	0.937905	-16.0345	1.25087	76.4465	
0.961436	-0.011953	0.274769	0.0740904	0.973377	-0.216904	-0.264861	0.228897	0.936726	-16.2606	1.4349	77.2309	
0.963934	-0.0142422	0.265761	0.0789116	0.968959	-0.234291	-0.254175	0.246813	0.935136	-16.4778	1.63396	78.0142	
0.966328	-0.0167033	0.256771	0.0835332	0.964208	-0.251645	-0.243377	0.264621	0.933136	-16.686	1.84797	78.796	
0.968618	-0.0193353	0.247801	0.0879533	0.959128	-0.268958	-0.232473	0.282312	0.930729	-16.8851	2.07683	79.5759	
0.970802	-0.0221369	0.238857	0.0921698	0.95372	-0.286222	-0.221467	0.299881	0.927914	-17.0751	2.32045	80.3537	
