1	0	0	0	1	0	0	0	1	0	0	0	
1	1.97176e-06	-0.000785978	1.97176e-06	0.999987	0.00501732	0.000785978	-0.00501732	0.999987	0.000359447	-0.00229454	0.914643	
0.999999	7.89723e-06	-0.00157327	7.89088e-06	0.99995	0.010035	0.00157327	-0.010035	0.999948	0.00143839	-0.00917831	1.82926	
0.999997	1.779e-05	-0.00236186	1.77646e-05	0.999887	0.0150528	0.00236186	-0.0150528	0.999884	0.00323802	-0.0206515	2.74383	
0.999995	3.16635e-05	-0.00315172	3.16e-05	0.999799	0.0200706	0.00315172	-0.0200706	0.999794	0.00575952	-0.0367143	3.65833	
0.999992	4.95312e-05	-0.00394283	4.94041e-05	0.999685	0.0250884	0.00394283	-0.0250884	0.999677	0.00900403	-0.0573666	4.57274	
0.999989	7.14061e-05	-0.00473517	7.11837e-05	0.999547	0.0301059	0.00473517	-0.0301059	0.999535	0.0129727	-0.0826083	5.48703	
0.999985	9.73013e-05	-0.00552872	9.69455e-05	0.999383	0.035123	0.00552872	-0.035123	0.999368	0.0176666	-0.112439	6.40118	
0.99998	0.00012723	-0.00632344	0.000126696	0.999194	0.0401396	0.00632345	-0.0401396	0.999174	0.0230869	-0.146859	7.31516	
0.999975	0.000161204	-0.00711933	0.000160442	0.99898	0.0451556	0.00711935	-0.0451556	0.998955	0.0292346	-0.185866	8.22895	
0.999969	0.000199238	-0.00791636	0.000198189	0.998741	0.0501707	0.00791639	-0.0501707	0.998709	0.0361108	-0.229461	9.14253	
0.999962	0.000241342	-0.0087145	0.000239944	0.998476	0.0551849	0.00871454	-0.0551849	0.998438	0.0437166	-0.277643	10.0559	
0.999955	0.00028753	-0.00951374	0.000285712	0.998186	0.060198	0.00951379	-0.060198	0.998141	0.0520528	-0.33041	10.969	
0.999947	0.000337814	-0.010314	0.0003355	0.997872	0.0652099	0.0103141	-0.0652099	0.997818	0.0611206	-0.387762	11.8818	
0.999938	0.000392205	-0.0111154	0.000389314	0.997531	0.0702204	0.0111155	-0.0702204	0.99747	0.0709209	-0.449698	12.7943	
0.999929	0.000450717	-0.0119178	0.000447158	0.997166	0.0752294	0.0119179	-0.0752294	0.997095	0.0814546	-0.516215	13.7064	
0.999919	0.00051336	-0.0127211	0.000509039	0.996776	0.0802367	0.0127213	-0.0802367	0.996695	0.0927227	-0.587314	14.6182	
0.999908	0.000580147	-0.0135255	0.000574961	0.99636	0.0852423	0.0135257	-0.0852423	0.996268	0.104726	-0.662991	15.5297	
0.999897	0.000651089	-0.0143308	0.000644931	0.995919	0.0902459	0.0143311	-0.0902459	0.995816	0.117466	-0.743246	16.4407	
0.999885	0.000726196	-0.015137	0.000718952	0.995453	0.0952475	0.0151374	-0.0952474	0.995339	0.130942	-0.828077	17.3513	
0.999873	0.000805482	-0.0159442	0.000797031	0.994962	0.100247	0.0159446	-0.100247	0.994835	0.145157	-0.917481	18.2614	
0.999859	0.000888956	-0.0167522	0.000879171	0.994446	0.105244	0.0167527	-0.105244	0.994305	0.16011	-1.01146	19.1711	
0.999845	0.00097663	-0.0175611	0.000965378	0.993905	0.110238	0.0175617	-0.110238	0.99375	0.175803	-1.11	20.0803	
0.999831	0.00106851	-0.0183708	0.00105566	0.993338	0.11523	0.0183715	-0.11523	0.993169	0.192236	-1.21311	20.989	
0.999815	0.00116462	-0.0191813	0.00115001	0.992747	0.120219	0.0191822	-0.120219	0.992562	0.20941	-1.32079	21.8971	
0.999799	0.00126496	-0.0199927	0.00124844	0.99213	0.125206	0.0199937	-0.125205	0.991929	0.227326	-1.43303	22.8047	
0.999783	0.00136953	-0.0208047	0.00135096	0.991488	0.130189	0.020806	-0.130189	0.991271	0.245985	-1.54983	23.7116	
0.999765	0.00147837	-0.0216176	0.00145756	0.990822	0.135169	0.021619	-0.135168	0.990587	0.265387	-1.67118	24.618	
0.999747	0.00159146	-0.0224311	0.00156826	0.99013	0.140145	0.0224327	-0.140145	0.989877	0.285533	-1.79709	25.5237	
0.999728	0.00170883	-0.0232453	0.00168305	0.989413	0.145118	0.0232472	-0.145118	0.989141	0.306424	-1.92755	26.4287	
0.999709	0.00183047	-0.0240602	0.00180194	0.988671	0.150088	0.0240624	-0.150088	0.98838	0.328059	-2.06255	27.3331	
0.999689	0.00195641	-0.0248758	0.00192493	0.987904	0.155054	0.0248782	-0.155053	0.987593	0.350441	-2.2021	28.2368	
0.999668	0.00208665	-0.0256919	0.00205203	0.987112	0.160016	0.0256947	-0.160015	0.98678	0.373569	-2.34619	29.1397	
0.999646	0.00222121	-0.0265087	0.00218324	0.986296	0.164974	0.0265118	-0.164973	0.985942	0.397445	-2.49481	30.0419	
0.999624	0.00236008	-0.027326	0.00231856	0.985454	0.169928	0.0273295	-0.169927	0.985078	0.422068	-2.64797	30.9433	
0.999601	0.00250328	-0.0281438	0.00245799	0.984587	0.174877	0.0281478	-0.174876	0.984188	0.447439	-2.80566	31.8439	
0.999577	0.00265082	-0.0289622	0.00260155	0.983696	0.179822	0.0289667	-0.179821	0.983273	0.473558	-2.96787	32.7436	
0.999553	0.0028027	-0.0297811	0.00274922	0.982779	0.184762	0.0297861	-0.184762	0.982332	0.500428	-3.1346	33.6425	
0.999527	0.00295894	-0.0306004	0.00290101	0.981838	0.189698	0.0306059	-0.189697	0.981365	0.528046	-3.30585	34.5406	
0.999501	0.00311954	-0.0314202	0.00305693	0.980872	0.194629	0.0314263	-0.194628	0.980374	0.556415	-3.48161	35.4377	
0.999475	0.00328452	-0.0322404	0.00321698	0.979881	0.199555	0.0322472	-0.199554	0.979356	0.585535	-3.66188	36.334	
0.999447	0.00345387	-0.033061	0.00338116	0.978866	0.204476	0.0330685	-0.204475	0.978313	0.615405	-3.84665	37.2293	
0.999419	0.00362762	-0.0338819	0.00354947	0.977825	0.209391	0.0338902	-0.20939	0.977245	0.646027	-4.03593	38.1236	
0.99939	0.00380576	-0.0347032	0.00372191	0.97676	0.214302	0.0347123	-0.2143	0.976151	0.6774	-4.22969	39.0169	
0.999361	0.0039883	-0.0355248	0.00389849	0.975671	0.219206	0.0355348	-0.219205	0.975032	0.709526	-4.42794	39.9092	
0.999331	0.00417525	-0.0363467	0.0040792	0.974556	0.224105	0.0363576	-0.224103	0.973887	0.742404	-4.63068	40.8005	
0.999299	0.00436662	-0.0371689	0.00426406	0.973417	0.228998	0.0371808	-0.228996	0.972717	0.776035	-4.83789	41.6908	
0.999268	0.00456242	-0.0379913	0.00445305	0.972254	0.233885	0.0380043	-0.233883	0.971522	0.810419	-5.04958	42.5799	
0.999235	0.00476265	-0.0388139	0.00464618	0.971066	0.238767	0.0388281	-0.238764	0.970301	0.845556	-5.26573	43.4679	
0.999202	0.00496732	-0.0396367	0.00484345	0.969853	0.243642	0.0396521	-0.243639	0.969055	0.881447	-5.48634	44.3549	
0.999168	0.00517643	-0.0404597	0.00504487	0.968616	0.24851	0.0404763	-0.248507	0.967784	0.918092	-5.71141	45.2406	
0.999133	0.00539	-0.0412828	0.00525043	0.967355	0.253372	0.0413008	-0.253369	0.966488	0.955491	-5.94094	46.1252	
0.999097	0.00560803	-0.042106	0.00546013	0.966069	0.258228	0.0421255	-0.258224	0.965166	0.993644	-6.1749	47.0086	
0.999061	0.00583052	-0.0429293	0.00567398	0.964758	0.263076	0.0429503	-0.263073	0.963819	1.03255	-6.4133	47.8908	
0.999024	0.00605748	-0.0437527	0.00589197	0.963424	0.267918	0.0437753	-0.267915	0.962448	1.07221	-6.65613	48.7717	
0.998986	0.00628893	-0.0445761	0.00611411	0.962065	0.272753	0.0446004	-0.272749	0.961051	1.11263	-6.90339	49.6514	
0.998948	0.00652485	-0.0453995	0.00634039	0.960681	0.277581	0.0454256	-0.277576	0.959629	1.1538	-7.15507	50.5297	
0.998908	0.00676526	-0.0462229	0.00657082	0.959274	0.282401	0.0462509	-0.282396	0.958182	1.19573	-7.41116	51.4068	
0.998868	0.00701017	-0.0470462	0.00680539	0.957842	0.287214	0.0470762	-0.287209	0.95671	1.23841	-7.67165	52.2825	
0.998827	0.00725958	-0.0478694	0.00704411	0.956386	0.292019	0.0479016	-0.292014	0.955214	1.28184	-7.93655	53.1569	
0.998786	0.00751349	-0.0486926	0.00728697	0.954907	0.296817	0.048727	-0.296812	0.953692	1.32603	-8.20583	54.0299	
0.99859	0.00867167	-0.0523712	0.00761857	0.952942	0.303056	0.0525348	-0.303028	0.951533	1.37234	-8.48015	54.9012	
0.99838	0.00985325	-0.0560396	0.00797541	0.950935	0.309287	0.0563375	-0.309232	0.949316	1.42213	-8.76016	55.7705	
0.998155	0.0110582	-0.0596976	0.00835747	0.948886	0.315507	0.0601352	-0.315424	0.947044	1.4754	-9.04583	56.6378	
0.997916	0.0122864	-0.0633451	0.00876474	0.946795	0.321717	0.0639276	-0.321602	0.944714	1.53214	-9.33715	57.5029	
0.997662	0.0135379	-0.0669819	0.00919719	0.944662	0.327916	0.0677145	-0.327766	0.942329	1.59234	-9.63413	58.3659	
0.997394	0.0148126	-0.0706078	0.00965479	0.942487	0.334103	0.0714959	-0.333914	0.939888	1.656	-9.93673	59.2267	
0.997112	0.0161104	-0.0742228	0.0101375	0.94027	0.340278	0.0752715	-0.340047	0.937391	1.72312	-10.245	60.0852	
0.996815	0.0174313	-0.0778267	0.0106454	0.938012	0.346439	0.0790413	-0.346164	0.934838	1.79369	-10.5588	60.9414	
0.996503	0.0187752	-0.0814194	0.0111782	0.935712	0.352586	0.082805	-0.352264	0.93223	1.86771	-10.8782	61.7953	
0.996177	0.0201422	-0.0850007	0.0117361	0.933372	0.358719	0.0865626	-0.358345	0.929567	1.94517	-11.2032	62.6467	
0.995837	0.021532	-0.0885705	0.0123189	0.93099	0.364836	0.0903139	-0.364408	0.926849	2.02606	-11.5337	63.4957	
0.995483	0.0229447	-0.0921287	0.0129267	0.928568	0.370937	0.0940588	-0.370452	0.924077	2.11038	-11.8698	64.3422	
0.995114	0.0243801	-0.0956751	0.0135592	0.926105	0.377021	0.0977971	-0.376476	0.92125	2.19812	-12.2114	65.1861	
0.994731	0.0258384	-0.0992097	0.0142165	0.923603	0.383088	0.101529	-0.38248	0.918369	2.28927	-12.5584	66.0274	
0.994334	0.0273193	-0.102732	0.0148986	0.92106	0.389136	0.105253	-0.388462	0.915434	2.38384	-12.911	66.8661	
0.993922	0.0288228	-0.106243	0.0156052	0.918477	0.395166	0.108971	-0.394422	0.912445	2.48181	-13.269	67.702	
0.993497	0.0303489	-0.109741	0.0163364	0.915855	0.401176	0.112682	-0.40036	0.909404	2.58318	-13.6325	68.5352	
0.993057	0.0318974	-0.113227	0.0170921	0.913194	0.407166	0.116385	-0.406274	0.906309	2.68794	-14.0014	69.3655	
0.990504	0.0402016	-0.131479	0.0184422	0.908804	0.416816	0.136245	-0.415282	0.899432	2.80348	-14.3771	70.1914	
0.987549	0.0486856	-0.149587	0.0200041	0.904318	0.42639	0.156033	-0.424073	0.892085	2.93715	-14.761	71.0107	
0.984196	0.0573451	-0.167542	0.0217772	0.89974	0.435883	0.17574	-0.432642	0.884271	3.08888	-15.1528	71.8231	
0.980445	0.0661755	-0.185334	0.0237603	0.895071	0.44529	0.195355	-0.440986	0.875996	3.2586	-15.5524	72.6282	
0.976298	0.0751723	-0.202955	0.0259526	0.890315	0.454606	0.214867	-0.449098	0.867262	3.44621	-15.9595	73.4254	
0.971759	0.0843307	-0.220394	0.0283528	0.885472	0.463826	0.234268	-0.456976	0.858074	3.65162	-16.3738	74.2145	
0.966828	0.0936459	-0.237643	0.0309597	0.880547	0.472946	0.253546	-0.464615	0.848438	3.87472	-16.7953	74.995	
0.961509	0.103113	-0.254693	0.033772	0.875542	0.48196	0.272691	-0.472011	0.838359	4.11539	-17.2237	75.7664	
0.955804	0.112727	-0.271535	0.0367881	0.870459	0.490865	0.291694	-0.47916	0.827841	4.37351	-17.6587	76.5285	
0.949717	0.122484	-0.288159	0.0400065	0.865301	0.499654	0.310544	-0.486058	0.81689	4.64893	-18.1001	77.2807	
0.94325	0.132377	-0.304558	0.0434255	0.86007	0.508325	0.329232	-0.492703	0.805513	4.94153	-18.5478	78.0227	
0.936407	0.142402	-0.320723	0.0470434	0.85477	0.516871	0.347747	-0.49909	0.793714	5.25114	-19.0014	78.754	
0.929192	0.152553	-0.336645	0.0508582	0.849403	0.525289	0.366081	-0.505216	0.7815	5.57761	-19.4607	79.4745	
0.921608	0.162825	-0.352316	0.0548679	0.843971	0.533574	0.384224	-0.511077	0.768877	5.92075	-19.9255	80.1835	
0.91366	0.173214	-0.367727	0.0590704	0.838479	0.541723	0.402165	-0.516672	0.755853	6.2804	-20.3955	80.8808	
0.90535	0.183712	-0.382872	0.0634636	0.832928	0.54973	0.419897	-0.521996	0.742433	6.65637	-20.8705	81.5661	
0.896685	0.194316	-0.397741	0.0680451	0.827322	0.557591	0.437408	-0.527048	0.728625	7.04845	-21.3503	82.2388	
0.887668	0.205019	-0.412327	0.0728126	0.821663	0.565303	0.454692	-0.531824	0.714436	7.45645	-21.8346	82.8988	
0.878304	0.215815	-0.426622	0.0777635	0.815955	0.572861	0.471737	-0.536322	0.699874	7.88014	-22.3231	83.5456	
0.868597	0.2267	-0.44062	0.0828953	0.8102	0.580262	0.488536	-0.540539	0.684945	8.31932	-22.8156	84.179	
0.858554	0.237667	-0.454312	0.0882052	0.804402	0.587501	0.505079	-0.544474	0.669659	8.77374	-23.3118	84.7985	
