1	0	0	0	1	0	0	0	1	0	0	0	
1	1.06976e-10	1.07928e-05	1.06976e-10	1	-1.98236e-05	-1.07928e-05	1.98236e-05	1	-4.66869e-06	8.57523e-06	0.865152	
1	4.85033e-10	2.29806e-05	4.85089e-10	1	-4.22148e-05	-2.29806e-05	4.22148e-05	1	-1.92782e-05	3.54116e-05	1.7303	
1	1.22788e-09	3.65625e-05	1.22813e-09	1	-6.71729e-05	-3.65625e-05	6.71729e-05	1	-4.50351e-05	8.273e-05	2.59545	
1	2.43987e-09	5.15374e-05	2.44056e-09	1	-9.4697e-05	-5.15374e-05	9.4697e-05	1	-8.3145e-05	0.000152751	3.46061	
1	4.23599e-09	6.79041e-05	4.23753e-09	1	-0.000124786	-6.79041e-05	0.000124786	1	-0.000134812	0.000247694	4.32576	
1	6.7418e-09	8.56616e-05	6.74477e-09	1	-0.00015744	-8.56616e-05	0.00015744	1	-0.000201241	0.000369779	5.19091	
1	1.00935e-08	0.000104809	1.00987e-08	1	-0.000192657	-0.000104809	0.000192657	1	-0.000283634	0.000521222	6.05606	
1	1.44376e-08	0.000125344	1.44462e-08	1	-0.000230436	-0.000125344	0.000230436	1	-0.000383193	0.000704242	6.92121	
1	1.99315e-08	0.000147266	1.99447e-08	1	-0.000270776	-0.000147266	0.000270776	1	-0.000501117	0.000921054	7.78636	
1	2.67426e-08	0.000170574	2.67623e-08	1	-0.000313676	-0.000170574	0.000313676	1	-0.000638607	0.00117387	8.65152	
1	3.50492e-08	0.000195266	3.50774e-08	1	-0.000359134	-0.000195266	0.000359134	1	-0.000796861	0.00146492	9.51667	
1	4.50395e-08	0.000221341	4.5079e-08	1	-0.000407148	-0.000221341	0.000407148	1	-0.000977075	0.00179639	10.3818	
1	5.69123e-08	0.000248797	5.69663e-08	1	-0.000457717	-0.000248797	0.000457717	1	-0.00118044	0.00217051	11.247	
1	7.08767e-08	0.000277632	7.0949e-08	1	-0.00051084	-0.000277632	0.00051084	1	-0.00140817	0.00258948	12.1121	
1	8.71521e-08	0.000307846	8.7247e-08	1	-0.000566514	-0.000307846	0.000566514	1	-0.00166143	0.00305552	12.9773	
1	1.05968e-07	0.000339436	1.06091e-07	1	-0.000624738	-0.000339436	0.000624738	1	-0.00194143	0.00357083	13.8424	
1	1.27564e-07	0.0003724	1.2772e-07	1	-0.00068551	-0.0003724	0.00068551	1	-0.00224935	0.00413761	14.7076	
1	1.52189e-07	0.000406738	1.52387e-07	1	-0.000748827	-0.000406738	0.000748827	1	-0.00258639	0.00475807	15.5727	
1	1.80105e-07	0.000442446	1.8035e-07	1	-0.000814687	-0.000442446	0.000814687	1	-0.00295372	0.00543441	16.4379	
1	2.11579e-07	0.000479524	2.11882e-07	1	-0.000883088	-0.000479524	0.000883088	0.999999	-0.00335254	0.00616882	17.303	
1	2.46893e-07	0.000517968	2.47263e-07	1	-0.000954028	-0.000517968	0.000954028	0.999999	-0.00378404	0.00696352	18.1682	
1	2.86336e-07	0.000557779	2.86784e-07	0.999999	-0.0010275	-0.000557779	0.0010275	0.999999	-0.00424938	0.00782068	19.0333	
1	3.30206e-07	0.000598952	3.30746e-07	0.999999	-0.00110351	-0.000598952	0.00110351	0.999999	-0.00474975	0.00874251	19.8985	
1	3.78814e-07	0.000641486	3.79458e-07	0.999999	-0.00118206	-0.000641486	0.00118206	0.999999	-0.00528633	0.00973119	20.7636	
1	4.32478e-07	0.00068538	4.33242e-07	0.999999	-0.00126312	-0.00068538	0.00126312	0.999999	-0.0058603	0.0107889	21.6288	
1	4.91526e-07	0.00073063	4.92428e-07	0.999999	-0.00134672	-0.00073063	0.00134672	0.999999	-0.00647284	0.0119179	22.4939	
1	5.56297e-07	0.000777235	5.57354e-07	0.999999	-0.00143284	-0.000777235	0.00143284	0.999999	-0.0071251	0.0131202	23.3591	
1	6.27137e-07	0.000825193	6.28371e-07	0.999999	-0.00152147	-0.000825193	0.00152147	0.999999	-0.00781827	0.0143982	24.2242	
1	7.04405e-07	0.0008745	7.05837e-07	0.999999	-0.00161262	-0.0008745	0.00161262	0.999998	-0.00855352	0.0157539	25.0894	
1	7.88465e-07	0.000925155	7.9012e-07	0.999999	-0.00170629	-0.000925155	0.00170629	0.999998	-0.00933201	0.0171896	25.9545	
1	8.79693e-07	0.000977156	8.81598e-07	0.999998	-0.00180247	-0.000977156	0.00180247	0.999998	-0.0101549	0.0187074	26.8197	
0.999999	9.78475e-07	0.0010305	9.80657e-07	0.999998	-0.00190115	-0.0010305	0.00190115	0.999998	-0.0110234	0.0203095	27.6848	
0.999999	1.0852e-06	0.00108518	1.08769e-06	0.999998	-0.00200233	-0.00108518	0.00200233	0.999997	-0.0119386	0.0219981	28.55	
0.999999	1.20028e-06	0.0011412	1.20311e-06	0.999998	-0.00210602	-0.0011412	0.00210602	0.999997	-0.0129016	0.0237752	29.4151	
0.999999	1.32412e-06	0.00119856	1.32733e-06	0.999998	-0.00221219	-0.00119856	0.00221219	0.999997	-0.0139138	0.0256432	30.2803	
0.999999	1.45714e-06	0.00125725	1.46077e-06	0.999997	-0.00232087	-0.00125725	0.00232087	0.999997	-0.0149761	0.0276041	31.1454	
0.999999	1.59977e-06	0.00131727	1.60386e-06	0.999997	-0.00243202	-0.00131727	0.00243202	0.999996	-0.0160898	0.0296601	32.0106	
0.999999	1.75245e-06	0.00137861	1.75705e-06	0.999997	-0.00254567	-0.00137861	0.00254567	0.999996	-0.0172559	0.0318133	32.8757	
0.999999	1.91562e-06	0.00144128	1.92077e-06	0.999996	-0.00266179	-0.00144128	0.00266179	0.999995	-0.0184757	0.0340659	33.7409	
0.999999	2.08975e-06	0.00150527	2.0955e-06	0.999996	-0.00278039	-0.00150527	0.00278039	0.999995	-0.0197504	0.0364201	34.606	
0.999999	2.27529e-06	0.00157058	2.2817e-06	0.999996	-0.00290146	-0.00157058	0.00290146	0.999995	-0.0210809	0.0388779	35.4712	
0.999999	2.47271e-06	0.00163721	2.47984e-06	0.999995	-0.00302499	-0.00163721	0.00302499	0.999994	-0.0224685	0.0414415	36.3363	
0.999999	2.6825e-06	0.00170514	2.69041e-06	0.999995	-0.00315099	-0.00170514	0.00315099	0.999994	-0.0239143	0.0441131	37.2015	
0.999998	2.90515e-06	0.00177439	2.91389e-06	0.999995	-0.00327945	-0.00177439	0.00327945	0.999993	-0.0254195	0.0468948	38.0666	
0.999998	3.14114e-06	0.00184494	3.1508e-06	0.999994	-0.00341036	-0.00184494	0.00341036	0.999992	-0.0269851	0.0497886	38.9318	
0.999998	3.39098e-06	0.0019168	3.40164e-06	0.999994	-0.00354372	-0.0019168	0.00354372	0.999992	-0.0286124	0.0527968	39.7969	
0.999998	3.6552e-06	0.00198995	3.66691e-06	0.999993	-0.00367953	-0.00198995	0.00367953	0.999991	-0.0303023	0.0559214	40.662	
0.999998	3.93429e-06	0.0020644	3.94716e-06	0.999993	-0.00381777	-0.0020644	0.00381777	0.999991	-0.0320561	0.0591645	41.5272	
0.999998	4.2288e-06	0.00214015	4.2429e-06	0.999992	-0.00395845	-0.00214015	0.00395845	0.99999	-0.0338749	0.0625283	42.3923	
0.999998	4.53926e-06	0.00221718	4.55469e-06	0.999992	-0.00410155	-0.00221718	0.00410155	0.999989	-0.0357598	0.0660149	43.2575	
0.999997	4.8662e-06	0.00229551	4.88306e-06	0.999991	-0.00424708	-0.00229551	0.00424708	0.999988	-0.0377119	0.0696263	44.1226	
0.999997	5.21019e-06	0.00237511	5.22857e-06	0.99999	-0.00439503	-0.00237511	0.00439503	0.999988	-0.0397323	0.0733647	44.9878	
0.999997	5.57176e-06	0.002456	5.59178e-06	0.99999	-0.00454539	-0.002456	0.00454539	0.999987	-0.0418221	0.0772321	45.8529	
0.999997	5.9515e-06	0.00253816	5.97326e-06	0.999989	-0.00469816	-0.00253816	0.00469816	0.999986	-0.0439824	0.0812306	46.718	
0.999997	6.34996e-06	0.00262159	6.37359e-06	0.999988	-0.00485333	-0.00262159	0.00485333	0.999985	-0.0462144	0.0853624	47.5832	
0.999996	6.76773e-06	0.00270629	6.79335e-06	0.999987	-0.0050109	-0.00270629	0.0050109	0.999984	-0.0485191	0.0896294	48.4483	
0.999996	7.2054e-06	0.00279226	7.23313e-06	0.999987	-0.00517086	-0.00279226	0.00517086	0.999983	-0.0508977	0.0940338	49.3134	
0.999996	7.66354e-06	0.00287949	7.69353e-06	0.999986	-0.00533321	-0.00287949	0.00533321	0.999982	-0.0533511	0.0985776	50.1786	
0.999998	4.36533e-07	0.00183228	1.50808e-05	0.999964	-0.00846882	-0.00183222	0.00846884	0.999962	-0.0553893	0.104548	51.0437	
1	-1.00605e-05	0.000786591	1.91895e-05	0.999933	-0.0116067	-0.000786422	0.0116067	0.999932	-0.0565221	0.113232	51.9088	
1	-2.38211e-05	-0.000257628	2.00193e-05	0.999891	-0.0147468	0.000257951	0.0147468	0.999891	-0.0567507	0.124632	52.7739	
0.999999	-4.08394e-05	-0.00130041	1.75699e-05	0.99984	-0.0178889	0.00130094	0.0178889	0.999839	-0.0560764	0.13875	53.6389	
0.999997	-6.11097e-05	-0.00234181	1.18411e-05	0.999779	-0.0210329	0.00234258	0.0210329	0.999776	-0.0545003	0.155586	54.5039	
0.999994	-8.46268e-05	-0.00338185	2.8329e-06	0.999708	-0.0241788	0.00338291	0.0241787	0.999702	-0.0520235	0.175144	55.3688	
0.99999	-0.000111386	-0.00442059	-9.45458e-06	0.999627	-0.0273264	0.00442198	0.0273262	0.999617	-0.0486473	0.197423	56.2337	
0.999985	-0.000141382	-0.00545805	-2.50211e-05	0.999536	-0.0304756	0.00545983	0.0304753	0.999521	-0.0443727	0.222427	57.0985	
0.999979	-0.000174612	-0.0064943	-4.38664e-05	0.999434	-0.0336263	0.00649649	0.0336258	0.999413	-0.0392007	0.250155	57.9632	
0.999972	-0.000211072	-0.00752935	-6.59899e-05	0.999323	-0.0367783	0.00753202	0.0367778	0.999295	-0.0331323	0.28061	58.8278	
0.999963	-0.000250757	-0.00856327	-9.1391e-05	0.999202	-0.0399316	0.00856645	0.0399309	0.999166	-0.0261685	0.313793	59.6922	
0.999954	-0.000293666	-0.00959608	-0.000120069	0.999071	-0.043086	0.00959982	0.0430852	0.999025	-0.0183102	0.349704	60.5566	
0.999943	-0.000339796	-0.0106278	-0.000152023	0.99893	-0.0462415	0.0106322	0.0462405	0.998874	-0.00955829	0.388344	61.4209	
0.999932	-0.000389144	-0.0116586	-0.000187253	0.998779	-0.0493978	0.0116636	0.0493967	0.998711	8.63179e-05	0.429714	62.285	
0.999919	-0.000441709	-0.0126883	-0.000225756	0.998618	-0.052555	0.012694	0.0525536	0.998537	0.0106228	0.473815	63.1489	
0.999906	-0.000497489	-0.0137172	-0.000267532	0.998447	-0.0557128	0.0137236	0.0557113	0.998353	0.0220505	0.520648	64.0127	
0.999891	-0.000556483	-0.0147451	-0.00031258	0.998266	-0.0588712	0.0147523	0.0588694	0.998157	0.0343685	0.570213	64.8764	
0.999875	-0.000618691	-0.0157722	-0.000360898	0.998074	-0.0620301	0.0157802	0.0620281	0.99795	0.0475761	0.62251	65.7398	
0.999859	-0.000684113	-0.0167985	-0.000412484	0.997873	-0.0651893	0.0168074	0.065187	0.997732	0.0616727	0.677541	66.6031	
0.999841	-0.000752748	-0.0178241	-0.000467338	0.997661	-0.0683487	0.0178338	0.0683461	0.997502	0.0766577	0.735304	67.4662	
0.999822	-0.000824597	-0.0188489	-0.000525456	0.99744	-0.0715082	0.0188596	0.0715054	0.997262	0.0925304	0.7958	68.3291	
0.999802	-0.000899662	-0.019873	-0.000586838	0.997208	-0.0746677	0.0198847	0.0746645	0.99701	0.10929	0.85903	69.1918	
0.999781	-0.000977943	-0.0208965	-0.000651481	0.996967	-0.077827	0.0209093	0.0778236	0.996748	0.126937	0.924993	70.0542	
0.999759	-0.00105944	-0.0219195	-0.000719383	0.996715	-0.0809861	0.0219333	0.0809824	0.996474	0.145469	0.993688	70.9165	
0.999736	-0.00114416	-0.0229418	-0.000790543	0.996453	-0.0841449	0.0229567	0.0841408	0.996189	0.164888	1.06512	71.7784	
0.99953	-0.00186922	-0.0306017	-0.00133213	0.994549	-0.10426	0.0306298	0.104252	0.994079	0.188069	1.14661	72.6394	
0.999265	-0.0027489	-0.0382435	-0.00202868	0.992239	-0.124328	0.0382885	0.124314	0.991504	0.217882	1.24549	73.4984	
0.998941	-0.00378277	-0.0458638	-0.00287985	0.989524	-0.144339	0.0459293	0.144319	0.988465	0.254314	1.3617	74.3549	
0.998558	-0.00497037	-0.0534588	-0.00388526	0.986405	-0.164284	0.0535486	0.164255	0.984963	0.297348	1.49519	75.2086	
0.998116	-0.00631113	-0.0610251	-0.00504443	0.982884	-0.184154	0.0611429	0.184115	0.981001	0.346963	1.64589	76.059	
0.997617	-0.00780442	-0.0685592	-0.00635681	0.978963	-0.203939	0.0687086	0.203889	0.97658	0.403135	1.81374	76.9059	
0.997059	-0.00944955	-0.0760575	-0.00782181	0.974643	-0.22363	0.0762421	0.223567	0.971702	0.46584	1.99865	77.7487	
0.996443	-0.0112458	-0.0835165	-0.00943872	0.969926	-0.243218	0.0837399	0.243141	0.96637	0.535047	2.20054	78.5871	
0.99577	-0.0131922	-0.0909327	-0.0112068	0.964814	-0.262693	0.0911986	0.262601	0.960585	0.610724	2.41932	79.4207	
0.995039	-0.0152879	-0.0983026	-0.0131252	0.959311	-0.282047	0.0986147	0.281938	0.954351	0.692836	2.65489	80.2491	
0.994252	-0.017532	-0.105623	-0.0151931	0.953418	-0.301271	0.105985	0.301143	0.947671	0.781344	2.90712	81.0719	
0.993408	-0.0199234	-0.11289	-0.0174094	0.947138	-0.320354	0.113305	0.320208	0.940547	0.876207	3.17592	81.8887	
0.992508	-0.0224609	-0.120101	-0.0197731	0.940474	-0.33929	0.120572	0.339123	0.932984	0.97738	3.46114	82.6992	
0.991552	-0.0251434	-0.127251	-0.0222832	0.93343	-0.358068	0.127783	0.357879	0.924983	1.08482	3.76266	83.5029	
0.990541	-0.0279697	-0.134339	-0.0249385	0.926008	-0.37668	0.134934	0.376467	0.916551	1.19847	4.08033	84.2995	
0.989475	-0.0309383	-0.14136	-0.0277376	0.918212	-0.395117	0.142022	0.39488	0.907689	1.31828	4.41401	85.0887	
