1	0	0	0	1	0	0	0	1	0	0	0	
1	-5.78004e-12	2.51696e-06	-5.78004e-12	1	4.59288e-06	-2.51696e-06	-4.59288e-06	1	-1.17331e-06	-2.14102e-06	0.932323	
1	-2.13684e-11	4.83909e-06	-2.13754e-11	1	8.833e-06	-4.83909e-06	-8.833e-06	1	-4.60242e-06	-8.39966e-06	1.86465	
1	-4.42946e-11	6.9665e-06	-4.43201e-11	1	1.27201e-05	-6.9665e-06	-1.27201e-05	1	-1.01057e-05	-1.84469e-05	2.79697	
1	-7.22951e-11	8.89931e-06	-7.23536e-11	1	1.62539e-05	-8.89931e-06	-1.62539e-05	1	-1.75018e-05	-3.19535e-05	3.72929	
1	-1.03314e-10	1.06376e-05	-1.0342e-10	1	1.94342e-05	-1.06376e-05	-1.94342e-05	1	-2.66091e-05	-4.85899e-05	4.66162	
1	-1.35501e-10	1.21816e-05	-1.3567e-10	1	2.22608e-05	-1.21816e-05	-2.22608e-05	1	-3.72466e-05	-6.80265e-05	5.59394	
1	-1.67216e-10	1.35313e-05	-1.67459e-10	1	2.47334e-05	-1.35313e-05	-2.47334e-05	1	-4.92329e-05	-8.99334e-05	6.52626	
1	-1.97023e-10	1.46869e-05	-1.97348e-10	1	2.68518e-05	-1.46869e-05	-2.68518e-05	1	-6.23871e-05	-0.00011398	7.45859	
1	-2.23695e-10	1.56486e-05	-2.24105e-10	1	2.86159e-05	-1.56486e-05	-2.86159e-05	1	-7.65284e-05	-0.000139837	8.39091	
1	-2.46211e-10	1.64166e-05	-2.46704e-10	1	3.00254e-05	-1.64166e-05	-3.00254e-05	1	-9.1476e-05	-0.000167174	9.32323	
1	-2.63759e-10	1.69909e-05	-2.64325e-10	1	3.10804e-05	-1.69909e-05	-3.10804e-05	1	-0.000107049	-0.000195659	10.2556	
1	-2.75732e-10	1.73719e-05	-2.76354e-10	1	3.17805e-05	-1.73719e-05	-3.17805e-05	1	-0.000123068	-0.000224962	11.1879	
1	-2.8173e-10	1.75596e-05	-2.82383e-10	1	3.21257e-05	-1.75596e-05	-3.21257e-05	1	-0.000139352	-0.000254753	12.1202	
1	-2.81558e-10	1.75542e-05	-2.82211e-10	1	3.21159e-05	-1.75542e-05	-3.21159e-05	1	-0.00015572	-0.0002847	13.0525	
1	-2.7523e-10	1.73561e-05	-2.75841e-10	1	3.17509e-05	-1.73561e-05	-3.17509e-05	1	-0.000171994	-0.000314472	13.9848	
1	-2.62963e-10	1.69653e-05	-2.63483e-10	1	3.10308e-05	-1.69653e-05	-3.10308e-05	1	-0.000187993	-0.000343738	14.9172	
1	-2.45179e-10	1.63821e-05	-2.45553e-10	1	2.99554e-05	-1.63821e-05	-2.99554e-05	1	-0.000203539	-0.000372168	15.8495	
1	-2.22507e-10	1.56067e-05	-2.2267e-10	1	2.85248e-05	-1.56067e-05	-2.85248e-05	1	-0.000218451	-0.000399429	16.7818	
1	-1.95779e-10	1.46394e-05	-1.95661e-10	1	2.67388e-05	-1.46394e-05	-2.67388e-05	1	-0.00023255	-0.000425191	17.7141	
1	-1.6603e-10	1.34804e-05	-1.65554e-10	1	2.45975e-05	-1.34804e-05	-2.45975e-05	1	-0.000245659	-0.000449122	18.6465	
1	-1.34498e-10	1.213e-05	-1.33584e-10	1	2.21008e-05	-1.213e-05	-2.21008e-05	1	-0.000257597	-0.000470891	19.5788	
1	-1.02625e-10	1.05883e-05	-1.01188e-10	1	1.92489e-05	-1.05883e-05	-1.92489e-05	1	-0.000268188	-0.000490166	20.5111	
1	-7.20546e-11	8.85582e-06	-7.00069e-11	1	1.60416e-05	-8.85582e-06	-1.60416e-05	1	-0.000277252	-0.000506617	21.4434	
1	-4.46296e-11	6.93266e-06	-4.18838e-11	1	1.24791e-05	-6.93266e-06	-1.24791e-05	1	-0.000284612	-0.000519913	22.3758	
1	-2.23948e-11	4.81915e-06	-1.88641e-11	1	8.56148e-06	-4.81915e-06	-8.56148e-06	1	-0.00029009	-0.000529721	23.3081	
1	-7.59416e-12	2.51558e-06	-3.19435e-12	1	4.28873e-06	-2.51558e-06	-4.28873e-06	1	-0.000293509	-0.000535711	24.2404	
1	-2.67024e-12	2.22655e-08	2.67788e-12	1	-3.39017e-07	-2.22655e-08	3.39017e-07	1	-0.000294692	-0.000537552	25.1727	
1	-1.02634e-11	-2.66049e-06	-3.8948e-12	1	-5.32166e-06	2.66049e-06	5.32166e-06	1	-0.000293462	-0.000534914	26.1051	
1	-3.32108e-11	-5.53238e-06	-2.57592e-11	1	-1.06591e-05	5.53238e-06	1.06591e-05	1	-0.000289643	-0.000527464	27.0374	
1	-7.45456e-11	-8.59307e-06	-6.59604e-11	1	-1.63511e-05	8.59307e-06	1.63511e-05	1	-0.000283058	-0.000514873	27.9697	
1	-1.37496e-10	-1.18422e-05	-1.27741e-10	1	-2.23976e-05	1.18422e-05	2.23976e-05	1	-0.000273532	-0.00049681	28.902	
1	-2.25483e-10	-1.52795e-05	-2.14542e-10	1	-2.87984e-05	1.52795e-05	2.87984e-05	1	-0.000260889	-0.000472944	29.8343	
1	-3.42122e-10	-1.89046e-05	-3.29997e-10	1	-3.55533e-05	1.89046e-05	3.55533e-05	1	-0.000244954	-0.000442946	30.7667	
1	-4.9122e-10	-2.2717e-05	-4.77938e-10	1	-4.26622e-05	2.2717e-05	4.26622e-05	1	-0.000225551	-0.000406485	31.699	
1	-6.76771e-10	-2.67165e-05	-6.62387e-10	1	-5.01247e-05	2.67165e-05	5.01247e-05	1	-0.000202507	-0.000363231	32.6313	
1	-9.02963e-10	-3.09028e-05	-8.87564e-10	1	-5.79407e-05	3.09028e-05	5.79407e-05	1	-0.000175647	-0.000312855	33.5636	
1	-1.17417e-09	-3.52753e-05	-1.15788e-09	1	-6.61099e-05	3.52753e-05	6.61099e-05	1	-0.000144798	-0.000255028	34.496	
1	-1.49495e-09	-3.98337e-05	-1.47792e-09	1	-7.46321e-05	3.98337e-05	7.46321e-05	1	-0.000109785	-0.000189419	35.4283	
1	-1.87005e-09	-4.45776e-05	-1.85249e-09	1	-8.3507e-05	4.45776e-05	8.3507e-05	1	-7.04356e-05	-0.000115701	36.3606	
1	-2.3044e-09	-4.95066e-05	-2.28656e-09	1	-9.27342e-05	4.95066e-05	9.27342e-05	1	-2.65772e-05	-3.35438e-05	37.2929	
1	-2.80311e-09	-5.46204e-05	-2.78529e-09	1	-0.000102314	5.46204e-05	0.000102314	1	2.19629e-05	5.738e-05	38.2253	
1	-3.37148e-09	-5.99184e-05	-3.35404e-09	1	-0.000112245	5.99184e-05	0.000112245	1	7.53564e-05	0.000157399	39.1576	
1	-4.01497e-09	-6.54003e-05	-3.99833e-09	1	-0.000122527	6.54003e-05	0.000122527	1	0.000133775	0.00026684	40.0899	
1	-4.73924e-09	-7.10655e-05	-4.72389e-09	1	-0.000133161	7.10655e-05	0.000133161	1	0.00019739	0.000386032	41.0222	
1	-5.55012e-09	-7.69138e-05	-5.53661e-09	1	-0.000144145	7.69138e-05	0.000144145	1	0.000266373	0.000515301	41.9545	
1	-6.4536e-09	-8.29445e-05	-6.44257e-09	1	-0.000155479	8.29445e-05	0.000155479	1	0.000340892	0.000654975	42.8869	
1	-7.45586e-09	-8.91574e-05	-7.44803e-09	1	-0.000167164	8.91574e-05	0.000167164	1	0.00042112	0.000805379	43.8192	
1	-8.56326e-09	-9.55518e-05	-8.55942e-09	1	-0.000179198	9.55518e-05	0.000179198	1	0.000507224	0.000966839	44.7515	
1	-9.7823e-09	-0.000102127	-9.78336e-09	1	-0.000191581	0.000102127	0.000191581	1	0.000599374	0.00113968	45.6838	
1	-1.11197e-08	-0.000108884	-1.11266e-08	1	-0.000204313	0.000108884	0.000204313	1	0.00069774	0.00132423	46.6162	
1	-1.25822e-08	-0.00011582	-1.25962e-08	1	-0.000217392	0.00011582	0.000217392	1	0.000802488	0.00152081	47.5485	
1	-1.4177e-08	-0.000122936	-1.41991e-08	1	-0.00023082	0.000122936	0.00023082	1	0.000913787	0.00172975	48.4808	
1	-1.59111e-08	-0.000130231	-1.59427e-08	1	-0.000244594	0.000130231	0.000244594	1	0.0010318	0.00195137	49.4131	
1	-1.77919e-08	-0.000137705	-1.78346e-08	1	-0.000258716	0.000137705	0.000258716	1	0.00115671	0.002186	50.3455	
1	-1.98269e-08	-0.000145357	-1.98822e-08	1	-0.000273183	0.000145357	0.000273183	1	0.00128866	0.00243395	51.2778	
1	-2.20238e-08	-0.000153187	-2.20933e-08	1	-0.000287997	0.000153187	0.000287997	1	0.00142783	0.00269555	52.2101	
1	-2.43904e-08	-0.000161193	-2.44761e-08	1	-0.000303155	0.000161193	0.000303155	1	0.00157438	0.00297112	53.1424	
1	-2.69346e-08	-0.000169376	-2.70384e-08	1	-0.000318658	0.000169376	0.000318658	1	0.00172848	0.00326099	54.0747	
1	-2.96646e-08	-0.000177736	-2.97887e-08	1	-0.000334504	0.000177736	0.000334504	1	0.00189029	0.00356547	55.0071	
1	-3.25885e-08	-0.00018627	-3.27354e-08	1	-0.000350694	0.00018627	0.000350694	1	0.00205997	0.00388488	55.9394	
1	-3.57149e-08	-0.00019498	-3.58869e-08	1	-0.000367227	0.00019498	0.000367227	1	0.0022377	0.00421955	56.8717	
0.999995	-3.79251e-06	-0.00309719	-3.08849e-06	0.999998	-0.00222169	0.00309719	0.00222168	0.999993	0.00377238	0.0054264	57.804	
0.999982	-1.29316e-05	-0.0059994	-1.15237e-05	0.999992	-0.00407624	0.0059994	0.00407624	0.999974	0.00801287	0.00836225	58.7363	
0.99996	-2.74531e-05	-0.00890154	-2.53414e-05	0.999982	-0.00593077	0.00890154	0.00593076	0.999943	0.0149591	0.0130271	59.6686	
0.99993	-4.73561e-05	-0.0118035	-4.45401e-05	0.99997	-0.00778512	0.0118035	0.0077851	0.9999	0.024611	0.019421	60.6009	
0.999892	-7.26392e-05	-0.0147052	-6.91174e-05	0.999954	-0.00963917	0.0147052	0.00963914	0.999845	0.0369684	0.0275435	61.5331	
0.999845	-0.0001033	-0.0176065	-9.90695e-05	0.999934	-0.0114928	0.0176065	0.0114927	0.999779	0.0520309	0.0373943	62.4652	
0.99979	-0.000139336	-0.0205074	-0.000134392	0.999911	-0.0133458	0.0205074	0.0133457	0.999701	0.0697982	0.0489731	63.3973	
0.999726	-0.000180743	-0.0234077	-0.000175078	0.999884	-0.0151981	0.0234077	0.015198	0.99961	0.0902698	0.0622791	64.3293	
0.999654	-0.000227518	-0.0263074	-0.000221121	0.999855	-0.0170495	0.0263074	0.0170495	0.999508	0.113445	0.0773117	65.2612	
0.999573	-0.000279654	-0.0292063	-0.000272512	0.999821	-0.0189	0.0292064	0.0188999	0.999395	0.139324	0.0940699	66.193	
0.999484	-0.000337146	-0.0321045	-0.000329242	0.999785	-0.0207493	0.0321045	0.0207492	0.999269	0.167904	0.112553	67.1247	
0.999387	-0.000399988	-0.0350017	-0.000391301	0.999745	-0.0225974	0.0350018	0.0225973	0.999132	0.199187	0.132759	68.0563	
0.999282	-0.000468173	-0.0378979	-0.000458676	0.999701	-0.0244441	0.037898	0.0244439	0.998983	0.23317	0.154688	68.9878	
0.999167	-0.000541692	-0.0407929	-0.000531354	0.999654	-0.0262893	0.0407931	0.026289	0.998822	0.269853	0.178338	69.9191	
0.999045	-0.000620537	-0.0436868	-0.000609322	0.999604	-0.0281327	0.043687	0.0281325	0.998649	0.309234	0.203707	70.8502	
0.998914	-0.000704698	-0.0465794	-0.000692563	0.99955	-0.0299744	0.0465796	0.0299742	0.998465	0.351313	0.230794	71.7812	
0.997805	-0.00141712	-0.0662095	-0.00139735	0.999098	-0.0424428	0.06621	0.0424422	0.996903	0.403893	0.264554	72.7114	
0.996309	-0.00237463	-0.0858036	-0.00234724	0.99849	-0.0548883	0.0858043	0.0548871	0.994799	0.47476	0.309927	73.6399	
0.994429	-0.00357671	-0.105351	-0.00354171	0.997726	-0.0673041	0.105352	0.0673023	0.992155	0.563874	0.366889	74.5662	
0.992164	-0.0050227	-0.124841	-0.00498012	0.996808	-0.0796835	0.124843	0.0796809	0.988972	0.671187	0.43541	75.4898	
0.989517	-0.00671183	-0.144263	-0.00666169	0.995735	-0.0920198	0.144265	0.0920162	0.985252	0.79664	0.515453	76.4101	
0.986488	-0.00864317	-0.163607	-0.0085855	0.994508	-0.104306	0.16361	0.104301	0.980996	0.940166	0.606972	77.3267	
0.983079	-0.0108157	-0.182861	-0.0107505	0.993128	-0.116536	0.182865	0.11653	0.976207	1.10169	0.70992	78.2391	
0.979293	-0.0132282	-0.202017	-0.0131555	0.991596	-0.128703	0.202021	0.128695	0.970889	1.28111	0.82424	79.1468	
0.97513	-0.0158793	-0.221062	-0.0157993	0.989912	-0.1408	0.221068	0.140791	0.965042	1.47835	0.94987	80.0493	
0.970595	-0.0187677	-0.239987	-0.0186803	0.988077	-0.152821	0.239994	0.15281	0.958672	1.69329	1.08674	80.9461	
0.965688	-0.0218918	-0.258782	-0.021797	0.986093	-0.164758	0.25879	0.164746	0.951781	1.92581	1.23478	81.8368	
0.960412	-0.0252498	-0.277436	-0.0251478	0.98396	-0.176607	0.277445	0.176592	0.944372	2.1758	1.39391	82.7207	
0.954771	-0.02884	-0.295939	-0.0287307	0.98168	-0.188359	0.29595	0.188343	0.936451	2.4431	1.56403	83.5975	
0.948768	-0.0326604	-0.314281	-0.032544	0.979253	-0.20001	0.314294	0.199991	0.928021	2.72759	1.74507	84.4667	
0.942405	-0.0367088	-0.332453	-0.0365853	0.976682	-0.211552	0.332467	0.211531	0.919087	3.0291	1.93691	85.3278	
0.935687	-0.0409832	-0.350444	-0.0408527	0.973967	-0.222979	0.350459	0.222955	0.909653	3.34747	2.13946	86.1803	
0.928616	-0.0454812	-0.368244	-0.0453438	0.97111	-0.234285	0.368261	0.234259	0.899726	3.68252	2.35261	87.0238	
0.921197	-0.0502004	-0.385845	-0.050056	0.968112	-0.245464	0.385863	0.245435	0.889309	4.03408	2.57623	87.8578	
0.913434	-0.0551381	-0.403235	-0.054987	0.964976	-0.25651	0.403256	0.256478	0.87841	4.40195	2.81021	88.6819	
0.905331	-0.0602918	-0.420406	-0.0601339	0.961703	-0.267417	0.420429	0.267381	0.867033	4.78594	3.05443	89.4956	
0.896892	-0.0656585	-0.437349	-0.065494	0.958294	-0.278179	0.437374	0.27814	0.855185	5.18583	3.30874	90.2985	
0.888122	-0.0712355	-0.454055	-0.0710645	0.954752	-0.288789	0.454081	0.288747	0.842873	5.60142	3.57301	91.0901	
