1	0	0	0	1	0	0	0	1	0	0	0	
1	-2.96948e-09	3.10076e-05	-2.96948e-09	1	0.000191532	-3.10076e-05	-0.000191532	1	-1.47834e-05	-9.13165e-05	0.953535	
1	-1.2142e-08	6.26937e-05	-1.21474e-08	1	0.000387429	-6.26937e-05	-0.000387429	1	-5.94572e-05	-0.000367347	1.90707	
1	-2.79202e-08	9.50556e-05	-2.79421e-08	1	0.00058768	-9.50556e-05	-0.00058768	1	-0.000134667	-0.000832247	2.86061	
1	-5.07136e-08	0.00012809	-5.07697e-08	1	0.000792278	-0.00012809	-0.000792278	1	-0.000241056	-0.00149017	3.81414	
1	-8.09385e-08	0.000161796	-8.10532e-08	0.999999	0.00100121	-0.000161796	-0.00100121	0.999999	-0.000379264	-0.00234524	4.76768	
1	-1.19018e-07	0.000196168	-1.19223e-07	0.999999	0.00121447	-0.000196168	-0.00121447	0.999999	-0.00054993	-0.00340161	5.72121	
1	-1.65382e-07	0.000231206	-1.65717e-07	0.999999	0.00143205	-0.000231206	-0.00143205	0.999999	-0.000753688	-0.00466339	6.67475	
1	-2.20466e-07	0.000266905	-2.20979e-07	0.999999	0.00165394	-0.000266905	-0.00165394	0.999999	-0.000991172	-0.00613469	7.62828	
1	-2.84713e-07	0.000303264	-2.8546e-07	0.999998	0.00188012	-0.000303264	-0.00188012	0.999998	-0.00126301	-0.00781961	8.58181	
1	-3.5857e-07	0.000340279	-3.59619e-07	0.999998	0.00211059	-0.000340279	-0.00211059	0.999998	-0.00156983	-0.00972225	9.53535	
1	-4.42493e-07	0.000377947	-4.4392e-07	0.999997	0.00234534	-0.000377947	-0.00234534	0.999997	-0.00191226	-0.0118467	10.4889	
1	-5.36942e-07	0.000416265	-5.38834e-07	0.999997	0.00258435	-0.000416265	-0.00258435	0.999997	-0.00229091	-0.014197	11.4424	
1	-6.42383e-07	0.00045523	-6.44838e-07	0.999996	0.00282762	-0.00045523	-0.00282762	0.999996	-0.00270641	-0.0167773	12.3959	
1	-7.59288e-07	0.000494841	-7.62416e-07	0.999995	0.00307513	-0.000494841	-0.00307513	0.999995	-0.00315937	-0.0195915	13.3495	
1	-8.88134e-07	0.000535092	-8.92057e-07	0.999994	0.00332688	-0.000535092	-0.00332688	0.999994	-0.00365041	-0.0226438	14.303	
1	-1.0294e-06	0.000575982	-1.03426e-06	0.999994	0.00358284	-0.000575982	-0.00358284	0.999993	-0.00418014	-0.0259381	15.2565	
1	-1.18358e-06	0.000617507	-1.18952e-06	0.999993	0.00384302	-0.000617507	-0.00384302	0.999992	-0.00474915	-0.0294785	16.2101	
1	-1.35117e-06	0.000659664	-1.35834e-06	0.999992	0.00410739	-0.000659664	-0.00410739	0.999991	-0.00535807	-0.033269	17.1636	
1	-1.53266e-06	0.000702451	-1.54125e-06	0.99999	0.00437595	-0.000702451	-0.00437595	0.99999	-0.00600748	-0.0373136	18.1171	
1	-1.72855e-06	0.000745863	-1.73875e-06	0.999989	0.00464869	-0.000745863	-0.00464869	0.999989	-0.00669799	-0.0416163	19.0706	
1	-1.93935e-06	0.000789898	-1.95138e-06	0.999988	0.00492558	-0.000789898	-0.00492558	0.999988	-0.00743019	-0.046181	20.0242	
1	-2.16558e-06	0.000834553	-2.17965e-06	0.999986	0.00520663	-0.000834553	-0.00520663	0.999986	-0.00820468	-0.0510117	20.9777	
1	-2.40775e-06	0.000879824	-2.42411e-06	0.999985	0.00549181	-0.000879824	-0.00549181	0.999985	-0.00902204	-0.0561123	21.9312	
1	-2.66638e-06	0.000925708	-2.68529e-06	0.999983	0.00578111	-0.000925708	-0.00578111	0.999983	-0.00988286	-0.0614869	22.8847	
1	-2.94199e-06	0.000972203	-2.96373e-06	0.999982	0.00607452	-0.000972203	-0.00607452	0.999981	-0.0107877	-0.0671393	23.8382	
0.999999	-3.23512e-06	0.0010193	-3.25998e-06	0.99998	0.00637203	-0.0010193	-0.00637203	0.999979	-0.0117372	-0.0730734	24.7918	
0.999999	-3.54629e-06	0.00106701	-3.57459e-06	0.999978	0.00667362	-0.00106701	-0.00667362	0.999977	-0.0127319	-0.0792931	25.7453	
0.999999	-3.87605e-06	0.00111531	-3.90813e-06	0.999976	0.00697928	-0.00111531	-0.00697928	0.999975	-0.0137723	-0.0858024	26.6988	
0.999999	-4.22492e-06	0.00116421	-4.26114e-06	0.999973	0.007289	-0.00116421	-0.007289	0.999973	-0.0148592	-0.0926051	27.6523	
0.999999	-4.59346e-06	0.00121371	-4.63419e-06	0.999971	0.00760276	-0.00121371	-0.00760276	0.99997	-0.0159929	-0.099705	28.6058	
0.999999	-4.9822e-06	0.00126379	-5.02786e-06	0.999969	0.00792054	-0.00126379	-0.00792054	0.999968	-0.0171741	-0.107106	29.5593	
0.999999	-5.3917e-06	0.00131446	-5.44271e-06	0.999966	0.00824234	-0.00131446	-0.00824234	0.999965	-0.0184033	-0.114812	30.5128	
0.999999	-5.82251e-06	0.00136571	-5.87932e-06	0.999963	0.00856814	-0.00136571	-0.00856814	0.999962	-0.0196811	-0.122827	31.4663	
0.999999	-6.27519e-06	0.00141755	-6.33827e-06	0.99996	0.00889791	-0.00141755	-0.00889791	0.999959	-0.0210081	-0.131154	32.4198	
0.999999	-6.75028e-06	0.00146995	-6.82014e-06	0.999957	0.00923166	-0.00146995	-0.00923166	0.999956	-0.0223847	-0.139797	33.3733	
0.999999	-7.24835e-06	0.00152294	-7.32551e-06	0.999954	0.00956936	-0.00152294	-0.00956936	0.999953	-0.0238117	-0.148761	34.3268	
0.999999	-7.76997e-06	0.00157649	-7.85497e-06	0.999951	0.009911	-0.00157649	-0.009911	0.99995	-0.0252894	-0.158049	35.2803	
0.999999	-8.31568e-06	0.0016306	-8.40912e-06	0.999947	0.0102566	-0.0016306	-0.0102566	0.999946	-0.0268184	-0.167664	36.2338	
0.999999	-8.88607e-06	0.00168528	-8.98855e-06	0.999944	0.010606	-0.00168528	-0.010606	0.999942	-0.0283993	-0.177611	37.1873	
0.999998	-9.4817e-06	0.00174051	-9.59385e-06	0.99994	0.0109594	-0.00174051	-0.0109594	0.999938	-0.0300326	-0.187892	38.1407	
0.999998	-1.01031e-05	0.0017963	-1.02256e-05	0.999936	0.0113166	-0.0017963	-0.0113166	0.999934	-0.0317188	-0.198513	39.0942	
0.999998	-1.07509e-05	0.00185265	-1.08845e-05	0.999932	0.0116777	-0.00185265	-0.0116777	0.99993	-0.0334585	-0.209476	40.0477	
0.999998	-1.14257e-05	0.00190953	-1.1571e-05	0.999927	0.0120426	-0.00190953	-0.0120426	0.999926	-0.0352522	-0.220785	41.0012	
0.999998	-1.2128e-05	0.00196697	-1.22858e-05	0.999923	0.0124114	-0.00196697	-0.0124114	0.999921	-0.0371004	-0.232444	41.9546	
0.999998	-1.28583e-05	0.00202494	-1.30295e-05	0.999918	0.012784	-0.00202494	-0.012784	0.999916	-0.0390036	-0.244456	42.9081	
0.999998	-1.36174e-05	0.00208345	-1.38026e-05	0.999913	0.0131603	-0.00208345	-0.0131603	0.999911	-0.0409624	-0.256825	43.8615	
0.999998	-1.44057e-05	0.00214249	-1.46059e-05	0.999908	0.0135404	-0.00214249	-0.0135404	0.999906	-0.0429772	-0.269556	44.815	
0.999998	-1.52238e-05	0.00220206	-1.54399e-05	0.999903	0.0139243	-0.00220206	-0.0139243	0.999901	-0.0450485	-0.28265	45.7684	
0.999997	-1.60723e-05	0.00226215	-1.63052e-05	0.999898	0.014312	-0.00226215	-0.014312	0.999895	-0.0471769	-0.296112	46.7219	
0.999997	-1.69518e-05	0.00232277	-1.72025e-05	0.999892	0.0147033	-0.00232277	-0.0147033	0.999889	-0.0493628	-0.309946	47.6753	
0.999997	-1.78628e-05	0.0023839	-1.81323e-05	0.999886	0.0150984	-0.0023839	-0.0150984	0.999883	-0.0516068	-0.324154	48.6287	
0.999997	-1.8806e-05	0.00244555	-1.90953e-05	0.99988	0.0154971	-0.00244555	-0.0154971	0.999877	-0.0539093	-0.338741	49.5821	
0.999997	-1.97819e-05	0.00250771	-2.0092e-05	0.999874	0.0158995	-0.0025077	-0.0158995	0.99987	-0.0562709	-0.35371	50.5356	
0.999997	-2.07911e-05	0.00257037	-2.11231e-05	0.999867	0.0163056	-0.00257037	-0.0163056	0.999864	-0.058692	-0.369064	51.489	
0.999997	-2.18341e-05	0.00263353	-2.21893e-05	0.99986	0.0167153	-0.00263353	-0.0167153	0.999857	-0.061173	-0.384808	52.4424	
0.999996	-2.29115e-05	0.0026972	-2.32911e-05	0.999853	0.0171286	-0.00269719	-0.0171286	0.99985	-0.0637145	-0.400943	53.3958	
0.999996	-2.4024e-05	0.00276135	-2.44291e-05	0.999846	0.0175455	-0.00276135	-0.0175455	0.999842	-0.066317	-0.417475	54.3491	
0.999996	-2.5172e-05	0.002826	-2.56039e-05	0.999839	0.017966	-0.002826	-0.017966	0.999835	-0.0689808	-0.434405	55.3025	
0.999996	-2.63562e-05	0.00289113	-2.68163e-05	0.999831	0.01839	-0.00289113	-0.01839	0.999827	-0.0717066	-0.451739	56.2559	
0.999996	-2.75771e-05	0.00295675	-2.80667e-05	0.999823	0.0188176	-0.00295674	-0.0188176	0.999819	-0.0744947	-0.469478	57.2093	
0.999995	-2.88353e-05	0.00302284	-2.93558e-05	0.999815	0.0192487	-0.00302284	-0.0192487	0.99981	-0.0773455	-0.487627	58.1626	
0.999995	-3.01314e-05	0.00308941	-3.06842e-05	0.999806	0.0196832	-0.0030894	-0.0196832	0.999801	-0.0802596	-0.506188	59.116	
0.999999	3.93998e-06	0.00150114	-3.87812e-05	0.999731	0.0232105	-0.00150065	-0.0232105	0.999729	-0.082448	-0.526639	60.0693	
1	4.35993e-05	-8.62777e-05	-4.12766e-05	0.999642	0.0267408	8.74127e-05	-0.0267408	0.999642	-0.0831218	-0.550454	61.0225	
0.999999	8.88474e-05	-0.00167287	-3.81622e-05	0.999542	0.030274	0.0016748	-0.0302739	0.99954	-0.0822817	-0.577637	61.9757	
0.999995	0.000139685	-0.00325867	-2.94305e-05	0.999428	0.0338099	0.00326153	-0.0338096	0.999423	-0.0799282	-0.60819	62.9287	
0.999988	0.000196115	-0.00484369	-1.50748e-05	0.999302	0.0373482	0.00484763	-0.0373477	0.999291	-0.076062	-0.642115	63.8816	
0.999979	0.000258136	-0.00642796	4.91107e-06	0.999164	0.0408888	0.00643314	-0.040888	0.999143	-0.0706837	-0.679416	64.8344	
0.999968	0.000325752	-0.0080115	3.05326e-05	0.999012	0.0444314	0.00801806	-0.0444302	0.99898	-0.0637938	-0.720093	65.7871	
0.999954	0.000398964	-0.00959434	6.17946e-05	0.998848	0.0479759	0.00960243	-0.0479742	0.998802	-0.0553929	-0.764148	66.7395	
0.999937	0.000477774	-0.0111765	9.87011e-05	0.998672	0.0515219	0.0111863	-0.0515198	0.998609	-0.0454815	-0.811584	67.6919	
0.999918	0.000562184	-0.012758	0.000141256	0.998483	0.0550693	0.0127696	-0.0550666	0.998401	-0.0340601	-0.862401	68.644	
0.999897	0.000652196	-0.0143389	0.000189461	0.99828	0.058618	0.0143525	-0.0586146	0.998178	-0.0211292	-0.9166	69.5959	
0.999873	0.000747813	-0.0159192	0.000243319	0.998066	0.0621675	0.0159349	-0.0621635	0.997939	-0.00668915	-0.974184	70.5476	
0.999847	0.000849037	-0.0174988	0.000302832	0.997838	0.0657179	0.0175168	-0.0657131	0.997685	0.00925955	-1.03515	71.499	
0.999586	0.00170589	-0.0287095	0.00078908	0.996237	0.0866693	0.0287493	-0.0866561	0.995823	0.0313188	-1.1078	72.4495	
0.9992	0.00279802	-0.0398959	0.00151126	0.994196	0.107576	0.0399654	-0.10755	0.993396	0.0640812	-1.20039	73.3979	
0.998687	0.0041248	-0.0510519	0.00246896	0.991716	0.128425	0.0511588	-0.128382	0.990404	0.107528	-1.31288	74.3438	
0.998049	0.00568547	-0.0621711	0.00366163	0.988799	0.149206	0.0623231	-0.149142	0.98685	0.161635	-1.44521	75.2865	
0.997286	0.00747916	-0.0732472	0.0050886	0.985447	0.169906	0.073452	-0.169817	0.982734	0.226372	-1.59728	76.2256	
0.996397	0.00950483	-0.0842738	0.00674906	0.981661	0.190513	0.0845392	-0.190396	0.978061	0.3017	-1.76903	77.1605	
0.995384	0.0117613	-0.0952448	0.00864206	0.977444	0.211017	0.0955783	-0.210866	0.972831	0.387579	-1.96035	78.0907	
0.994248	0.0142474	-0.106154	0.0107665	0.972798	0.231404	0.106563	-0.231216	0.967049	0.483958	-2.17113	79.0156	
0.992988	0.0169616	-0.116995	0.0131213	0.967725	0.251665	0.117487	-0.251435	0.960717	0.590783	-2.40125	79.9347	
0.991605	0.0199025	-0.127761	0.0157049	0.962229	0.271787	0.128345	-0.271511	0.953839	0.707993	-2.65059	80.8476	
0.990101	0.0230682	-0.138448	0.018516	0.956313	0.291758	0.139129	-0.291433	0.946419	0.835522	-2.91899	81.7536	
0.988476	0.0264571	-0.149047	0.021553	0.94998	0.311568	0.149835	-0.31119	0.938462	0.973298	-3.20632	82.6523	
0.986731	0.0300672	-0.159554	0.0248141	0.943233	0.331205	0.160455	-0.330769	0.929971	1.12124	-3.5124	83.5431	
0.984867	0.0338964	-0.169963	0.0282975	0.936076	0.350657	0.170985	-0.35016	0.920952	1.27927	-3.83706	84.4256	
0.982886	0.0379426	-0.180268	0.0320011	0.928514	0.369915	0.181417	-0.369353	0.911409	1.44729	-4.18011	85.2993	
0.980787	0.0422036	-0.190462	0.035923	0.920551	0.388967	0.191746	-0.388336	0.901348	1.62521	-4.54137	86.1636	
0.978573	0.0466767	-0.20054	0.0400608	0.912191	0.407802	0.201966	-0.407098	0.890776	1.81293	-4.92063	87.018	
0.976245	0.0513596	-0.210496	0.0444123	0.903439	0.426409	0.212071	-0.425628	0.879697	2.01034	-5.31766	87.8622	
0.973803	0.0562495	-0.220325	0.0489749	0.894301	0.444778	0.222056	-0.443917	0.868118	2.21732	-5.73225	88.6955	
0.97125	0.0613437	-0.230021	0.053746	0.88478	0.462899	0.231914	-0.461954	0.856046	2.43377	-6.16416	89.5176	
0.968587	0.0666393	-0.239579	0.058723	0.874883	0.480761	0.241641	-0.479728	0.843488	2.65956	-6.61315	90.3279	
0.965816	0.0721333	-0.248992	0.0639029	0.864616	0.498354	0.25123	-0.497229	0.83045	2.89455	-7.07895	91.126	
0.962937	0.0778225	-0.258256	0.069283	0.853983	0.515667	0.260677	-0.514448	0.81694	3.13863	-7.56131	91.9115	
0.959953	0.0837038	-0.267366	0.0748601	0.842992	0.532692	0.269976	-0.531374	0.802966	3.39164	-8.05995	92.6838	
