1	0	0	0	1	0	0	0	1	0	0	0	
0.999995	8.98328e-07	-0.00322386	8.98328e-07	1	0.000557298	0.00322386	-0.000557298	0.999995	0.00129199	-0.000223342	0.801514	
0.999979	3.6014e-06	-0.00645264	3.60653e-06	0.999999	0.00111704	0.00645264	-0.00111704	0.999979	0.00516992	-0.000894346	1.60302	
0.999953	8.12255e-06	-0.00968626	8.1431e-06	0.999999	0.00167921	0.00968626	-0.00167921	0.999952	0.0116377	-0.00201496	2.40451	
0.999916	1.4475e-05	-0.0129246	1.45265e-05	0.999997	0.0022438	0.0129246	-0.0022438	0.999914	0.0206992	-0.00358714	3.20597	
0.999869	2.26719e-05	-0.0161676	2.2775e-05	0.999996	0.0028108	0.0161676	-0.0028108	0.999865	0.0323581	-0.00561281	4.0074	
0.999812	3.27263e-05	-0.0194151	3.2907e-05	0.999994	0.00338019	0.0194151	-0.0033802	0.999806	0.0466182	-0.00809391	4.80878	
0.999743	4.46511e-05	-0.0226671	4.49406e-05	0.999992	0.00395197	0.0226671	-0.00395198	0.999735	0.063483	-0.0110323	5.61011	
0.999664	5.8459e-05	-0.0259234	5.8894e-05	0.99999	0.00452612	0.0259234	-0.00452613	0.999654	0.082956	-0.01443	6.41138	
0.999574	7.41629e-05	-0.029184	7.47852e-05	0.999987	0.00510263	0.029184	-0.00510264	0.999561	0.105041	-0.0182888	7.21258	
0.999473	9.17754e-05	-0.0324488	9.26323e-05	0.999984	0.00568149	0.0324488	-0.0056815	0.999457	0.129741	-0.0226106	8.01371	
0.999362	0.000111309	-0.0357176	0.000112453	0.99998	0.00626268	0.0357176	-0.0062627	0.999342	0.157059	-0.0273974	8.81474	
0.99924	0.000132776	-0.0389904	0.000134265	0.999977	0.0068462	0.0389904	-0.00684623	0.999216	0.186999	-0.0326509	9.61568	
0.999106	0.000156188	-0.042267	0.000158087	0.999972	0.00743202	0.042267	-0.00743206	0.999079	0.219563	-0.038373	10.4165	
0.998962	0.000181559	-0.0455475	0.000183935	0.999968	0.00802014	0.0455475	-0.00802019	0.99893	0.254755	-0.0445656	11.2172	
0.998807	0.000208899	-0.0488316	0.000211828	0.999963	0.00861054	0.0488316	-0.00861061	0.99877	0.292579	-0.0512306	12.0178	
0.998641	0.000238221	-0.0521194	0.000241783	0.999958	0.00920321	0.0521194	-0.00920331	0.998598	0.333036	-0.0583696	12.8183	
0.998464	0.000269537	-0.0554106	0.000273817	0.999952	0.00979814	0.0554106	-0.00979826	0.998416	0.376129	-0.0659847	13.6186	
0.998275	0.000302859	-0.0587052	0.000307948	0.999946	0.0103953	0.0587052	-0.0103955	0.998221	0.421862	-0.0740774	14.4188	
0.998076	0.000338197	-0.0620032	0.000344192	0.999939	0.0109947	0.0620031	-0.0109949	0.998015	0.470237	-0.0826498	15.2188	
0.997865	0.000375564	-0.0653043	0.000382568	0.999933	0.0115963	0.0653043	-0.0115966	0.997798	0.521256	-0.0917035	16.0186	
0.997644	0.000414971	-0.0686086	0.000423091	0.999925	0.0122001	0.0686085	-0.0122004	0.997569	0.574923	-0.10124	16.8183	
0.997411	0.00045643	-0.0719158	0.000465779	0.999918	0.0128061	0.0719158	-0.0128065	0.997328	0.631239	-0.111262	17.6177	
0.997166	0.00049995	-0.0752261	0.000510649	0.99991	0.0134143	0.075226	-0.0134147	0.997076	0.690207	-0.12177	18.417	
0.996911	0.000545544	-0.0785391	0.000557717	0.999901	0.0140247	0.078539	-0.0140251	0.996812	0.75183	-0.132767	19.2161	
0.996644	0.000593222	-0.0818549	0.000607	0.999893	0.0146371	0.0818548	-0.0146377	0.996537	0.816109	-0.144254	20.0149	
0.996366	0.000642996	-0.0851733	0.000658514	0.999883	0.0152518	0.0851731	-0.0152524	0.996249	0.883047	-0.156233	20.8136	
0.996076	0.000694875	-0.0884942	0.000712276	0.999874	0.0158685	0.0884941	-0.0158692	0.99595	0.952645	-0.168705	21.612	
0.995776	0.00074887	-0.0918176	0.000768302	0.999864	0.0164873	0.0918174	-0.0164882	0.995639	1.02491	-0.181672	22.4101	
0.995463	0.000804992	-0.0951434	0.000826609	0.999853	0.0171082	0.0951432	-0.0171092	0.995317	1.09983	-0.195137	23.208	
0.99514	0.000863251	-0.0984714	0.000887211	0.999842	0.0177312	0.0984712	-0.0177324	0.994982	1.17742	-0.2091	24.0056	
0.994804	0.000923658	-0.101802	0.000950127	0.999831	0.0183562	0.101801	-0.0183576	0.994635	1.25769	-0.223563	24.803	
0.994458	0.000986222	-0.105134	0.00101537	0.999819	0.0189833	0.105134	-0.0189848	0.994277	1.34062	-0.238529	25.6	
0.994099	0.00105095	-0.108468	0.00108296	0.999807	0.0196124	0.108468	-0.0196141	0.993906	1.42622	-0.253997	26.3968	
0.99373	0.00111786	-0.111804	0.0011529	0.999794	0.0202435	0.111804	-0.0202455	0.993524	1.51449	-0.269971	27.1933	
0.993348	0.00118696	-0.115142	0.00122523	0.999781	0.0208766	0.115142	-0.0208788	0.99313	1.60544	-0.286452	27.9895	
0.992955	0.00125825	-0.118482	0.00129994	0.999768	0.0215117	0.118481	-0.0215141	0.992723	1.69907	-0.303442	28.7853	
0.992551	0.00133174	-0.121823	0.00137705	0.999754	0.0221487	0.121822	-0.0221515	0.992305	1.79537	-0.320941	29.5808	
0.992135	0.00140746	-0.125165	0.00145659	0.999739	0.0227877	0.125165	-0.0227908	0.991874	1.89436	-0.338952	30.376	
0.991707	0.00148539	-0.128509	0.00153857	0.999724	0.0234286	0.128509	-0.023432	0.991432	1.99602	-0.357476	31.1708	
0.991268	0.00156556	-0.131855	0.00162299	0.999709	0.0240714	0.131854	-0.0240752	0.990977	2.10036	-0.376515	31.9653	
0.990817	0.00164798	-0.135201	0.00170988	0.999693	0.0247161	0.135201	-0.0247203	0.99051	2.20738	-0.39607	32.7594	
0.990354	0.00173264	-0.138549	0.00179925	0.999677	0.0253627	0.138548	-0.0253673	0.990031	2.31709	-0.416143	33.5531	
0.98988	0.00181956	-0.141898	0.00189112	0.99966	0.0260111	0.141897	-0.0260162	0.989539	2.42948	-0.436736	34.3464	
0.989394	0.00190875	-0.145248	0.00198549	0.999643	0.0266614	0.145247	-0.026667	0.989036	2.54456	-0.457849	35.1394	
0.988896	0.00200022	-0.148598	0.00208239	0.999625	0.0273135	0.148597	-0.0273197	0.98852	2.66232	-0.479484	35.9319	
0.988386	0.00209397	-0.151949	0.00218182	0.999606	0.0279675	0.151948	-0.0279742	0.987993	2.78276	-0.501644	36.724	
0.987865	0.00219002	-0.155301	0.00228381	0.999588	0.0286232	0.1553	-0.0286305	0.987452	2.9059	-0.524329	37.5157	
0.987332	0.00228837	-0.158654	0.00238836	0.999568	0.0292807	0.158652	-0.0292886	0.9869	3.03171	-0.54754	38.3069	
0.986787	0.00238902	-0.162007	0.00249549	0.999549	0.0299399	0.162005	-0.0299486	0.986335	3.16022	-0.57128	39.0977	
0.98623	0.002492	-0.16536	0.00260522	0.999528	0.0306009	0.165358	-0.0306103	0.985758	3.29141	-0.595549	39.888	
0.985662	0.0025973	-0.168714	0.00271755	0.999507	0.0312636	0.168712	-0.0312738	0.985169	3.42529	-0.62035	40.6779	
0.985081	0.00270493	-0.172067	0.00283249	0.999486	0.031928	0.172065	-0.0319391	0.984568	3.56186	-0.645683	41.4673	
0.984489	0.00281489	-0.175421	0.00295007	0.999464	0.0325941	0.175419	-0.0326061	0.983954	3.70112	-0.67155	42.2562	
0.983886	0.00292721	-0.178775	0.0030703	0.999442	0.0332619	0.178773	-0.0332748	0.983328	3.84307	-0.697952	43.0446	
0.98327	0.00304188	-0.182129	0.00319319	0.999419	0.0339313	0.182126	-0.0339452	0.982689	3.9877	-0.724891	43.8325	
0.982476	0.00319556	-0.186359	0.00383639	0.999294	0.0373605	0.186347	-0.0374208	0.981771	4.13537	-0.753492	44.6198	
0.981663	0.00336457	-0.190595	0.00449429	0.999158	0.0407861	0.190571	-0.0408948	0.980821	4.28642	-0.784878	45.4063	
0.98083	0.00354893	-0.194834	0.0051669	0.999009	0.0442082	0.194798	-0.0443674	0.979839	4.44086	-0.819047	46.192	
0.979977	0.0037487	-0.199078	0.00585421	0.998848	0.0476265	0.199027	-0.0478383	0.978826	4.59869	-0.855999	46.977	
0.979103	0.00396392	-0.203325	0.00655623	0.998675	0.0510409	0.203258	-0.0513074	0.97778	4.75991	-0.895733	47.7611	
0.97821	0.0041946	-0.207575	0.00727297	0.99849	0.0544514	0.20749	-0.0547746	0.976702	4.92452	-0.938246	48.5444	
0.977297	0.0044408	-0.211828	0.00800443	0.998293	0.0578579	0.211723	-0.0582399	0.975593	5.09252	-0.983538	49.3268	
0.976364	0.00470252	-0.216083	0.00875061	0.998083	0.0612601	0.215957	-0.061703	0.974451	5.26392	-1.03161	50.1083	
0.97541	0.0049798	-0.22034	0.0095115	0.997862	0.0646581	0.220191	-0.065164	0.973278	5.43871	-1.08245	50.8889	
0.974437	0.00527266	-0.224599	0.0102871	0.997629	0.0680517	0.224425	-0.0686226	0.972072	5.61689	-1.13606	51.6685	
0.973444	0.00558111	-0.228858	0.0110775	0.997383	0.0714408	0.228658	-0.0720788	0.970835	5.79847	-1.19245	52.4471	
0.972431	0.00590517	-0.233118	0.0118825	0.997126	0.0748253	0.23289	-0.0755324	0.969566	5.98344	-1.25161	53.2247	
0.971397	0.00624485	-0.237378	0.0127023	0.996856	0.0782051	0.23712	-0.0789835	0.968264	6.1718	-1.31353	54.0013	
0.970344	0.00660014	-0.241637	0.0135367	0.996575	0.0815801	0.241348	-0.0824318	0.966931	6.36355	-1.37822	54.7769	
0.969271	0.00697107	-0.245896	0.0143859	0.996281	0.0849503	0.245574	-0.0858773	0.965566	6.55869	-1.44567	55.5514	
0.968178	0.00735762	-0.250154	0.0152497	0.995976	0.0883154	0.249797	-0.0893198	0.96417	6.75721	-1.51588	56.3247	
0.967065	0.0077598	-0.25441	0.0161282	0.995658	0.0916754	0.254017	-0.0927593	0.962741	6.95912	-1.58885	57.0969	
0.965933	0.0081776	-0.258664	0.0170214	0.995329	0.0950302	0.258233	-0.0961956	0.961281	7.16441	-1.66458	57.868	
0.96478	0.008611	-0.262916	0.0179293	0.994987	0.0983798	0.262445	-0.0996287	0.95979	7.37308	-1.74306	58.6379	
0.963608	0.00906	-0.267165	0.0188517	0.994634	0.101724	0.266653	-0.103059	0.958267	7.58512	-1.82429	59.4066	
0.962416	0.00952458	-0.271411	0.0197889	0.994269	0.105063	0.270856	-0.106485	0.956712	7.80053	-1.90826	60.174	
0.961205	0.0100047	-0.275653	0.0207406	0.993891	0.108396	0.275053	-0.109908	0.955126	8.01931	-1.99498	60.9402	
0.959974	0.0105004	-0.279891	0.0217069	0.993502	0.111723	0.279245	-0.113327	0.953509	8.24145	-2.08445	61.7051	
0.958724	0.0110116	-0.284124	0.0226879	0.993101	0.115045	0.283431	-0.116742	0.95186	8.46694	-2.17665	62.4687	
0.957455	0.0115383	-0.288353	0.0236834	0.992688	0.118361	0.28761	-0.120154	0.950181	8.69579	-2.27159	63.231	
0.956166	0.0120804	-0.292576	0.0246934	0.992263	0.12167	0.291783	-0.123562	0.94847	8.92799	-2.36926	63.9919	
0.954858	0.0126379	-0.296794	0.025718	0.991827	0.124974	0.295948	-0.126966	0.946728	9.16353	-2.46966	64.7514	
0.953531	0.0132109	-0.301006	0.0267571	0.991378	0.128272	0.300105	-0.130365	0.944956	9.4024	-2.57279	65.5095	
0.952185	0.0137991	-0.305211	0.0278106	0.990918	0.131564	0.304254	-0.133761	0.943153	9.6446	-2.67864	66.2662	
0.95082	0.0144027	-0.309409	0.0288787	0.990445	0.134849	0.308395	-0.137152	0.941319	9.89013	-2.78721	67.0214	
0.949436	0.0150215	-0.3136	0.0299611	0.989961	0.138128	0.312527	-0.140539	0.939455	10.139	-2.8985	67.7751	
0.948034	0.0156554	-0.317784	0.031058	0.989465	0.1414	0.31665	-0.143922	0.93756	10.3911	-3.0125	68.5273	
0.946613	0.0163046	-0.321959	0.0321693	0.988958	0.144666	0.320762	-0.1473	0.935636	10.6466	-3.12921	69.278	
0.945174	0.0169688	-0.326126	0.0332949	0.988438	0.147925	0.324865	-0.150673	0.933681	10.9053	-3.24862	70.0272	
0.942927	0.0180652	-0.33251	0.0394663	0.985427	0.165456	0.330653	-0.169136	0.928473	11.168	-3.37679	70.7735	
0.94064	0.019288	-0.338857	0.0457453	0.982069	0.182885	0.336309	-0.187531	0.922892	11.4353	-3.51973	71.5155	
0.938315	0.0206366	-0.345165	0.0521297	0.978366	0.200206	0.341829	-0.20585	0.91694	11.7071	-3.67739	72.2528	
0.935953	0.0221106	-0.35143	0.0586166	0.974318	0.217412	0.347212	-0.224087	0.91062	11.9832	-3.84969	72.9852	
0.933554	0.0237093	-0.357651	0.0652036	0.969928	0.234495	0.352456	-0.242234	0.903935	12.2636	-4.03658	73.7125	
0.93112	0.0254321	-0.363825	0.071888	0.965197	0.251449	0.357558	-0.260284	0.896886	12.5482	-4.23798	74.4342	
0.928651	0.0272784	-0.369949	0.0786671	0.960127	0.268266	0.362516	-0.278229	0.889478	12.8368	-4.4538	75.1501	
0.926149	0.0292472	-0.376022	0.0855382	0.954721	0.284941	0.367329	-0.296062	0.881712	13.1293	-4.68396	75.8599	
0.923615	0.031338	-0.382039	0.0924986	0.948979	0.301467	0.371995	-0.313777	0.873592	13.4256	-4.92836	76.5634	
0.921048	0.0335498	-0.388	0.0995454	0.942906	0.317836	0.376511	-0.331366	0.865122	13.7256	-5.18692	77.2602	
