1	0	0	0	1	0	0	0	1	0	0	0	
0.999998	4.56849e-07	0.0022201	4.56849e-07	1	-0.000411556	-0.0022201	0.000411556	0.999997	-0.000905421	0.000167844	0.815656	
0.99999	1.82943e-06	0.004443	1.82888e-06	1	-0.000823382	-0.004443	0.000823382	0.99999	-0.00362283	0.000671487	1.63131	
0.999978	4.12058e-06	0.00666864	4.11837e-06	0.999999	-0.00123546	-0.00666864	0.00123546	0.999977	-0.00815447	0.00151114	2.44695	
0.99996	7.33306e-06	0.00889693	7.32752e-06	0.999999	-0.00164779	-0.00889693	0.00164779	0.999959	-0.0145025	0.00268702	3.26258	
0.999938	1.14695e-05	0.0111278	1.14584e-05	0.999998	-0.00206035	-0.0111278	0.00206035	0.999936	-0.0226692	0.0041993	4.0782	
0.999911	1.65324e-05	0.0133612	1.6513e-05	0.999997	-0.00247312	-0.0133612	0.00247312	0.999908	-0.0326565	0.00604818	4.89379	
0.999878	2.25244e-05	0.0155971	2.24932e-05	0.999996	-0.0028861	-0.0155971	0.0028861	0.999874	-0.0444666	0.00823382	5.70936	
0.999841	2.94476e-05	0.0178354	2.94008e-05	0.999995	-0.00329926	-0.0178354	0.00329926	0.999835	-0.0581013	0.0107564	6.5249	
0.999798	3.73044e-05	0.020076	3.72375e-05	0.999993	-0.00371261	-0.020076	0.00371261	0.999792	-0.0735626	0.013616	7.3404	
0.999751	4.60969e-05	0.0223188	4.60049e-05	0.999991	-0.00412612	-0.0223188	0.00412612	0.999742	-0.0908524	0.0168129	8.15587	
0.999698	5.58273e-05	0.0245638	5.57044e-05	0.99999	-0.00453978	-0.0245638	0.00453978	0.999688	-0.109972	0.0203471	8.97129	
0.999641	6.64974e-05	0.0268109	6.63375e-05	0.999988	-0.00495358	-0.0268109	0.00495358	0.999628	-0.130925	0.0242187	9.78667	
0.999578	7.81091e-05	0.0290601	7.79054e-05	0.999986	-0.00536751	-0.0290601	0.0053675	0.999563	-0.15371	0.028428	10.602	
0.99951	9.06641e-05	0.0313113	9.04093e-05	0.999983	-0.00578154	-0.0313113	0.00578154	0.999493	-0.178332	0.0329749	11.4173	
0.999437	0.000104164	0.0335644	0.00010385	0.999981	-0.00619568	-0.0335644	0.00619567	0.999417	-0.20479	0.0378595	12.2325	
0.999358	0.000118611	0.0358193	0.000118229	0.999978	-0.0066099	-0.0358193	0.00660989	0.999336	-0.233086	0.043082	13.0476	
0.999275	0.000134006	0.038076	0.000133547	0.999975	-0.0070242	-0.038076	0.00702419	0.99925	-0.263223	0.0486424	13.8627	
0.999186	0.00015035	0.0403344	0.000149805	0.999972	-0.00743855	-0.0403344	0.00743854	0.999159	-0.295201	0.0545407	14.6777	
0.999092	0.000167645	0.0425944	0.000167003	0.999969	-0.00785295	-0.0425944	0.00785294	0.999062	-0.329022	0.060777	15.4926	
0.998993	0.000185892	0.044856	0.000185143	0.999966	-0.00826739	-0.044856	0.00826737	0.998959	-0.364686	0.0673513	16.3075	
0.998889	0.000205092	0.0471191	0.000204223	0.999962	-0.00868185	-0.0471191	0.00868183	0.998852	-0.402196	0.0742637	17.1223	
0.99878	0.000225245	0.0493836	0.000224246	0.999959	-0.00909631	-0.0493836	0.00909629	0.998738	-0.441553	0.0815141	17.9369	
0.998665	0.000246354	0.0516495	0.000245211	0.999955	-0.00951077	-0.0516495	0.00951074	0.99862	-0.482757	0.0891026	18.7515	
0.998545	0.000268418	0.0539166	0.000267118	0.999951	-0.00992522	-0.0539166	0.00992518	0.998496	-0.52581	0.0970291	19.566	
0.99842	0.000291438	0.056185	0.000289968	0.999947	-0.0103396	-0.056185	0.0103396	0.998367	-0.570712	0.105294	20.3804	
0.99829	0.000315415	0.0584546	0.00031376	0.999942	-0.010754	-0.0584546	0.010754	0.998232	-0.617466	0.113896	21.1946	
0.998154	0.00034035	0.0607252	0.000338494	0.999938	-0.0111683	-0.0607252	0.0111683	0.998092	-0.666071	0.122837	22.0088	
0.998014	0.000366242	0.0629968	0.00036417	0.999933	-0.0115826	-0.0629968	0.0115825	0.997947	-0.716528	0.132115	22.8228	
0.997868	0.000393092	0.0652694	0.000390789	0.999928	-0.0119967	-0.0652694	0.0119966	0.997796	-0.768839	0.141731	23.6368	
0.997716	0.0004209	0.0675429	0.000418348	0.999923	-0.0124108	-0.0675429	0.0124107	0.997639	-0.823003	0.151685	24.4506	
0.99756	0.000449666	0.0698172	0.000446849	0.999918	-0.0128247	-0.0698172	0.0128247	0.997477	-0.879023	0.161977	25.2642	
0.997398	0.000479391	0.0720922	0.00047629	0.999912	-0.0132386	-0.0720922	0.0132385	0.99731	-0.936897	0.172606	26.0778	
0.997231	0.000510073	0.0743679	0.00050667	0.999907	-0.0136523	-0.0743679	0.0136522	0.997137	-0.996628	0.183573	26.8911	
0.997058	0.000541713	0.0766441	0.000537989	0.999901	-0.0140659	-0.0766442	0.0140657	0.996959	-1.05821	0.194877	27.7044	
0.996881	0.000574311	0.078921	0.000570246	0.999895	-0.0144793	-0.078921	0.0144791	0.996776	-1.12166	0.206519	28.5175	
0.996698	0.000607866	0.0811982	0.000603439	0.999889	-0.0148925	-0.0811983	0.0148923	0.996587	-1.18696	0.218497	29.3305	
0.99651	0.000642378	0.0834759	0.000637569	0.999883	-0.0153056	-0.083476	0.0153054	0.996392	-1.25412	0.230813	30.1432	
0.996316	0.000677845	0.0857539	0.000672633	0.999876	-0.0157184	-0.085754	0.0157182	0.996192	-1.32314	0.243465	30.9559	
0.996117	0.000714268	0.0880322	0.00070863	0.99987	-0.0161311	-0.0880322	0.0161308	0.995987	-1.39401	0.256454	31.7683	
0.995913	0.000751645	0.0903106	0.000745559	0.999863	-0.0165435	-0.0903107	0.0165432	0.995776	-1.46674	0.269779	32.5806	
0.995704	0.000789975	0.0925892	0.000783418	0.999856	-0.0169557	-0.0925893	0.0169554	0.99556	-1.54134	0.283441	33.3928	
0.99549	0.000829259	0.0948678	0.000822206	0.999849	-0.0173676	-0.0948679	0.0173673	0.995338	-1.61779	0.297439	34.2047	
0.99527	0.000869493	0.0971465	0.000861921	0.999842	-0.0177793	-0.0971465	0.017779	0.995111	-1.6961	0.311772	35.0165	
0.995045	0.000910678	0.099425	0.000902561	0.999834	-0.0181908	-0.0994251	0.0181903	0.994879	-1.77626	0.326442	35.828	
0.994814	0.000952811	0.101703	0.000944125	0.999827	-0.0186019	-0.101703	0.0186015	0.994641	-1.85829	0.341446	36.6394	
0.994579	0.000995892	0.103981	0.00098661	0.999819	-0.0190127	-0.103982	0.0190123	0.994397	-1.94217	0.356786	37.4506	
0.994338	0.00103992	0.106259	0.00103001	0.999811	-0.0194233	-0.106259	0.0194227	0.994149	-2.02791	0.372461	38.2616	
0.994092	0.00108489	0.108537	0.00107434	0.999803	-0.0198335	-0.108537	0.0198329	0.993895	-2.11552	0.388471	39.0724	
0.993841	0.0011308	0.110814	0.00111957	0.999794	-0.0202434	-0.110814	0.0202428	0.993635	-2.20497	0.404815	39.883	
0.993584	0.00117766	0.11309	0.00116572	0.999786	-0.0206529	-0.113091	0.0206522	0.99337	-2.29629	0.421493	40.6933	
0.993322	0.00122545	0.115367	0.00121278	0.999777	-0.0210621	-0.115367	0.0210614	0.9931	-2.38946	0.438505	41.5034	
0.993055	0.00127418	0.117642	0.00126075	0.999769	-0.0214709	-0.117642	0.0214701	0.992824	-2.48449	0.45585	42.3134	
0.992783	0.00132385	0.119917	0.00130962	0.99976	-0.0218794	-0.119917	0.0218785	0.992543	-2.58137	0.473529	43.1231	
0.992506	0.00137445	0.12219	0.00135939	0.999751	-0.0222874	-0.122191	0.0222865	0.992256	-2.68011	0.491541	43.9325	
0.992223	0.00142597	0.124464	0.00141007	0.999741	-0.0226951	-0.124464	0.0226941	0.991965	-2.7807	0.509885	44.7417	
0.991935	0.00147843	0.126736	0.00146164	0.999732	-0.0231023	-0.126736	0.0231012	0.991667	-2.88315	0.528562	45.5507	
0.991976	0.00147126	0.126421	0.00132632	0.999756	-0.0220421	-0.126422	0.0220329	0.991732	-2.98639	0.546969	46.3596	
0.992016	0.00146444	0.126106	0.0011911	0.999779	-0.02098	-0.126109	0.0209627	0.991795	-3.08938	0.564504	47.1685	
0.992056	0.00145798	0.125792	0.00105598	0.999801	-0.019916	-0.125796	0.0198906	0.991857	-3.19212	0.581165	47.9775	
0.992095	0.00145187	0.125479	0.000920969	0.999822	-0.0188502	-0.125484	0.0188167	0.991917	-3.29459	0.596951	48.7866	
0.992135	0.00144612	0.125167	0.000786079	0.999842	-0.0177825	-0.125173	0.0177411	0.991976	-3.39682	0.61186	49.5957	
0.992174	0.00144071	0.124855	0.000651316	0.99986	-0.0167132	-0.124862	0.0166637	0.992034	-3.49879	0.625891	50.4048	
0.992213	0.00143565	0.124544	0.000516691	0.999878	-0.0156422	-0.124551	0.0155848	0.992091	-3.60051	0.639043	51.214	
0.992252	0.00143094	0.124233	0.00038221	0.999894	-0.0145697	-0.124241	0.0145043	0.992146	-3.70197	0.651314	52.0232	
0.992291	0.00142657	0.123923	0.000247883	0.999909	-0.0134956	-0.123931	0.0134223	0.9922	-3.80318	0.662704	52.8325	
0.992329	0.00142256	0.123613	0.000113718	0.999923	-0.0124201	-0.123622	0.0123389	0.992253	-3.90414	0.67321	53.6418	
0.992368	0.00141888	0.123304	-2.02758e-05	0.999936	-0.0113432	-0.123313	0.0112542	0.992304	-4.00485	0.682832	54.4512	
0.992406	0.00141555	0.122996	-0.000154091	0.999947	-0.010265	-0.123004	0.0101681	0.992354	-4.1053	0.691568	55.2606	
0.992444	0.00141256	0.122688	-0.000287719	0.999958	-0.00918559	-0.122696	0.00908088	0.992403	-4.20551	0.699419	56.07	
0.992482	0.00140992	0.12238	-0.000421151	0.999967	-0.00810496	-0.122388	0.00799249	0.99245	-4.30546	0.706382	56.8795	
0.99252	0.00140761	0.122073	-0.000554379	0.999975	-0.00702322	-0.12208	0.00690301	0.992496	-4.40516	0.712456	57.689	
0.992558	0.00140565	0.121766	-0.000687394	0.999982	-0.00594043	-0.121773	0.00581252	0.992541	-4.50461	0.717642	58.4985	
0.992595	0.00140402	0.12146	-0.000820189	0.999988	-0.00485666	-0.121465	0.00472108	0.992584	-4.60381	0.721938	59.3081	
0.992633	0.00140274	0.121154	-0.000952756	0.999992	-0.00377197	-0.121158	0.00362875	0.992627	-4.70276	0.725343	60.1178	
0.99267	0.00140179	0.120849	-0.00108508	0.999996	-0.00268642	-0.120852	0.0025356	0.992667	-4.80146	0.727857	60.9274	
0.992707	0.00140118	0.120543	-0.00121717	0.999998	-0.00160009	-0.120545	0.0014417	0.992707	-4.89991	0.729479	61.7371	
0.992744	0.0014009	0.120238	-0.001349	0.999999	-0.000513044	-0.120239	0.000347119	0.992745	-4.9981	0.730209	62.5468	
0.992781	0.00140096	0.119934	-0.00148057	0.999999	0.000574659	-0.119933	-0.000748081	0.992782	-5.09605	0.730045	63.3566	
0.992818	0.00140136	0.11963	-0.00161187	0.999997	0.00166295	-0.119627	-0.00184383	0.992817	-5.19375	0.728988	64.1664	
0.992854	0.00140209	0.119326	-0.00174289	0.999995	0.00275176	-0.119321	-0.00294007	0.992851	-5.2912	0.727037	64.9762	
0.992891	0.00140316	0.119022	-0.00187363	0.999991	0.00384103	-0.119015	-0.00403672	0.992884	-5.3884	0.724192	65.786	
0.992927	0.00140456	0.118718	-0.00200408	0.999986	0.00493068	-0.11871	-0.00513373	0.992916	-5.48535	0.720452	66.5959	
0.992963	0.0014063	0.118415	-0.00213422	0.99998	0.00602066	-0.118404	-0.00623102	0.992946	-5.58205	0.715817	67.4058	
0.992999	0.00140837	0.118112	-0.00226406	0.999972	0.0071109	-0.118098	-0.00732853	0.992975	-5.67851	0.710287	68.2157	
0.993035	0.00141077	0.117808	-0.00239358	0.999964	0.00820132	-0.117793	-0.00842619	0.993002	-5.77471	0.703862	69.0256	
0.993071	0.00141351	0.117506	-0.00252277	0.999954	0.00929187	-0.117487	-0.00952393	0.993029	-5.87066	0.696542	69.8356	
0.993107	0.00141658	0.117203	-0.00265163	0.999943	0.0103825	-0.117181	-0.0106217	0.993054	-5.96637	0.688326	70.6456	
0.993143	0.00141999	0.1169	-0.00278016	0.99993	0.0114731	-0.116876	-0.0117194	0.993077	-6.06182	0.679214	71.4556	
0.995049	0.00171669	0.099368	-0.00388622	0.999758	0.0216438	-0.0993068	-0.0219229	0.994815	-6.14999	0.665493	72.2663	
0.996646	0.0021933	0.0818089	-0.0048123	0.999482	0.0318303	-0.0816967	-0.0321172	0.99614	-6.22381	0.643454	73.0783	
0.997931	0.0028496	0.06423	-0.005558	0.999101	0.0420281	-0.0640525	-0.0422982	0.99705	-6.28326	0.613104	73.8912	
0.998905	0.00368533	0.0466388	-0.00612303	0.998616	0.0522332	-0.0463818	-0.0524616	0.997545	-6.32829	0.574457	74.7047	
0.999567	0.00470013	0.0290425	-0.00650713	0.998027	0.0624412	-0.0286918	-0.0626032	0.997626	-6.35891	0.527529	75.5184	
0.999917	0.0058936	0.0114485	-0.00671015	0.997335	0.0726479	-0.0109898	-0.0727187	0.997292	-6.3751	0.472339	76.332	
0.999955	0.00726522	-0.00613604	-0.00673202	0.996539	0.0828491	0.00671672	-0.082804	0.996543	-6.37684	0.40891	77.1452	
0.99968	0.00881443	-0.0237037	-0.00657271	0.995641	0.0930405	0.0244205	-0.0928549	0.99538	-6.36414	0.337269	77.9576	
0.999093	0.0105406	-0.0412472	-0.00623229	0.994639	0.103218	0.042114	-0.102867	0.993803	-6.33701	0.257445	78.7689	
0.998195	0.012443	-0.0587592	-0.00571092	0.993536	0.113377	0.0597901	-0.112837	0.991813	-6.29544	0.169472	79.5787	
0.996984	0.0145208	-0.0762325	-0.00500879	0.99233	0.123514	0.0774413	-0.122759	0.98941	-6.23948	0.0733857	80.3867	
