1	0	0	0	1	0	0	0	1	0	0	0	
0.999999	2.14442e-06	-0.00151553	2.14442e-06	0.999996	0.00282992	0.00151553	-0.00282992	0.999995	0.000580572	-0.00108409	0.76616	
0.999995	8.58089e-06	-0.00303117	8.58595e-06	0.999984	0.00566337	0.00303117	-0.00566337	0.999979	0.00232233	-0.00433771	1.53231	
0.99999	1.93152e-05	-0.00454688	1.93355e-05	0.999964	0.0085003	0.00454688	-0.0085003	0.999954	0.00522534	-0.00976354	2.29845	
0.999982	3.4353e-05	-0.00606261	3.44037e-05	0.999936	0.0113406	0.00606261	-0.0113406	0.999917	0.00928964	-0.0173642	3.06456	
0.999971	5.36993e-05	-0.00757833	5.38008e-05	0.999899	0.0141843	0.00757833	-0.0141843	0.999871	0.0145152	-0.0271423	3.83064	
0.999959	7.73591e-05	-0.00909399	7.75369e-05	0.999855	0.0170312	0.00909399	-0.0170312	0.999814	0.0209021	-0.0391004	4.59668	
0.999944	0.000105337	-0.0106096	0.000105622	0.999802	0.0198813	0.0106096	-0.0198813	0.999746	0.0284501	-0.0532409	5.36268	
0.999926	0.000137637	-0.012125	0.000138065	0.999742	0.0227345	0.012125	-0.0227345	0.999668	0.0371593	-0.0695662	6.12862	
0.999907	0.000174263	-0.0136402	0.000174875	0.999672	0.0255908	0.0136402	-0.0255908	0.999579	0.0470295	-0.0880787	6.89449	
0.999885	0.00021522	-0.0151553	0.000216061	0.999595	0.0284501	0.0151553	-0.0284501	0.99948	0.0580605	-0.108781	7.66029	
0.999861	0.000260509	-0.0166701	0.000261632	0.99951	0.0313122	0.0166701	-0.0313122	0.999371	0.0702522	-0.131675	8.42601	
0.999835	0.000310135	-0.0181846	0.000311596	0.999416	0.0341772	0.0181845	-0.0341772	0.99925	0.0836043	-0.156762	9.19165	
0.999806	0.0003641	-0.0196987	0.000365961	0.999314	0.037045	0.0196987	-0.037045	0.999119	0.0981167	-0.184046	9.95719	
0.999775	0.000422406	-0.0212125	0.000424734	0.999203	0.0399155	0.0212125	-0.0399155	0.998978	0.113789	-0.213528	10.7226	
0.999742	0.000485056	-0.0227259	0.000487923	0.999084	0.0427886	0.0227258	-0.0427886	0.998826	0.130621	-0.245211	11.4879	
0.999706	0.000552051	-0.0242388	0.000555535	0.998957	0.0456643	0.0242387	-0.0456643	0.998663	0.148612	-0.279095	12.2531	
0.999668	0.000623393	-0.0257512	0.000627577	0.998821	0.0485425	0.0257511	-0.0485425	0.998489	0.167762	-0.315184	13.0182	
0.999628	0.000699083	-0.0272631	0.000704056	0.998677	0.051423	0.027263	-0.0514231	0.998305	0.188071	-0.353479	13.7831	
0.999586	0.000779122	-0.0287744	0.000784977	0.998524	0.054306	0.0287743	-0.0543061	0.99811	0.209538	-0.393982	14.5479	
0.999541	0.000863511	-0.0302852	0.000870346	0.998363	0.0571912	0.030285	-0.0571913	0.997904	0.232162	-0.436695	15.3126	
0.999494	0.000952249	-0.0317952	0.00096017	0.998193	0.0600786	0.031795	-0.0600787	0.997687	0.255944	-0.481619	16.077	
0.999445	0.00104534	-0.0333046	0.00105445	0.998015	0.0629682	0.0333043	-0.0629683	0.99746	0.280882	-0.528756	16.8413	
0.999393	0.00114278	-0.0348133	0.0011532	0.997828	0.0658598	0.0348129	-0.06586	0.997221	0.306977	-0.578107	17.6055	
0.999339	0.00124456	-0.0363211	0.00125642	0.997633	0.0687534	0.0363207	-0.0687536	0.996972	0.334227	-0.629675	18.3694	
0.999283	0.0013507	-0.0378282	0.00136411	0.997429	0.071649	0.0378278	-0.0716492	0.996712	0.362632	-0.683461	19.1332	
0.999225	0.00146118	-0.0393345	0.00147628	0.997216	0.0745464	0.0393339	-0.0745467	0.996441	0.392191	-0.739466	19.8967	
0.999164	0.00157601	-0.0408399	0.00159293	0.996995	0.0774456	0.0408392	-0.0774459	0.99616	0.422904	-0.797691	20.66	
0.999102	0.00169518	-0.0423443	0.00171406	0.996766	0.0803465	0.0423435	-0.0803469	0.995867	0.454769	-0.858139	21.4231	
0.999037	0.00181869	-0.0438478	0.00183969	0.996527	0.083249	0.0438469	-0.0832495	0.995564	0.487787	-0.920809	22.186	
0.998969	0.00194654	-0.0453503	0.0019698	0.99628	0.0861531	0.0453493	-0.0861537	0.995249	0.521957	-0.985705	22.9486	
0.9989	0.00207873	-0.0468518	0.00210441	0.996024	0.0890588	0.0468506	-0.0890594	0.994924	0.557277	-1.05283	23.711	
0.998828	0.00221525	-0.0483522	0.00224352	0.99576	0.0919658	0.0483509	-0.0919665	0.994588	0.593747	-1.12217	24.4732	
0.998754	0.00235611	-0.0498515	0.00238713	0.995486	0.0948742	0.04985	-0.094875	0.99424	0.631366	-1.19375	25.2351	
0.998678	0.00250129	-0.0513497	0.00253523	0.995204	0.0977839	0.051348	-0.0977848	0.993882	0.670133	-1.26755	25.9967	
0.998599	0.00265079	-0.0528467	0.00268784	0.994914	0.100695	0.0528448	-0.100696	0.993513	0.710047	-1.34359	26.758	
0.998518	0.00280461	-0.0543424	0.00284496	0.994614	0.103607	0.0543403	-0.103608	0.993133	0.751107	-1.42185	27.5191	
0.998436	0.00296275	-0.0558369	0.00300658	0.994306	0.10652	0.0558346	-0.106521	0.992742	0.793313	-1.50235	28.2798	
0.99835	0.0031252	-0.0573302	0.0031727	0.993989	0.109434	0.0573276	-0.109436	0.992339	0.836664	-1.58508	29.0403	
0.998263	0.00329195	-0.0588221	0.00334333	0.993663	0.112349	0.0588192	-0.112351	0.991926	0.881157	-1.67004	29.8004	
0.998174	0.00346301	-0.0603126	0.00351847	0.993329	0.115265	0.0603094	-0.115267	0.991502	0.926793	-1.75724	30.5602	
0.998082	0.00363836	-0.0618018	0.00369811	0.992985	0.118182	0.0617982	-0.118184	0.991067	0.97357	-1.84667	31.3197	
0.997988	0.00381799	-0.0632895	0.00388226	0.992633	0.121099	0.0632855	-0.121101	0.990621	1.02149	-1.93833	32.0788	
0.997892	0.00400191	-0.0647757	0.00407092	0.992272	0.124018	0.0647714	-0.12402	0.990164	1.07054	-2.03223	32.8376	
0.997794	0.00419011	-0.0662604	0.00426408	0.991902	0.126936	0.0662557	-0.126939	0.989695	1.12074	-2.12837	33.5961	
0.997693	0.00438258	-0.0677436	0.00446174	0.991523	0.129855	0.0677384	-0.129858	0.989216	1.17207	-2.22674	34.3542	
0.997591	0.00457931	-0.0692252	0.0046639	0.991135	0.132775	0.0692196	-0.132778	0.988726	1.22453	-2.32736	35.1119	
0.997486	0.0047803	-0.0707052	0.00487056	0.990739	0.135695	0.070699	-0.135698	0.988224	1.27813	-2.4302	35.8692	
0.997379	0.00498553	-0.0721835	0.00508173	0.990333	0.138615	0.0721768	-0.138619	0.987712	1.33287	-2.53529	36.6262	
0.99727	0.00519501	-0.0736602	0.00529738	0.989919	0.141536	0.0736529	-0.14154	0.987189	1.38873	-2.64261	37.3827	
0.997159	0.00540872	-0.0751351	0.00551753	0.989496	0.144457	0.0751272	-0.144461	0.986654	1.44573	-2.75217	38.1389	
0.997045	0.00562666	-0.0766083	0.00574217	0.989064	0.147377	0.0765997	-0.147382	0.986109	1.50385	-2.86397	38.8946	
0.99693	0.00584881	-0.0780797	0.00597129	0.988623	0.150298	0.0780704	-0.150303	0.985553	1.5631	-2.97801	39.6499	
0.996812	0.00607517	-0.0795492	0.0062049	0.988173	0.153219	0.0795392	-0.153224	0.984985	1.62348	-3.09429	40.4048	
0.996916	0.00587199	-0.0782547	0.00641864	0.987754	0.155888	0.0782117	-0.155909	0.98467	1.68391	-3.21271	41.1593	
0.997018	0.00566501	-0.0769589	0.00662949	0.987326	0.158564	0.0768818	-0.158602	0.984345	1.74332	-3.33319	41.9136	
0.997119	0.00545423	-0.0756619	0.00683742	0.98689	0.161249	0.0755495	-0.161302	0.984009	1.80172	-3.45574	42.6676	
0.997217	0.00523964	-0.074364	0.00704236	0.986445	0.163942	0.074215	-0.16401	0.983663	1.85909	-3.58036	43.4214	
0.997315	0.00502123	-0.0730651	0.00724428	0.985991	0.166642	0.0728782	-0.166724	0.983307	1.91544	-3.70706	44.1749	
0.99741	0.004799	-0.0717652	0.00744313	0.985528	0.169349	0.0715393	-0.169445	0.98294	1.97076	-3.83584	44.9282	
0.997504	0.00457294	-0.0704646	0.00763886	0.985056	0.172064	0.0701984	-0.172172	0.982562	2.02506	-3.96671	45.6811	
0.997596	0.00434304	-0.0691631	0.00783143	0.984576	0.174785	0.0688554	-0.174906	0.982175	2.07833	-4.09967	46.4338	
0.997686	0.00410929	-0.067861	0.00802079	0.984086	0.177512	0.0675105	-0.177645	0.981776	2.13057	-4.23472	47.1861	
0.997775	0.0038717	-0.0665583	0.00820691	0.983587	0.180245	0.0661638	-0.18039	0.981367	2.18178	-4.37188	47.9381	
0.997862	0.00363026	-0.065255	0.00838975	0.98308	0.182984	0.0648152	-0.183141	0.980948	2.23195	-4.51114	48.6899	
0.997947	0.00338496	-0.0639512	0.00856925	0.982564	0.185729	0.0634648	-0.185896	0.980518	2.28109	-4.65251	49.4413	
0.998031	0.0031358	-0.062647	0.0087454	0.982038	0.188479	0.0621128	-0.188656	0.980077	2.3292	-4.796	50.1923	
0.998113	0.00288279	-0.0613424	0.00891814	0.981504	0.191234	0.0607591	-0.19142	0.979626	2.37627	-4.9416	50.9431	
0.998193	0.00262591	-0.0600376	0.00908745	0.980961	0.193994	0.0594039	-0.194189	0.979164	2.4223	-5.08932	51.6934	
0.998271	0.00236517	-0.0587325	0.00925328	0.980408	0.196759	0.0580472	-0.196962	0.978691	2.46729	-5.23916	52.4435	
0.998347	0.00210056	-0.0574272	0.0094156	0.979847	0.199527	0.056689	-0.199738	0.978208	2.51125	-5.39113	53.1931	
0.998422	0.00183209	-0.0561218	0.00957439	0.979277	0.2023	0.0553294	-0.202518	0.977714	2.55416	-5.54522	53.9424	
0.998495	0.00155975	-0.0548163	0.0097296	0.978698	0.205076	0.0539684	-0.2053	0.97721	2.59603	-5.70145	54.6913	
0.998566	0.00128356	-0.0535108	0.00988121	0.97811	0.207855	0.0526062	-0.208086	0.976695	2.63686	-5.85981	55.4398	
0.998636	0.00100349	-0.0522054	0.0100292	0.977513	0.210638	0.0512428	-0.210874	0.976169	2.67664	-6.02031	56.1879	
0.998703	0.000719573	-0.0509001	0.0101735	0.976907	0.213423	0.0498782	-0.213665	0.975633	2.71538	-6.18294	56.9356	
0.998769	0.000431794	-0.0495949	0.0103141	0.976292	0.216212	0.0485125	-0.216457	0.975086	2.75307	-6.34771	57.6829	
0.998833	0.000140161	-0.04829	0.010451	0.975668	0.219002	0.0471457	-0.219251	0.974529	2.78971	-6.51462	58.4297	
0.998896	-0.000155322	-0.0469853	0.0105842	0.975036	0.221794	0.0457779	-0.222047	0.973961	2.82531	-6.68368	59.1762	
0.998956	-0.000454652	-0.045681	0.0107136	0.974395	0.224589	0.0444092	-0.224844	0.973382	2.85986	-6.85487	59.9222	
0.999015	-0.000757824	-0.044377	0.0108392	0.973745	0.227384	0.0430395	-0.227641	0.972793	2.89336	-7.02821	60.6677	
0.999071	-0.00106483	-0.0430734	0.010961	0.973086	0.230181	0.0416691	-0.230439	0.972194	2.92581	-7.20369	61.4128	
0.999126	-0.00137567	-0.0417704	0.011079	0.972419	0.232979	0.0402978	-0.233238	0.971584	2.95721	-7.38132	62.1574	
0.999179	-0.00169033	-0.0404679	0.0111932	0.971743	0.235777	0.0389258	-0.236037	0.970964	2.98756	-7.56109	62.9016	
0.999231	-0.00200881	-0.0391659	0.0113034	0.971058	0.238576	0.0375531	-0.238835	0.970334	3.01686	-7.743	63.6452	
0.99928	-0.0023311	-0.0378646	0.0114098	0.970365	0.241375	0.0361798	-0.241634	0.969693	3.0451	-7.92706	64.3884	
0.999328	-0.00265719	-0.0365639	0.0115123	0.969663	0.244174	0.0348059	-0.244431	0.969042	3.07229	-8.11326	65.1311	
0.999374	-0.00298707	-0.035264	0.0116108	0.968953	0.246973	0.0334314	-0.247227	0.968381	3.09844	-8.30161	65.8733	
0.999418	-0.00332073	-0.0339649	0.0117055	0.968234	0.24977	0.0320565	-0.250022	0.967709	3.12352	-8.49209	66.615	
0.99946	-0.00365816	-0.0326665	0.0117962	0.967507	0.252567	0.0306812	-0.252816	0.967028	3.14756	-8.68472	67.3562	
0.9995	-0.00399936	-0.0313691	0.0118829	0.966772	0.255363	0.0293055	-0.255608	0.966336	3.17054	-8.87949	68.0968	
0.999538	-0.00434431	-0.0300725	0.0119657	0.966029	0.258157	0.0279294	-0.258397	0.965635	3.19246	-9.0764	68.8369	
0.999575	-0.00469299	-0.028777	0.0120445	0.965277	0.260949	0.0265531	-0.261185	0.964924	3.21333	-9.27544	69.5764	
0.99961	-0.0050454	-0.0274824	0.0121193	0.964518	0.263739	0.0251766	-0.263969	0.964202	3.23315	-9.47661	70.3155	
0.999908	-0.0100902	-0.00902109	0.0121082	0.964705	0.263053	0.00604843	-0.263138	0.964739	3.24511	-9.67855	71.0544	
0.999841	-0.0151182	0.00944713	0.0121107	0.964892	0.262367	-0.013082	-0.262211	0.964922	3.24242	-9.8798	71.7937	
0.999408	-0.0201274	0.0279155	0.0121268	0.965078	0.26168	-0.0322076	-0.261187	0.964751	3.22507	-10.0803	72.5329	
0.998608	-0.0251162	0.0463771	0.0121565	0.965264	0.260994	-0.0513213	-0.260067	0.964226	3.19307	-10.28	73.2719	
0.997443	-0.0300826	0.0648253	0.0121998	0.965448	0.260308	-0.0704163	-0.258852	0.963347	3.14643	-10.4788	74.0103	
0.995913	-0.0350249	0.0832534	0.0122567	0.965632	0.259623	-0.0894854	-0.257542	0.962115	3.08517	-10.6766	74.7479	
