1	0	0	0	1	0	0	0	1	0	0	0	
0.999999	-1.57121e-06	0.0010016	-1.57121e-06	0.999995	0.00313739	-0.0010016	-0.00313739	0.999995	-0.000535959	-0.00167882	1.0702	
0.999998	-6.29687e-06	0.00200517	-6.29612e-06	0.99998	0.00628019	-0.00200517	-0.00628019	0.999978	-0.00214489	-0.00671818	2.14039	
0.999995	-1.41944e-05	0.00301066	-1.41914e-05	0.999956	0.00942824	-0.00301066	-0.00942824	0.999951	-0.00482887	-0.0151238	3.21055	
0.999992	-2.52808e-05	0.004018	-2.52734e-05	0.999921	0.0125814	-0.004018	-0.0125814	0.999913	-0.00858991	-0.0269012	4.28068	
0.999987	-3.95725e-05	0.00502716	-3.95575e-05	0.999876	0.0157394	-0.00502716	-0.0157394	0.999863	-0.01343	-0.0420557	5.35077	
0.999982	-5.70854e-05	0.00603808	-5.70591e-05	0.999821	0.0189022	-0.00603808	-0.0189022	0.999803	-0.019351	-0.0605925	6.42079	
0.999975	-7.78348e-05	0.0070507	-7.77926e-05	0.999756	0.0220696	-0.0070507	-0.0220696	0.999732	-0.0263548	-0.0825166	7.49075	
0.999967	-0.000101836	0.00806498	-0.000101772	0.999681	0.0252415	-0.00806499	-0.0252415	0.999649	-0.0344433	-0.107833	8.56062	
0.999959	-0.000129102	0.00908087	-0.000129011	0.999596	0.0284176	-0.00908087	-0.0284176	0.999555	-0.0436181	-0.136546	9.63039	
0.999949	-0.000159648	0.0100983	-0.000159523	0.999501	0.0315977	-0.0100983	-0.0315977	0.99945	-0.0538809	-0.16866	10.7001	
0.999938	-0.000193487	0.0111172	-0.00019332	0.999395	0.0347819	-0.0111172	-0.0347819	0.999333	-0.0652333	-0.20418	11.7696	
0.999926	-0.000230631	0.0121376	-0.000230414	0.999279	0.0379697	-0.0121376	-0.0379697	0.999205	-0.077677	-0.243109	12.839	
0.999913	-0.000271093	0.0131594	-0.000270817	0.999152	0.0411612	-0.0131594	-0.0411612	0.999066	-0.0912135	-0.285453	13.9083	
0.999899	-0.000314885	0.0141825	-0.000314538	0.999016	0.0443561	-0.0141825	-0.0443561	0.998915	-0.105844	-0.331213	14.9774	
0.999884	-0.000362016	0.0152069	-0.00036159	0.998869	0.0475543	-0.0152069	-0.0475543	0.998753	-0.121571	-0.380394	16.0464	
0.999868	-0.000412499	0.0162326	-0.00041198	0.998711	0.0507556	-0.0162326	-0.0507556	0.998579	-0.138394	-0.433	17.1152	
0.999851	-0.000466343	0.0172594	-0.00046572	0.998543	0.0539599	-0.0172594	-0.0539598	0.998394	-0.156315	-0.489034	18.1838	
0.999833	-0.000523557	0.0182873	-0.000522816	0.998365	0.0571669	-0.0182874	-0.0571668	0.998197	-0.175337	-0.548498	19.2521	
0.999813	-0.000584151	0.0193164	-0.000583278	0.998176	0.0603765	-0.0193164	-0.0603765	0.997989	-0.195458	-0.611395	20.3203	
0.999793	-0.000648132	0.0203464	-0.000647113	0.997976	0.0635885	-0.0203465	-0.0635885	0.997769	-0.216682	-0.677729	21.3882	
0.999771	-0.00071551	0.0213775	-0.000714328	0.997766	0.0668028	-0.0213775	-0.0668028	0.997537	-0.239009	-0.747502	22.4559	
0.999749	-0.00078629	0.0224094	-0.00078493	0.997545	0.0700193	-0.0224095	-0.0700193	0.997294	-0.262439	-0.820715	23.5234	
0.999725	-0.00086048	0.0234423	-0.000858924	0.997314	0.0732376	-0.0234423	-0.0732376	0.997039	-0.286975	-0.897372	24.5905	
0.9997	-0.000938085	0.0244759	-0.000936315	0.997072	0.0764578	-0.024476	-0.0764578	0.996772	-0.312616	-0.977475	25.6574	
0.999674	-0.00101911	0.0255103	-0.00101711	0.99682	0.0796796	-0.0255104	-0.0796795	0.996494	-0.339363	-1.06102	26.724	
0.999647	-0.00110357	0.0265454	-0.00110131	0.996557	0.0829028	-0.0265455	-0.0829028	0.996204	-0.367219	-1.14802	27.7903	
0.999619	-0.00119145	0.0275812	-0.00118892	0.996283	0.0861273	-0.0275813	-0.0861272	0.995902	-0.396182	-1.23847	28.8563	
0.99959	-0.00128277	0.0286175	-0.00127995	0.995999	0.0893529	-0.0286177	-0.0893529	0.995589	-0.426254	-1.33237	29.9219	
0.999559	-0.00137753	0.0296545	-0.00137439	0.995704	0.0925795	-0.0296546	-0.0925794	0.995264	-0.457436	-1.42972	30.9872	
0.999528	-0.00147573	0.0306919	-0.00147225	0.995399	0.0958068	-0.030692	-0.0958068	0.994927	-0.489727	-1.53053	32.0522	
0.999495	-0.00157737	0.0317297	-0.00157353	0.995083	0.0990348	-0.0317299	-0.0990347	0.994578	-0.523129	-1.63479	33.1168	
0.999462	-0.00168246	0.032768	-0.00167823	0.994756	0.102263	-0.0327682	-0.102263	0.994218	-0.557642	-1.7425	34.181	
0.999427	-0.00179099	0.0338066	-0.00178635	0.994419	0.105492	-0.0338068	-0.105492	0.993845	-0.593267	-1.85367	35.2448	
0.999391	-0.00190297	0.0348455	-0.00189789	0.994071	0.108721	-0.0348457	-0.108721	0.993461	-0.630003	-1.9683	36.3082	
0.999354	-0.0020184	0.0358846	-0.00201286	0.993712	0.11195	-0.0358849	-0.111949	0.993066	-0.667851	-2.08638	37.3712	
0.999316	-0.00213728	0.0369239	-0.00213124	0.993343	0.115178	-0.0369242	-0.115178	0.992658	-0.706811	-2.20792	38.4338	
0.999277	-0.0022596	0.0379633	-0.00225303	0.992963	0.118406	-0.0379637	-0.118406	0.992239	-0.746884	-2.33291	39.4959	
0.999236	-0.00238536	0.0390028	-0.00237825	0.992572	0.121634	-0.0390032	-0.121634	0.991808	-0.788069	-2.46135	40.5576	
0.999195	-0.00251456	0.0400423	-0.00250687	0.992171	0.124861	-0.0400428	-0.124861	0.991366	-0.830367	-2.59325	41.6188	
0.999152	-0.00264721	0.0410818	-0.0026389	0.991759	0.128087	-0.0410823	-0.128087	0.990912	-0.873777	-2.72861	42.6795	
0.999109	-0.00278328	0.0421212	-0.00277434	0.991337	0.131312	-0.0421218	-0.131312	0.990446	-0.918299	-2.86741	43.7397	
0.999064	-0.00292279	0.0431604	-0.00291317	0.990904	0.134536	-0.0431611	-0.134536	0.989968	-0.963934	-3.00967	44.7994	
0.999018	-0.00306573	0.0441995	-0.0030554	0.990461	0.137759	-0.0442002	-0.137759	0.989479	-1.01068	-3.15537	45.8586	
0.998971	-0.00321209	0.0452383	-0.00320101	0.990007	0.14098	-0.0452391	-0.14098	0.988978	-1.05854	-3.30453	46.9173	
0.998923	-0.00336186	0.0462769	-0.00335001	0.989543	0.1442	-0.0462777	-0.144199	0.988466	-1.10751	-3.45713	47.9755	
0.998874	-0.00351504	0.0473151	-0.00350238	0.989068	0.147417	-0.047316	-0.147417	0.987942	-1.15759	-3.61317	49.033	
0.998824	-0.00367163	0.0483529	-0.00365812	0.988583	0.150633	-0.0483539	-0.150632	0.987407	-1.20879	-3.77266	50.09	
0.998772	-0.00383161	0.0493902	-0.00381722	0.988087	0.153846	-0.0493913	-0.153846	0.98686	-1.26109	-3.93558	51.1465	
0.99872	-0.00399498	0.050427	-0.00397966	0.987581	0.157057	-0.0504282	-0.157057	0.986301	-1.3145	-4.10195	52.2023	
0.998666	-0.00416173	0.0514633	-0.00414545	0.987065	0.160266	-0.0514646	-0.160266	0.985731	-1.36903	-4.27175	53.2576	
0.998612	-0.00433185	0.052499	-0.00431457	0.986539	0.163472	-0.0525004	-0.163472	0.98515	-1.42466	-4.44498	54.3122	
0.998556	-0.00450533	0.053534	-0.00448701	0.986002	0.166675	-0.0535355	-0.166675	0.984557	-1.4814	-4.62164	55.3662	
0.998499	-0.00468216	0.0545683	-0.00466276	0.985454	0.169876	-0.0545699	-0.169875	0.983954	-1.53925	-4.80173	56.4195	
0.998441	-0.00486233	0.0556018	-0.00484181	0.984897	0.173073	-0.0556036	-0.173072	0.983338	-1.5982	-4.98524	57.4722	
0.998382	-0.00504583	0.0566345	-0.00502415	0.98433	0.176267	-0.0566365	-0.176266	0.982712	-1.65826	-5.17217	58.5243	
0.998322	-0.00523265	0.0576664	-0.00520976	0.983752	0.179457	-0.0576685	-0.179456	0.982074	-1.71942	-5.36252	59.5756	
0.998261	-0.00542277	0.0586973	-0.00539863	0.983164	0.182644	-0.0586995	-0.182643	0.981425	-1.78169	-5.55628	60.6263	
0.998199	-0.00561618	0.0597273	-0.00559075	0.982567	0.185827	-0.0597297	-0.185826	0.980765	-1.84507	-5.75345	61.6763	
0.998136	-0.00581286	0.0607562	-0.0057861	0.981959	0.189006	-0.0607588	-0.189005	0.980095	-1.90954	-5.95402	62.7255	
0.998071	-0.00601282	0.0617841	-0.00598467	0.981341	0.192181	-0.0617868	-0.192181	0.979413	-1.97511	-6.158	63.7741	
0.998006	-0.00621602	0.0628108	-0.00618644	0.980714	0.195352	-0.0628137	-0.195351	0.97872	-2.04179	-6.36537	64.8219	
0.99794	-0.00642245	0.0638364	-0.0063914	0.980076	0.198519	-0.0638395	-0.198518	0.978016	-2.10956	-6.57613	65.8689	
0.997872	-0.0066321	0.0648607	-0.00659954	0.979429	0.201681	-0.064864	-0.20168	0.977301	-2.17843	-6.79027	66.9152	
0.997804	-0.00684496	0.0658838	-0.00681082	0.978772	0.204838	-0.0658873	-0.204837	0.976576	-2.24839	-7.0078	67.9607	
0.997734	-0.007061	0.0669055	-0.00702524	0.978106	0.207991	-0.0669093	-0.20799	0.97584	-2.31945	-7.2287	69.0055	
0.997664	-0.0072802	0.0679259	-0.00724278	0.977429	0.211138	-0.0679299	-0.211137	0.975093	-2.39161	-7.45298	70.0494	
0.997575	-0.00755967	0.0691945	-0.00773293	0.975895	0.218104	-0.0691753	-0.21811	0.973469	-2.46497	-7.68267	71.0921	
0.997452	-0.00796323	0.070889	-0.00960005	0.969725	0.244012	-0.0706859	-0.24407	0.967178	-2.53982	-7.93	72.1306	
0.997328	-0.00841196	0.0725719	-0.0115068	0.962864	0.269742	-0.0721459	-0.269856	0.960194	-2.61625	-8.20502	73.162	
0.9972	-0.00890556	0.074242	-0.0134519	0.955317	0.295276	-0.0735543	-0.295448	0.952523	-2.69422	-8.50753	74.1856	
0.997071	-0.00944367	0.0758981	-0.0154339	0.94709	0.320596	-0.0749099	-0.320829	0.94417	-2.77367	-8.83732	75.2005	
0.996939	-0.0100259	0.077539	-0.0174513	0.938188	0.345685	-0.076212	-0.34598	0.935142	-2.85454	-9.19415	76.2062	
0.996805	-0.0106518	0.0791636	-0.0195028	0.928618	0.370523	-0.0774595	-0.370883	0.925443	-2.93677	-9.57777	77.2019	
0.996668	-0.011321	0.0807707	-0.0215868	0.918387	0.395094	-0.0786516	-0.395521	0.915083	-3.02031	-9.9879	78.1868	
0.99653	-0.012033	0.0823591	-0.023702	0.907502	0.419379	-0.0797874	-0.419876	0.904067	-3.1051	-10.4242	79.1603	
0.99639	-0.0127872	0.0839277	-0.0258467	0.89597	0.443362	-0.0808661	-0.44393	0.892405	-3.19107	-10.8865	80.1217	
0.996248	-0.0135832	0.0854754	-0.0280194	0.8838	0.467024	-0.0818869	-0.467667	0.880103	-3.27816	-11.3743	81.0702	
0.996104	-0.0144203	0.087001	-0.0302186	0.871001	0.49035	-0.082849	-0.491069	0.867172	-3.36632	-11.8874	82.0052	
0.995958	-0.015298	0.0885035	-0.0324427	0.857582	0.513322	-0.0837519	-0.514119	0.85362	-3.45547	-12.4253	82.9261	
0.995811	-0.0162156	0.0899819	-0.0346901	0.843553	0.535925	-0.0845948	-0.536801	0.839457	-3.54556	-12.9877	83.8321	
0.995663	-0.0171725	0.0914349	-0.0369592	0.828923	0.558141	-0.0853772	-0.559099	0.824693	-3.63652	-13.5741	84.7226	
0.995513	-0.018168	0.0928617	-0.0392483	0.813703	0.579955	-0.0860984	-0.580997	0.809339	-3.72828	-14.1842	85.597	
0.995362	-0.0192014	0.0942611	-0.0415559	0.797904	0.601351	-0.0867581	-0.602479	0.793405	-3.82078	-14.8175	86.4547	
0.99521	-0.0202719	0.0956323	-0.0438803	0.781537	0.622314	-0.0873556	-0.62353	0.776904	-3.91396	-15.4736	87.295	
0.995057	-0.0213788	0.0969741	-0.0462198	0.764613	0.64283	-0.0878906	-0.644134	0.759846	-4.00774	-16.152	88.1174	
0.994903	-0.0225212	0.0982857	-0.0485727	0.747146	0.662882	-0.0883627	-0.664278	0.742245	-4.10205	-16.8522	88.9212	
0.994749	-0.0236984	0.099566	-0.0509375	0.729148	0.682458	-0.0887715	-0.683946	0.724112	-4.19685	-17.5736	89.7059	
0.994593	-0.0249095	0.100814	-0.0533122	0.710631	0.701542	-0.0891168	-0.703124	0.705461	-4.29204	-18.3159	90.4709	
0.994438	-0.0261537	0.102029	-0.0556954	0.691608	0.720122	-0.0893983	-0.721799	0.686305	-4.38757	-19.0784	91.2157	
0.994281	-0.0274301	0.103211	-0.0580852	0.672094	0.738184	-0.0896158	-0.739957	0.666657	-4.48336	-19.8607	91.9397	
0.994125	-0.0287377	0.104357	-0.0604799	0.652102	0.755715	-0.0897692	-0.757586	0.646533	-4.57936	-20.662	92.6425	
0.993968	-0.0300756	0.105469	-0.0628779	0.631647	0.772702	-0.0898583	-0.774673	0.625946	-4.67548	-21.482	93.3234	
0.993811	-0.0314428	0.106543	-0.0652774	0.610743	0.789134	-0.0898831	-0.791204	0.60491	-4.77167	-22.32	93.9821	
0.993654	-0.0328385	0.107581	-0.0676767	0.589405	0.804998	-0.0898436	-0.80717	0.583442	-4.86785	-23.1753	94.618	
0.993497	-0.0342615	0.108581	-0.0700741	0.567648	0.820283	-0.0897397	-0.822558	0.561556	-4.96395	-24.0474	95.2307	
0.99334	-0.0357108	0.109542	-0.0724679	0.545489	0.834979	-0.0895717	-0.837357	0.539268	-5.0599	-24.9357	95.8198	
0.993184	-0.0371855	0.110464	-0.0748563	0.522942	0.849075	-0.0893395	-0.851557	0.516594	-5.15565	-25.8395	96.3848	
0.993029	-0.0386845	0.111346	-0.0772377	0.500024	0.86256	-0.0890433	-0.865147	0.493551	-5.2511	-26.7582	96.9254	
0.992873	-0.0402066	0.112187	-0.0796103	0.476752	0.875425	-0.0886834	-0.878118	0.470154	-5.34621	-27.691	97.4411	
