1	0	0	0	1	0	0	0	1	0	0	0	
0.999999	-1.77496e-06	0.00159834	-1.77496e-06	0.999998	0.00222101	-0.00159834	-0.00222101	0.999996	-0.000790289	-0.00109817	0.988888	
0.999995	-7.11233e-06	0.00319953	-7.11177e-06	0.99999	0.00444564	-0.00319953	-0.00444564	0.999985	-0.00316257	-0.00439446	1.97777	
0.999988	-1.60303e-05	0.00480352	-1.6028e-05	0.999978	0.0066738	-0.00480352	-0.0066738	0.999966	-0.00711964	-0.00989241	2.96663	
0.999979	-2.85465e-05	0.00641023	-2.85408e-05	0.99996	0.00890539	-0.00641023	-0.00890539	0.99994	-0.0126642	-0.0175955	3.95548	
0.999968	-4.4678e-05	0.00801958	-4.46668e-05	0.999938	0.0111403	-0.00801958	-0.0111403	0.999906	-0.019799	-0.0275069	4.94429	
0.999954	-6.44414e-05	0.00963151	-6.44218e-05	0.999911	0.0133784	-0.00963151	-0.0133784	0.999864	-0.0285265	-0.0396301	5.93307	
0.999937	-8.78529e-05	0.0112459	-8.78213e-05	0.999878	0.0156197	-0.0112459	-0.0156197	0.999815	-0.0388492	-0.0539681	6.9218	
0.999917	-0.000114928	0.0128628	-0.00011488	0.99984	0.017864	-0.0128628	-0.017864	0.999758	-0.0507696	-0.0705239	7.91047	
0.999895	-0.000145681	0.014482	-0.000145613	0.999798	0.0201111	-0.014482	-0.0201111	0.999693	-0.0642901	-0.0893005	8.89909	
0.99987	-0.000180127	0.0161035	-0.000180034	0.99975	0.0223612	-0.0161035	-0.0223612	0.99962	-0.079413	-0.110301	9.88764	
0.999843	-0.00021828	0.0177272	-0.000218156	0.999697	0.0246139	-0.0177272	-0.0246139	0.99954	-0.0961404	-0.133527	10.8761	
0.999813	-0.000260153	0.0193531	-0.000259991	0.999639	0.0268692	-0.0193531	-0.0268692	0.999452	-0.114475	-0.158983	11.8645	
0.99978	-0.000305759	0.020981	-0.000305552	0.999576	0.0291271	-0.020981	-0.0291271	0.999355	-0.134417	-0.18667	12.8528	
0.999744	-0.000355109	0.0226109	-0.000354851	0.999507	0.0313873	-0.0226109	-0.0313873	0.999252	-0.155971	-0.216591	13.841	
0.999706	-0.000408217	0.0242427	-0.000407898	0.999434	0.0336499	-0.0242427	-0.0336499	0.99914	-0.179138	-0.248748	14.8291	
0.999665	-0.000465092	0.0258764	-0.000464704	0.999355	0.0359146	-0.0258764	-0.0359146	0.99902	-0.203919	-0.283144	15.8171	
0.999621	-0.000525745	0.0275118	-0.000525279	0.999271	0.0381815	-0.0275118	-0.0381815	0.998892	-0.230316	-0.31978	16.8049	
0.999575	-0.000590187	0.029149	-0.000589633	0.999181	0.0404504	-0.029149	-0.0404504	0.998756	-0.258332	-0.358659	17.7927	
0.999526	-0.000658426	0.0307877	-0.000657774	0.999087	0.0427211	-0.0307877	-0.0427211	0.998613	-0.287967	-0.399783	18.7803	
0.999474	-0.000730472	0.0324281	-0.00072971	0.998987	0.0449937	-0.0324281	-0.0449937	0.998461	-0.319224	-0.443153	19.7677	
0.999419	-0.000806333	0.0340699	-0.00080545	0.998882	0.047268	-0.0340699	-0.047268	0.998301	-0.352104	-0.488772	20.755	
0.999362	-0.000886016	0.0357131	-0.000884999	0.998772	0.0495438	-0.0357131	-0.0495438	0.998133	-0.386608	-0.53664	21.7421	
0.999301	-0.000969529	0.0373576	-0.000968366	0.998656	0.0518212	-0.0373577	-0.0518211	0.997957	-0.422737	-0.586759	22.7291	
0.999239	-0.00105688	0.0390034	-0.00105556	0.998535	0.0540999	-0.0390035	-0.0540999	0.997773	-0.460493	-0.639131	23.7158	
0.999173	-0.00114807	0.0406504	-0.00114657	0.998409	0.0563799	-0.0406505	-0.0563799	0.997581	-0.499878	-0.693757	24.7024	
0.999104	-0.00124311	0.0422985	-0.00124142	0.998277	0.0586611	-0.0422986	-0.0586611	0.997381	-0.540892	-0.750639	25.6888	
0.999033	-0.001342	0.0439477	-0.00134011	0.99814	0.0609434	-0.0439478	-0.0609433	0.997173	-0.583536	-0.809776	26.675	
0.998959	-0.00144475	0.0455978	-0.00144264	0.997998	0.0632267	-0.0455979	-0.0632266	0.996957	-0.627811	-0.871172	27.661	
0.998882	-0.00155136	0.0472488	-0.00154901	0.997851	0.0655108	-0.0472489	-0.0655107	0.996733	-0.673719	-0.934825	28.6468	
0.998802	-0.00166183	0.0489007	-0.00165923	0.997698	0.0677957	-0.0489007	-0.0677956	0.9965	-0.721259	-1.00074	29.6323	
0.99872	-0.00177617	0.0505532	-0.0017733	0.99754	0.0700813	-0.0505533	-0.0700812	0.996259	-0.770434	-1.06891	30.6176	
0.998635	-0.00189438	0.0522065	-0.00189122	0.997376	0.0723675	-0.0522066	-0.0723674	0.996011	-0.821243	-1.13934	31.6027	
0.998546	-0.00201646	0.0538603	-0.00201299	0.997207	0.0746541	-0.0538605	-0.074654	0.995754	-0.873687	-1.21204	32.5875	
0.998456	-0.00214241	0.0555147	-0.00213861	0.997033	0.0769411	-0.0555149	-0.076941	0.995489	-0.927767	-1.28699	33.5721	
0.998362	-0.00227223	0.0571695	-0.00226808	0.996854	0.0792284	-0.0571697	-0.0792282	0.995216	-0.983484	-1.36421	34.5564	
0.998265	-0.00240592	0.0588248	-0.0024014	0.996669	0.0815158	-0.0588249	-0.0815157	0.994935	-1.04084	-1.44369	35.5404	
0.998166	-0.00254348	0.0604803	-0.00253857	0.996479	0.0838033	-0.0604805	-0.0838031	0.994645	-1.09983	-1.52543	36.5241	
0.998064	-0.00268491	0.062136	-0.00267959	0.996284	0.0860907	-0.0621362	-0.0860906	0.994348	-1.16045	-1.60943	37.5076	
0.997959	-0.00283021	0.0637919	-0.00282445	0.996083	0.0883781	-0.0637922	-0.0883779	0.994042	-1.22272	-1.6957	38.4907	
0.997852	-0.00297936	0.0654479	-0.00297315	0.995877	0.0906651	-0.0654482	-0.0906649	0.993729	-1.28662	-1.78422	39.4736	
0.997741	-0.00313238	0.0671039	-0.00312569	0.995666	0.0929519	-0.0671042	-0.0929517	0.993407	-1.35216	-1.87501	40.4561	
0.997628	-0.00328926	0.0687599	-0.00328206	0.995449	0.0952382	-0.0687602	-0.0952379	0.993077	-1.41934	-1.96806	41.4383	
0.997512	-0.00344999	0.0704157	-0.00344226	0.995227	0.0975239	-0.070416	-0.0975237	0.992739	-1.48815	-2.06337	42.4202	
0.997393	-0.00361456	0.0720713	-0.00360627	0.995	0.099809	-0.0720717	-0.0998087	0.992393	-1.55861	-2.16094	43.4017	
0.997271	-0.00378298	0.0737266	-0.00377411	0.994768	0.102093	-0.073727	-0.102093	0.992039	-1.63069	-2.26077	44.3829	
0.997147	-0.00395523	0.0753816	-0.00394575	0.99453	0.104377	-0.0753821	-0.104377	0.991677	-1.70442	-2.36286	45.3638	
0.99702	-0.00413131	0.0770361	-0.0041212	0.994287	0.106659	-0.0770366	-0.106659	0.991307	-1.77978	-2.4672	46.3442	
0.99689	-0.00431122	0.0786901	-0.00430044	0.994039	0.108941	-0.0786907	-0.108941	0.990929	-1.85678	-2.57381	47.3243	
0.996757	-0.00449494	0.0803436	-0.00448347	0.993786	0.111221	-0.0803443	-0.111221	0.990543	-1.93542	-2.68266	48.3041	
0.996622	-0.00468246	0.0819964	-0.00467027	0.993527	0.113501	-0.0819971	-0.1135	0.990149	-2.01568	-2.79378	49.2834	
0.996483	-0.00487378	0.0836486	-0.00486084	0.993263	0.115778	-0.0836493	-0.115778	0.989747	-2.09759	-2.90714	50.2624	
0.996342	-0.00506889	0.0852999	-0.00505516	0.992994	0.118055	-0.0853007	-0.118054	0.989337	-2.18112	-3.02276	51.2409	
0.996199	-0.00526777	0.0869503	-0.00525324	0.99272	0.120329	-0.0869512	-0.120329	0.988919	-2.26629	-3.14063	52.219	
0.996052	-0.00547042	0.0885999	-0.00545505	0.992441	0.122603	-0.0886008	-0.122602	0.988493	-2.35309	-3.26074	53.1968	
0.995903	-0.00567682	0.0902484	-0.00566058	0.992156	0.124874	-0.0902494	-0.124873	0.98806	-2.44153	-3.3831	54.1741	
0.995751	-0.00588697	0.0918958	-0.00586982	0.991867	0.127144	-0.0918969	-0.127143	0.987618	-2.53159	-3.50771	55.1509	
0.995597	-0.00610084	0.0935421	-0.00608276	0.991572	0.129411	-0.0935433	-0.12941	0.987169	-2.62328	-3.63456	56.1273	
0.995439	-0.00631844	0.0951872	-0.00629938	0.991273	0.131677	-0.0951885	-0.131676	0.986712	-2.71659	-3.76366	57.1033	
0.995279	-0.00653974	0.096831	-0.00651968	0.990968	0.13394	-0.0968323	-0.133939	0.986247	-2.81154	-3.89499	58.0788	
0.995117	-0.00676472	0.0984734	-0.00674362	0.990658	0.136202	-0.0984748	-0.1362	0.985775	-2.90811	-4.02856	59.0539	
0.994951	-0.00699339	0.100114	-0.00697121	0.990343	0.13846	-0.100116	-0.138459	0.985295	-3.0063	-4.16436	60.0285	
0.994783	-0.00722571	0.101754	-0.00720243	0.990024	0.140717	-0.101755	-0.140716	0.984807	-3.10611	-4.3024	61.0026	
0.994613	-0.00746167	0.103392	-0.00743725	0.989699	0.142971	-0.103393	-0.14297	0.984312	-3.20755	-4.44267	61.9762	
0.994618	-0.00745376	0.103337	-0.00734256	0.98983	0.142069	-0.103345	-0.142063	0.984448	-3.30977	-4.5836	62.9497	
0.994624	-0.00744584	0.103282	-0.00724775	0.989959	0.141166	-0.103296	-0.141155	0.984584	-3.41194	-4.72363	63.9232	
0.99463	-0.00743789	0.103226	-0.00715284	0.990089	0.140261	-0.103246	-0.140246	0.984719	-3.51406	-4.86277	64.8969	
0.994636	-0.00742992	0.10317	-0.00705783	0.990217	0.139354	-0.103196	-0.139335	0.984853	-3.61614	-5.00101	65.8708	
0.994642	-0.00742193	0.103113	-0.00696272	0.990345	0.138446	-0.103146	-0.138422	0.984987	-3.71816	-5.13834	66.8448	
0.994648	-0.0074139	0.103056	-0.00686752	0.990473	0.137537	-0.103094	-0.137509	0.985121	-3.82014	-5.27478	67.8189	
0.994654	-0.00740585	0.102998	-0.00677224	0.9906	0.136626	-0.103042	-0.136593	0.985254	-3.92206	-5.4103	68.7931	
0.99466	-0.00739776	0.10294	-0.00667688	0.990726	0.135714	-0.102989	-0.135677	0.985386	-4.02393	-5.54493	69.7675	
0.994666	-0.00738963	0.102881	-0.00658144	0.990851	0.134801	-0.102935	-0.134759	0.985517	-4.12575	-5.67864	70.742	
0.995801	-0.00594177	0.0913497	-0.00446361	0.993553	0.113283	-0.0914339	-0.113215	0.989354	-4.22186	-5.80126	71.7185	
0.996801	-0.0047459	0.0797777	-0.00259702	0.995784	0.0916875	-0.0798765	-0.0916014	0.992587	-4.30657	-5.90253	72.6985	
0.997666	-0.00380275	0.0681714	-0.000982824	0.997545	0.0700285	-0.0682703	-0.0699321	0.995213	-4.37982	-5.98241	73.6814	
0.998396	-0.00311288	0.0565379	0.000377997	0.998832	0.048319	-0.0566223	-0.0482201	0.997231	-4.44158	-6.04083	74.6666	
0.998989	-0.00267673	0.0448845	0.00148461	0.999646	0.0265721	-0.0449398	-0.0264786	0.998639	-4.4918	-6.07777	75.6535	
0.999445	-0.00249457	0.0332182	0.00233634	0.999986	0.00480122	-0.0332297	-0.00472094	0.999437	-4.53045	-6.09319	76.6415	
0.999765	-0.00256649	0.0215462	0.00293267	0.999852	-0.0169804	-0.0214994	0.0170396	0.999624	-4.55751	-6.0871	77.63	
0.999947	-0.00289247	0.00987553	0.00327322	0.999243	-0.0387595	-0.00975595	0.0387897	0.9992	-4.57297	-6.0595	78.6183	
0.999992	-0.00347229	-0.00178662	0.0033578	0.998161	-0.0605226	0.00199348	0.0605162	0.998165	-4.5768	-6.01039	79.606	
0.999901	-0.00430561	-0.0134331	0.00318635	0.996606	-0.0822566	0.0137417	0.0822056	0.996521	-4.56902	-5.93982	80.5923	
0.999671	-0.00539192	-0.0250569	0.00275898	0.994579	-0.103948	0.0254815	0.103845	0.994267	-4.54963	-5.84782	81.5767	
0.999305	-0.00673054	-0.0366507	0.00207594	0.992081	-0.125584	0.0372057	0.125421	0.991406	-4.51863	-5.73446	82.5585	
0.998803	-0.00832067	-0.0482077	0.00113766	0.989113	-0.147151	0.0489072	0.14692	0.987939	-4.47605	-5.5998	83.5372	
0.998163	-0.0101613	-0.0597206	-5.52924e-05	0.985679	-0.168635	0.0605789	0.168329	0.983868	-4.42191	-5.44391	84.5122	
0.997388	-0.0122514	-0.0711824	-0.00150219	0.981778	-0.190025	0.0722134	0.189635	0.979195	-4.35625	-5.26691	85.4829	
0.996477	-0.0145896	-0.0825863	-0.00320214	0.977415	-0.211306	0.0838039	0.210826	0.973925	-4.27911	-5.0689	86.4487	
0.995431	-0.0171745	-0.093925	-0.00515412	0.972591	-0.232466	0.0953431	0.231888	0.968059	-4.19052	-4.84999	87.4089	
0.994251	-0.0200045	-0.105192	-0.00735692	0.96731	-0.253491	0.106824	0.252808	0.961601	-4.09056	-4.61032	88.3631	
0.992937	-0.0230779	-0.11638	-0.0098092	0.961574	-0.274369	0.11824	0.273573	0.954556	-3.97927	-4.35004	89.3106	
0.99149	-0.0263929	-0.127482	-0.0125095	0.955388	-0.295088	0.129583	0.294171	0.946927	-3.85673	-4.06931	90.2508	
0.989911	-0.0299473	-0.138492	-0.0154561	0.948755	-0.315634	0.140847	0.31459	0.93872	-3.72301	-3.7683	91.1832	
0.988201	-0.033739	-0.149403	-0.0186472	0.941679	-0.335994	0.152026	0.334816	0.929939	-3.57819	-3.44718	92.1072	
0.986361	-0.0377657	-0.160208	-0.0220809	0.934165	-0.356158	0.163111	0.354838	0.92059	-3.42237	-3.10617	93.0222	
0.984392	-0.042025	-0.1709	-0.0257551	0.926217	-0.376111	0.174096	0.374642	0.910678	-3.25563	-2.74547	93.9277	
0.982295	-0.0465142	-0.181473	-0.0296675	0.917839	-0.395842	0.184975	0.394218	0.900209	-3.07808	-2.36529	94.8232	
0.980072	-0.0512306	-0.191921	-0.0338158	0.909038	-0.41534	0.195742	0.413553	0.88919	-2.88983	-1.96587	95.708	
0.977724	-0.0561713	-0.202237	-0.0381974	0.899818	-0.434591	0.206388	0.432635	0.877628	-2.69099	-1.54746	96.5816	
