1	0	0	0	1	0	0	0	1	0	0	0	
0.999999	2.23819e-06	-0.00140819	2.23819e-06	0.999995	0.0031788	0.00140819	-0.0031788	0.999994	0.000643998	-0.00145374	0.914645	
0.999996	8.96859e-06	-0.0028191	8.96553e-06	0.99998	0.00636158	0.0028191	-0.00636158	0.999976	0.00257724	-0.00581679	1.82928	
0.999991	2.02139e-05	-0.00423268	2.02017e-05	0.999954	0.0095482	0.00423268	-0.0095482	0.999945	0.00580218	-0.0130927	2.74389	
0.999984	3.59963e-05	-0.00564888	3.59657e-05	0.999919	0.0127386	0.00564888	-0.0127386	0.999903	0.0103212	-0.023285	3.65847	
0.999975	5.63377e-05	-0.00706765	5.62763e-05	0.999873	0.0159325	0.00706765	-0.0159325	0.999848	0.0161368	-0.0363969	4.573	
0.999964	8.12594e-05	-0.00848894	8.11518e-05	0.999817	0.01913	0.00848894	-0.01913	0.999781	0.0232512	-0.0524319	5.48748	
0.999951	0.000110782	-0.0099127	0.00011061	0.999751	0.0223309	0.0099127	-0.0223309	0.999701	0.0316667	-0.0713929	6.40189	
0.999936	0.000144927	-0.0113389	0.000144668	0.999674	0.025535	0.0113389	-0.025535	0.99961	0.0413856	-0.0932831	7.31622	
0.999918	0.000183713	-0.0127674	0.000183343	0.999587	0.0287423	0.0127674	-0.0287422	0.999505	0.05241	-0.118105	8.23046	
0.999899	0.00022716	-0.0141983	0.000226651	0.999489	0.0319525	0.0141983	-0.0319525	0.999389	0.064742	-0.145863	9.14461	
0.999878	0.000275288	-0.0156315	0.000274608	0.999381	0.0351658	0.0156315	-0.0351658	0.999259	0.0783839	-0.176557	10.0586	
0.999854	0.000328115	-0.0170668	0.00032723	0.999263	0.0383818	0.0170668	-0.0383818	0.999117	0.0933376	-0.210192	10.9725	
0.999829	0.000385659	-0.0185044	0.000384531	0.999134	0.0416004	0.0185044	-0.0416004	0.998963	0.109605	-0.24677	11.8863	
0.999801	0.000447938	-0.019944	0.000446526	0.998995	0.0448217	0.0199441	-0.0448217	0.998796	0.127189	-0.286293	12.7999	
0.999771	0.000514969	-0.0213857	0.00051323	0.998845	0.0480454	0.0213858	-0.0480454	0.998616	0.14609	-0.328763	13.7134	
0.999739	0.000586769	-0.0228295	0.000584655	0.998685	0.0512714	0.0228295	-0.0512714	0.998424	0.16631	-0.374183	14.6267	
0.999705	0.000663354	-0.0242752	0.000660815	0.998514	0.0544996	0.0242753	-0.0544996	0.998219	0.187853	-0.422555	15.5398	
0.999669	0.000744741	-0.0257228	0.000741723	0.998332	0.0577299	0.0257229	-0.0577299	0.998001	0.210718	-0.47388	16.4527	
0.99963	0.000830945	-0.0271723	0.00082739	0.99814	0.0609622	0.0271724	-0.0609621	0.99777	0.234908	-0.528161	17.3654	
0.99959	0.000921981	-0.0286236	0.000917829	0.997937	0.0641963	0.0286238	-0.0641963	0.997527	0.260425	-0.585398	18.2779	
0.999547	0.00101786	-0.0300767	0.00101305	0.997723	0.0674322	0.0300768	-0.0674321	0.99727	0.28727	-0.645595	19.1902	
0.999502	0.0011186	-0.0315315	0.00111307	0.997499	0.0706697	0.0315317	-0.0706696	0.997001	0.315445	-0.708752	20.1022	
0.999455	0.00122422	-0.0329879	0.00121789	0.997264	0.0739087	0.0329881	-0.0739086	0.996719	0.344952	-0.774872	21.014	
0.999406	0.00133472	-0.0344459	0.00132752	0.997019	0.0771491	0.0344462	-0.077149	0.996424	0.375791	-0.843954	21.9255	
0.999354	0.00145013	-0.0359055	0.00144197	0.996762	0.0803908	0.0359059	-0.0803906	0.996117	0.407965	-0.916	22.8367	
0.9993	0.00157044	-0.0373666	0.00156126	0.996495	0.0836336	0.037367	-0.0836334	0.995796	0.441474	-0.991012	23.7477	
0.999244	0.00169568	-0.0388292	0.00168539	0.996218	0.0868774	0.0388296	-0.0868772	0.995462	0.476321	-1.06899	24.6583	
0.999186	0.00182585	-0.0402932	0.00181437	0.995929	0.0901222	0.0402937	-0.090122	0.995115	0.512506	-1.14994	25.5687	
0.999126	0.00196097	-0.0417585	0.0019482	0.99563	0.0933678	0.0417591	-0.0933675	0.994756	0.55003	-1.23385	26.4787	
0.999063	0.00210105	-0.0432251	0.00208689	0.99532	0.0966141	0.0432258	-0.0966138	0.994383	0.588896	-1.32073	27.3884	
0.998998	0.00224609	-0.0446929	0.00223046	0.994999	0.0998609	0.0446937	-0.0998605	0.993997	0.629104	-1.41059	28.2977	
0.998931	0.0023961	-0.046162	0.0023789	0.994667	0.103108	0.0461629	-0.103108	0.993598	0.670654	-1.50341	29.2067	
0.998862	0.0025511	-0.0476322	0.00253222	0.994325	0.106356	0.0476332	-0.106355	0.993187	0.71355	-1.5992	30.1153	
0.99879	0.00271109	-0.0491034	0.00269042	0.993972	0.109604	0.0491046	-0.109603	0.992762	0.75779	-1.69796	31.0235	
0.998716	0.00287608	-0.0505757	0.00285352	0.993608	0.112852	0.050577	-0.112851	0.992324	0.803377	-1.7997	31.9313	
0.99864	0.00304608	-0.052049	0.00302151	0.993233	0.1161	0.0520505	-0.116099	0.991873	0.850311	-1.9044	32.8388	
0.998561	0.0032211	-0.0535233	0.00319441	0.992847	0.119347	0.0535249	-0.119347	0.991409	0.898593	-2.01208	33.7458	
0.998481	0.00340113	-0.0549984	0.0033722	0.992451	0.122595	0.0550002	-0.122594	0.990932	0.948224	-2.12272	34.6523	
0.998398	0.00358619	-0.0564743	0.00355489	0.992044	0.125842	0.0564763	-0.125841	0.990442	0.999205	-2.23634	35.5585	
0.998312	0.00377629	-0.057951	0.0037425	0.991626	0.129089	0.0579532	-0.129088	0.989938	1.05154	-2.35292	36.4641	
0.998225	0.00397142	-0.0594285	0.00393501	0.991197	0.132335	0.0594309	-0.132334	0.989422	1.10522	-2.47248	37.3693	
0.998135	0.00417159	-0.0609066	0.00413243	0.990758	0.135581	0.0609093	-0.13558	0.988892	1.16025	-2.595	38.2741	
0.998043	0.00437681	-0.0623853	0.00433477	0.990307	0.138825	0.0623883	-0.138824	0.98835	1.21664	-2.72049	39.1783	
0.997948	0.00458708	-0.0638646	0.00454201	0.989846	0.142069	0.0638679	-0.142068	0.987794	1.27438	-2.84895	40.0821	
0.997851	0.0048024	-0.0653444	0.00475416	0.989374	0.145312	0.065348	-0.14531	0.987226	1.33347	-2.98038	40.9853	
0.997752	0.00502278	-0.0668247	0.00497123	0.988892	0.148553	0.0668286	-0.148552	0.986644	1.39392	-3.11477	41.888	
0.997651	0.00524822	-0.0683054	0.0051932	0.988399	0.151794	0.0683096	-0.151792	0.986049	1.45572	-3.25212	42.7901	
0.997547	0.00547871	-0.0697864	0.00542008	0.987894	0.155033	0.069791	-0.155031	0.985441	1.51888	-3.39244	43.6917	
0.997441	0.00571426	-0.0712678	0.00565187	0.98738	0.15827	0.0712728	-0.158268	0.984821	1.58339	-3.53572	44.5928	
0.997332	0.00595488	-0.0727494	0.00588856	0.986854	0.161506	0.0727548	-0.161503	0.984187	1.64926	-3.68195	45.4933	
0.997222	0.00620055	-0.0742312	0.00613015	0.986318	0.16474	0.074237	-0.164737	0.98354	1.71648	-3.83115	46.3932	
0.997109	0.00645129	-0.0757131	0.00637664	0.985771	0.167972	0.0757195	-0.167969	0.98288	1.78506	-3.98331	47.2924	
0.996993	0.00670709	-0.0771952	0.00662801	0.985214	0.171202	0.077202	-0.171199	0.982207	1.85499	-4.13842	48.1911	
0.996876	0.00696794	-0.0786772	0.00688428	0.984645	0.174431	0.0786846	-0.174427	0.981521	1.92629	-4.29648	49.0892	
0.996756	0.00723385	-0.0801593	0.00714543	0.984067	0.177657	0.0801672	-0.177653	0.980822	1.99893	-4.45749	49.9866	
0.996634	0.00750482	-0.0816413	0.00741146	0.983477	0.18088	0.0816499	-0.180877	0.980111	2.07293	-4.62146	50.8834	
0.996509	0.00778083	-0.0831232	0.00768236	0.982877	0.184102	0.0831324	-0.184098	0.979386	2.14829	-4.78837	51.7795	
0.996382	0.0080619	-0.0846049	0.00795812	0.982267	0.187321	0.0846148	-0.187316	0.978649	2.22501	-4.95823	52.675	
0.996253	0.008348	-0.0860864	0.00823875	0.981645	0.190537	0.086097	-0.190532	0.977898	2.30308	-5.13103	53.5697	
0.996121	0.00863915	-0.0875677	0.00852422	0.981014	0.193751	0.0875789	-0.193745	0.977135	2.38251	-5.30676	54.4638	
0.995871	0.0091846	-0.0903171	0.0085407	0.980978	0.193931	0.0903802	-0.193902	0.976849	2.46389	-5.48405	55.3574	
0.995612	0.00973141	-0.0930703	0.00855782	0.980942	0.194114	0.0931855	-0.194058	0.976554	2.54784	-5.66147	56.2508	
0.995345	0.0102795	-0.095827	0.00857559	0.980905	0.194297	0.0959945	-0.194214	0.976251	2.63436	-5.83903	57.1438	
0.99507	0.0108289	-0.0985869	0.008594	0.980869	0.194482	0.0988068	-0.19437	0.975939	2.72344	-6.01674	58.0366	
0.994786	0.0113794	-0.10135	0.00861306	0.980832	0.194667	0.101622	-0.194525	0.975619	2.8151	-6.19459	58.9291	
0.994494	0.0119311	-0.104115	0.00863275	0.980794	0.194854	0.10444	-0.194679	0.975291	2.90934	-6.37259	59.8213	
0.994193	0.0124838	-0.106882	0.00865307	0.980757	0.195041	0.10726	-0.194833	0.974954	3.00616	-6.55072	60.7132	
0.993885	0.0130375	-0.109652	0.00867402	0.980719	0.195229	0.110083	-0.194986	0.974609	3.10555	-6.72899	61.6048	
0.993568	0.0135922	-0.112422	0.00869559	0.980682	0.195417	0.112907	-0.195138	0.974255	3.20753	-6.90741	62.496	
0.993242	0.0141478	-0.115195	0.00871777	0.980644	0.195606	0.115732	-0.195289	0.973893	3.31209	-7.08596	63.387	
0.992909	0.0147041	-0.117968	0.00874054	0.980606	0.195795	0.118559	-0.195438	0.973523	3.41924	-7.26465	64.2776	
0.992567	0.0152612	-0.120741	0.00876391	0.980568	0.195985	0.121386	-0.195586	0.973145	3.52897	-7.44347	65.1678	
0.992217	0.0158191	-0.123515	0.00878785	0.98053	0.196175	0.124213	-0.195733	0.972759	3.64129	-7.62243	66.0577	
0.991858	0.0163775	-0.126289	0.00881236	0.980491	0.196364	0.127041	-0.195879	0.972364	3.75619	-7.80152	66.9473	
0.991492	0.0169365	-0.129062	0.00883742	0.980453	0.196554	0.129868	-0.196022	0.971962	3.87369	-7.98075	67.8365	
0.991117	0.017496	-0.131835	0.00886301	0.980415	0.196744	0.132695	-0.196164	0.971551	3.99376	-8.16011	68.7253	
0.990735	0.018056	-0.134606	0.00888912	0.980377	0.196933	0.135521	-0.196305	0.971133	4.11642	-8.33959	69.6137	
0.990344	0.0186163	-0.137377	0.00891574	0.980339	0.197121	0.138345	-0.196443	0.970706	4.24167	-8.5192	70.5018	
0.98905	0.0203011	-0.146179	0.0059151	0.984245	0.176711	0.147464	-0.175641	0.973347	4.37238	-8.68937	71.3909	
0.987673	0.0217971	-0.155004	0.0027238	0.987714	0.156251	0.156505	-0.154747	0.975479	4.5114	-8.84047	72.2822	
0.986216	0.0231035	-0.163845	-0.00065648	0.990743	0.135751	0.165465	-0.133773	0.977101	4.65865	-8.97243	73.1752	
0.984677	0.0242196	-0.172699	-0.00422398	0.993331	0.115223	0.174338	-0.112728	0.978212	4.81406	-9.08516	74.0694	
0.983058	0.025145	-0.18156	-0.00797683	0.995476	0.0946767	0.183119	-0.0916244	0.978812	4.97754	-9.17862	74.9644	
0.981361	0.0258789	-0.190425	-0.0119131	0.997178	0.0741232	0.191805	-0.070473	0.978899	5.14901	-9.25276	75.8598	
0.979585	0.0264212	-0.199288	-0.0160307	0.998435	0.0535732	0.200391	-0.0492847	0.978476	5.32837	-9.30753	76.755	
0.977732	0.0267715	-0.208145	-0.0203274	0.999247	0.0330374	0.208872	-0.0280707	0.97754	5.51555	-9.3429	77.6495	
0.975802	0.0269295	-0.216991	-0.0248011	0.999614	0.0125267	0.217244	-0.00684197	0.976093	5.71043	-9.35887	78.543	
0.973797	0.0268954	-0.225821	-0.0294494	0.999535	-0.00794829	0.225502	0.0143903	0.974136	5.91292	-9.35542	79.4349	
0.971718	0.0266689	-0.234632	-0.0342698	0.99901	-0.0283768	0.233643	0.0356151	0.97167	6.1229	-9.33255	80.3249	
0.969566	0.0262504	-0.243418	-0.0392599	0.998039	-0.0487483	0.241661	0.0568212	0.968696	6.34028	-9.29027	81.2123	
0.967342	0.0256399	-0.252175	-0.0444171	0.996624	-0.0690519	0.249553	0.0779977	0.965215	6.56493	-9.22862	82.0967	
0.965047	0.0248379	-0.260898	-0.0497385	0.994764	-0.0892772	0.257314	0.0991333	0.961229	6.79675	-9.14761	82.9778	
0.962682	0.0238447	-0.269582	-0.0552216	0.992461	-0.109413	0.264941	0.120217	0.956741	7.0356	-9.04729	83.8549	
0.960249	0.0226608	-0.278224	-0.0608633	0.989716	-0.12945	0.272429	0.141238	0.951753	7.28136	-8.92771	84.7278	
0.957749	0.0212869	-0.286818	-0.0666608	0.986531	-0.149377	0.279775	0.162185	0.946267	7.5339	-8.78894	85.5958	
0.955182	0.0197237	-0.29536	-0.0726109	0.982906	-0.169184	0.286975	0.183048	0.940287	7.7931	-8.63105	86.4586	
0.952552	0.017972	-0.303846	-0.0787107	0.978845	-0.188859	0.294024	0.203814	0.933815	8.05882	-8.45413	87.3157	
0.949858	0.0160327	-0.312271	-0.0849569	0.974348	-0.208394	0.30092	0.224474	0.926854	8.33091	-8.25825	88.1667	
0.947102	0.0139068	-0.320631	-0.0913462	0.969419	-0.227778	0.307658	0.245017	0.919409	8.60924	-8.04353	89.0111	
