1	0	0	0	1	0	0	0	1	0	0	0	
0.999987	7.93643e-06	0.00504977	7.93643e-06	0.999995	-0.00314325	-0.00504977	0.00314325	0.999982	-0.00272	0.00169307	1.07727	
0.999949	3.17579e-05	0.0101021	3.17486e-05	0.99998	-0.00628625	-0.0101021	0.00628625	0.999929	-0.0108814	0.00677216	2.15449	
0.999885	7.14798e-05	0.0151567	7.14427e-05	0.999956	-0.00942887	-0.0151567	0.00942887	0.999841	-0.0244867	0.0152369	3.23165	
0.999796	0.000127116	0.0202135	0.000127024	0.999921	-0.012571	-0.0202135	0.012571	0.999717	-0.0435385	0.0270869	4.30868	
0.999681	0.000198681	0.0252722	0.000198496	0.999877	-0.0157124	-0.0252722	0.0157124	0.999557	-0.0680389	0.0423214	5.38557	
0.99954	0.000286187	0.0303327	0.000285862	0.999822	-0.0188531	-0.0303327	0.0188531	0.999362	-0.0979898	0.0609397	6.46226	
0.999373	0.000389645	0.0353946	0.000389125	0.999758	-0.0219929	-0.0353946	0.0219929	0.999131	-0.133393	0.082941	7.53873	
0.999181	0.000509066	0.0404578	0.000508286	0.999684	-0.0251317	-0.0404579	0.0251317	0.998865	-0.17425	0.108324	8.61492	
0.998963	0.00064446	0.0455222	0.000643346	0.9996	-0.0282693	-0.0455222	0.0282693	0.998563	-0.220562	0.137088	9.69081	
0.998719	0.000795837	0.0505874	0.000794303	0.999506	-0.0314056	-0.0505874	0.0314056	0.998226	-0.27233	0.169231	10.7664	
0.99845	0.000963203	0.0556533	0.000961158	0.999403	-0.0345406	-0.0556533	0.0345405	0.997853	-0.329556	0.204752	11.8415	
0.998154	0.00114657	0.0607197	0.00114391	0.999289	-0.0376739	-0.0607197	0.0376738	0.997444	-0.392239	0.24365	12.9163	
0.997833	0.00134593	0.0657863	0.00134255	0.999166	-0.0408056	-0.0657864	0.0408055	0.996999	-0.46038	0.285921	13.9905	
0.997486	0.00156131	0.070853	0.00155708	0.999033	-0.0439355	-0.0708531	0.0439354	0.996519	-0.533979	0.331566	15.0643	
0.997112	0.0017927	0.0759196	0.00178749	0.99889	-0.0470635	-0.0759197	0.0470633	0.996003	-0.613036	0.380581	16.1376	
0.996713	0.00204011	0.0809858	0.00203378	0.998738	-0.0501894	-0.0809859	0.0501892	0.995451	-0.697552	0.432965	17.2103	
0.996288	0.00230353	0.0860514	0.00229594	0.998575	-0.0533132	-0.0860516	0.0533128	0.994863	-0.787524	0.488715	18.2823	
0.995837	0.00258298	0.0911162	0.00257397	0.998403	-0.0564346	-0.0911165	0.0564342	0.99424	-0.882954	0.547829	19.3537	
0.99536	0.00287845	0.0961801	0.00286784	0.998221	-0.0595536	-0.0961804	0.0595531	0.993581	-0.983839	0.610304	20.4244	
0.994857	0.00318995	0.101243	0.00317757	0.998029	-0.06267	-0.101243	0.0626694	0.992886	-1.09018	0.676138	21.4944	
0.994327	0.00351747	0.106304	0.00350313	0.997828	-0.0657838	-0.106305	0.065783	0.992155	-1.20197	0.745328	22.5636	
0.993772	0.00386101	0.111364	0.00384452	0.997617	-0.0688947	-0.111364	0.0688938	0.991389	-1.31922	0.81787	23.6321	
0.993191	0.00422056	0.116422	0.00420172	0.997396	-0.0720027	-0.116422	0.0720016	0.990586	-1.44191	0.893761	24.6996	
0.992584	0.00459614	0.121478	0.00457472	0.997165	-0.0751077	-0.121478	0.0751064	0.989748	-1.57005	0.972999	25.7663	
0.99195	0.00498772	0.126531	0.00496351	0.996925	-0.0782095	-0.126532	0.0782079	0.988875	-1.70364	1.05558	26.8321	
0.991291	0.00539531	0.131582	0.00536808	0.996675	-0.0813079	-0.131584	0.0813061	0.987965	-1.84267	1.1415	27.8969	
0.990605	0.0058189	0.136631	0.0057884	0.996415	-0.0844029	-0.136632	0.0844008	0.98702	-1.98714	1.23076	28.9607	
0.989893	0.00625849	0.141677	0.00622447	0.996146	-0.0874944	-0.141678	0.0874919	0.986039	-2.13705	1.32334	30.0234	
0.989155	0.00671406	0.14672	0.00667626	0.995867	-0.0905822	-0.146721	0.0905794	0.985022	-2.2924	1.41926	31.0851	
0.988391	0.00718561	0.151759	0.00714376	0.995578	-0.0936661	-0.151761	0.0936629	0.983969	-2.45317	1.5185	32.1457	
0.987601	0.00767314	0.156795	0.00762696	0.99528	-0.0967462	-0.156797	0.0967425	0.982881	-2.61937	1.62106	33.2051	
0.986785	0.00817662	0.161827	0.00812583	0.994972	-0.0998222	-0.16183	0.099818	0.981757	-2.791	1.72693	34.2633	
0.985943	0.00869605	0.166856	0.00864035	0.994655	-0.102894	-0.166859	0.102889	0.980598	-2.96804	1.83612	35.3203	
0.985075	0.00923142	0.17188	0.0091705	0.994328	-0.105961	-0.171883	0.105956	0.979403	-3.1505	1.94861	36.3761	
0.98418	0.00978271	0.1769	0.00971626	0.993992	-0.109025	-0.176904	0.109019	0.978172	-3.33837	2.06441	37.4305	
0.98326	0.0103499	0.181916	0.0102776	0.993646	-0.112083	-0.18192	0.112077	0.976905	-3.53164	2.1835	38.4836	
0.982313	0.010933	0.186927	0.0108545	0.99329	-0.115137	-0.186931	0.11513	0.975603	-3.73032	2.30588	39.5353	
0.98134	0.011532	0.191933	0.011447	0.992925	-0.118186	-0.191938	0.118178	0.974266	-3.9344	2.43155	40.5855	
0.980342	0.0121469	0.196934	0.012055	0.992551	-0.12123	-0.19694	0.121221	0.972893	-4.14386	2.5605	41.6344	
0.979317	0.0127776	0.20193	0.0126784	0.992167	-0.12427	-0.201936	0.124259	0.971484	-4.35871	2.69272	42.6817	
0.978266	0.0134241	0.20692	0.0133174	0.991774	-0.127304	-0.206927	0.127293	0.97004	-4.57894	2.82822	43.7275	
0.977189	0.0140865	0.211904	0.0139718	0.991372	-0.130333	-0.211912	0.13032	0.968561	-4.80454	2.96698	44.7717	
0.976086	0.0147647	0.216883	0.0146416	0.99096	-0.133356	-0.216891	0.133342	0.967046	-5.03551	3.109	45.8142	
0.974957	0.0154586	0.221855	0.0153267	0.990539	-0.136374	-0.221864	0.136359	0.965496	-5.27184	3.25427	46.8552	
0.973802	0.0161683	0.226821	0.0160273	0.990108	-0.139386	-0.226831	0.13937	0.963911	-5.51353	3.40279	47.8944	
0.972621	0.0168937	0.231781	0.0167431	0.989669	-0.142393	-0.231792	0.142375	0.96229	-5.76056	3.55454	48.932	
0.971414	0.0176349	0.236734	0.0174743	0.98922	-0.145394	-0.236746	0.145374	0.960634	-6.01293	3.70954	49.9677	
0.970182	0.0183918	0.24168	0.0182207	0.988761	-0.148388	-0.241693	0.148367	0.958943	-6.27063	3.86776	51.0017	
0.968923	0.0191643	0.246619	0.0189824	0.988294	-0.151377	-0.246633	0.151354	0.957217	-6.53367	4.0292	52.0338	
0.967639	0.0199524	0.25155	0.0197593	0.987817	-0.15436	-0.251565	0.154335	0.955456	-6.80201	4.19385	53.064	
0.966328	0.0207562	0.256474	0.0205513	0.987331	-0.157336	-0.256491	0.157309	0.95366	-7.07567	4.36172	54.0924	
0.964992	0.0215756	0.26139	0.0213585	0.986836	-0.160306	-0.261408	0.160277	0.951828	-7.35463	4.53278	55.1187	
0.96363	0.0224106	0.266299	0.0221807	0.986332	-0.163269	-0.266318	0.163237	0.949962	-7.63889	4.70704	56.1431	
0.962242	0.0232611	0.271199	0.0230181	0.985819	-0.166225	-0.27122	0.166192	0.948061	-7.92842	4.88448	57.1654	
0.960829	0.0241271	0.276091	0.0238704	0.985297	-0.169175	-0.276113	0.169139	0.946126	-8.22324	5.0651	58.1857	
0.959389	0.0250086	0.280974	0.0247378	0.984766	-0.172118	-0.280998	0.172079	0.944155	-8.52332	5.2489	59.2039	
0.957924	0.0259056	0.285849	0.0256201	0.984225	-0.175054	-0.285875	0.175012	0.94215	-8.82866	5.43585	60.2199	
0.956434	0.026818	0.290715	0.0265173	0.983676	-0.177983	-0.290742	0.177938	0.94011	-9.13925	5.62596	61.2338	
0.954918	0.0277458	0.295571	0.0274294	0.983118	-0.180905	-0.295601	0.180856	0.938036	-9.45507	5.81922	62.2454	
0.953376	0.0286889	0.300419	0.0283563	0.982551	-0.183819	-0.30045	0.183767	0.935927	-9.77613	6.01562	63.2548	
0.951809	0.0296474	0.305256	0.0292981	0.981975	-0.186726	-0.30529	0.186671	0.933784	-10.1024	6.21516	64.2619	
0.950216	0.0306212	0.310085	0.0302546	0.98139	-0.189625	-0.310121	0.189566	0.931606	-10.4339	6.41781	65.2667	
0.948597	0.0316103	0.314903	0.0312258	0.980797	-0.192517	-0.314941	0.192454	0.929394	-10.7706	6.62358	66.2691	
0.946954	0.0326146	0.319711	0.0322117	0.980194	-0.1954	-0.319752	0.195334	0.927148	-11.1124	6.83246	67.2691	
0.945285	0.0336341	0.324509	0.0332122	0.979583	-0.198276	-0.324552	0.198205	0.924868	-11.4595	7.04443	68.2667	
0.94359	0.0346687	0.329296	0.0342274	0.978963	-0.201144	-0.329342	0.201069	0.922554	-11.8117	7.2595	69.2618	
0.940275	0.0365387	0.33845	0.0258536	0.983687	-0.178024	-0.339434	0.176141	0.923991	-12.1719	7.46269	70.2564	
0.93686	0.0381609	0.347615	0.0172302	0.987784	-0.154875	-0.349279	0.151086	0.924758	-12.5429	7.63896	71.2523	
0.93335	0.0395342	0.356784	0.00836343	0.991252	-0.131716	-0.358871	0.125921	0.924854	-12.9244	7.78817	72.2486	
0.929745	0.0406575	0.365951	-0.000740287	0.994089	-0.108563	-0.368202	0.100665	0.92428	-13.316	7.91023	73.2447	
0.92605	0.04153	0.375109	-0.0100743	0.996293	-0.085433	-0.377267	0.0753362	0.923035	-13.7176	8.00503	74.2398	
0.922266	0.0421511	0.384252	-0.019632	0.997862	-0.0623422	-0.386058	0.0499525	0.921121	-14.1288	8.07252	75.2332	
0.918396	0.0425204	0.393372	-0.0294062	0.998794	-0.0393077	-0.394569	0.0245325	0.918539	-14.5493	8.11265	76.2242	
0.914443	0.0426375	0.402463	-0.03939	0.99909	-0.0163463	-0.402794	-0.000905266	0.91529	-14.9788	8.12537	77.212	
0.91041	0.0425024	0.411518	-0.0495761	0.998749	0.0065255	-0.410726	-0.0263424	0.911378	-15.417	8.1107	78.1959	
0.9063	0.0421152	0.420532	-0.0599572	0.997771	0.029291	-0.418361	-0.0517604	0.906805	-15.8636	8.06862	79.1753	
0.902115	0.0414762	0.429497	-0.0705256	0.996157	0.0519338	-0.425692	-0.0771408	0.901574	-16.3183	7.99919	80.1495	
0.89786	0.0405858	0.438407	-0.0812738	0.993908	0.0744374	-0.432715	-0.102465	0.895689	-16.7807	7.90244	81.1176	
0.893536	0.0394447	0.447255	-0.0921938	0.991026	0.0967855	-0.439424	-0.127716	0.889154	-17.2505	7.77845	82.079	
0.889148	0.0380537	0.456035	-0.103278	0.987513	0.118962	-0.445814	-0.152873	0.881975	-17.7273	7.6273	83.0331	
0.884698	0.0364138	0.464741	-0.114518	0.983371	0.140951	-0.45188	-0.17792	0.874156	-18.2109	7.44912	83.9791	
0.880189	0.0345263	0.473366	-0.125906	0.978604	0.162735	-0.457619	-0.202837	0.865703	-18.7008	7.24401	84.9163	
0.875625	0.0323924	0.481904	-0.137433	0.973214	0.184301	-0.463026	-0.227608	0.856622	-19.1967	7.01215	85.844	
0.871009	0.0300137	0.49035	-0.149092	0.967206	0.205631	-0.468097	-0.252213	0.84692	-19.6983	6.75368	86.7617	
0.866344	0.0273919	0.498696	-0.160873	0.960584	0.22671	-0.472829	-0.276636	0.836603	-20.2051	6.46881	87.6685	
0.861634	0.0245291	0.506936	-0.172769	0.953353	0.247524	-0.477218	-0.300858	0.82568	-20.7169	6.15773	88.564	
0.856883	0.0214271	0.515066	-0.18477	0.945519	0.268056	-0.481261	-0.324862	0.814158	-21.2332	5.82067	89.4473	
0.852093	0.0180883	0.523078	-0.196868	0.937086	0.288293	-0.484954	-0.34863	0.802045	-21.7537	5.45789	90.3179	
0.847268	0.0145151	0.530967	-0.209054	0.928061	0.308219	-0.488296	-0.372145	0.789351	-22.2779	5.06963	91.1751	
0.842412	0.0107101	0.538728	-0.22132	0.918451	0.32782	-0.491284	-0.39539	0.776084	-22.8056	4.65618	92.0184	
0.837528	0.00667606	0.546354	-0.233655	0.908262	0.347081	-0.493915	-0.418349	0.762255	-23.3363	4.21784	92.847	
0.832619	0.00241588	0.55384	-0.246052	0.897502	0.36599	-0.496189	-0.441004	0.747872	-23.8696	3.75494	93.6605	
0.82769	-0.00206734	0.561181	-0.258502	0.886179	0.384531	-0.498102	-0.463339	0.732947	-24.4052	3.2678	94.4582	
0.822744	-0.00677034	0.568372	-0.270995	0.8743	0.402692	-0.499654	-0.485338	0.717491	-24.9427	2.75677	95.2395	
0.817784	-0.0116897	0.575406	-0.283522	0.861875	0.420459	-0.500844	-0.506985	0.701514	-25.4816	2.22224	96.0038	
0.812814	-0.0168219	0.58228	-0.296075	0.848913	0.43782	-0.50167	-0.528265	0.685028	-26.0217	1.66458	96.7507	
0.807838	-0.0221632	0.588988	-0.308643	0.835422	0.454762	-0.502133	-0.549161	0.668045	-26.5624	1.08421	97.4796	
0.802859	-0.0277096	0.595525	-0.321219	0.821414	0.471273	-0.502231	-0.569659	0.650578	-27.1034	0.481531	98.1899	
0.797881	-0.0334573	0.601886	-0.333793	0.806897	0.48734	-0.501965	-0.589744	0.632639	-27.6443	-0.143003	98.8811	
