1	0	0	0	1	0	0	0	1	0	0	0	
0.999999	3.17804e-07	-0.00166319	3.17804e-07	1	0.000382162	0.00166319	-0.000382162	0.999999	0.000722394	-0.00016599	0.868686	
0.999994	1.27498e-06	-0.00333147	1.2747e-06	1	0.000765327	0.00333147	-0.000765327	0.999994	0.00289179	-0.000664395	1.73737	
0.999987	2.87703e-06	-0.00500479	2.87591e-06	0.999999	0.00114948	0.00500479	-0.00114948	0.999987	0.00651259	-0.00149608	2.60605	
0.999978	5.12941e-06	-0.00668308	5.1266e-06	0.999999	0.0015346	0.00668308	-0.0015346	0.999976	0.0115891	-0.00266189	3.47472	
0.999965	8.03748e-06	-0.00836629	8.03183e-06	0.999998	0.00192069	0.00836629	-0.00192069	0.999963	0.0181257	-0.00416268	4.34338	
0.999949	1.16065e-05	-0.0100543	1.15966e-05	0.999997	0.00230771	0.0100543	-0.00230771	0.999947	0.0261266	-0.00599925	5.21203	
0.999931	1.58417e-05	-0.0117472	1.58258e-05	0.999996	0.00269566	0.0117472	-0.00269566	0.999927	0.035596	-0.00817244	6.08066	
0.99991	2.07483e-05	-0.0134447	2.07243e-05	0.999995	0.00308452	0.0134447	-0.00308452	0.999905	0.0465379	-0.010683	6.94928	
0.999885	2.63312e-05	-0.015147	2.62969e-05	0.999994	0.00347428	0.015147	-0.00347428	0.999879	0.0589565	-0.0135318	7.81787	
0.999858	3.25954e-05	-0.0168538	3.25481e-05	0.999993	0.00386492	0.0168538	-0.00386492	0.99985	0.0728559	-0.0167195	8.68644	
0.999828	3.95459e-05	-0.0185652	3.94826e-05	0.999991	0.00425643	0.0185652	-0.00425643	0.999819	0.0882399	-0.020247	9.55498	
0.999794	4.71873e-05	-0.020281	4.71048e-05	0.999989	0.00464878	0.020281	-0.00464878	0.999784	0.105112	-0.0241149	10.4235	
0.999758	5.55246e-05	-0.0220013	5.54193e-05	0.999987	0.00504197	0.0220013	-0.00504197	0.999745	0.123478	-0.028324	11.292	
0.999719	6.45622e-05	-0.0237259	6.44302e-05	0.999985	0.00543598	0.0237259	-0.00543598	0.999704	0.143339	-0.032875	12.1604	
0.999676	7.43047e-05	-0.0254547	7.41419e-05	0.999983	0.00583079	0.0254547	-0.00583079	0.999659	0.1647	-0.0377687	13.0288	
0.99963	8.47567e-05	-0.0271878	8.45585e-05	0.999981	0.0062264	0.0271878	-0.0062264	0.999611	0.187565	-0.0430057	13.8972	
0.999582	9.59225e-05	-0.0289251	9.56841e-05	0.999978	0.00662277	0.0289251	-0.00662277	0.99956	0.211937	-0.0485866	14.7655	
0.99953	0.000107806	-0.0306665	0.000107523	0.999975	0.00701991	0.0306665	-0.0070199	0.999505	0.237821	-0.0545122	15.6338	
0.999475	0.000120413	-0.0324118	0.000120078	0.999972	0.00741779	0.0324118	-0.00741778	0.999447	0.265218	-0.0607831	16.502	
0.999416	0.000133745	-0.0341612	0.000133354	0.999969	0.00781639	0.0341612	-0.00781638	0.999386	0.294134	-0.0674	17.3702	
0.999355	0.000147809	-0.0359144	0.000147354	0.999966	0.00821571	0.0359144	-0.0082157	0.999321	0.324571	-0.0743634	18.2384	
0.99929	0.000162606	-0.0376715	0.000162082	0.999963	0.00861572	0.0376715	-0.00861571	0.999253	0.356532	-0.081674	19.1064	
0.999222	0.000178142	-0.0394324	0.000177542	0.999959	0.00901642	0.0394324	-0.0090164	0.999182	0.390022	-0.0893324	19.9744	
0.999151	0.00019442	-0.041197	0.000193736	0.999956	0.00941778	0.041197	-0.00941776	0.999107	0.425043	-0.0973392	20.8424	
0.999077	0.000211444	-0.0429652	0.000210669	0.999952	0.00981979	0.0429652	-0.00981977	0.999028	0.461598	-0.105695	21.7102	
0.998999	0.000229217	-0.0447369	0.000228344	0.999948	0.0102224	0.044737	-0.0102224	0.998946	0.499691	-0.1144	22.5781	
0.998918	0.000247744	-0.0465122	0.000246762	0.999944	0.0106257	0.0465123	-0.0106257	0.998861	0.539324	-0.123455	23.4458	
0.998833	0.000267026	-0.048291	0.000265929	0.999939	0.0110296	0.048291	-0.0110295	0.998772	0.580501	-0.132861	24.3134	
0.998746	0.000287068	-0.0500731	0.000285847	0.999935	0.011434	0.0500731	-0.011434	0.99868	0.623225	-0.142618	25.181	
0.998654	0.000307873	-0.0518586	0.000306518	0.99993	0.0118391	0.0518586	-0.011839	0.998584	0.667499	-0.152726	26.0485	
0.99856	0.000329444	-0.0536473	0.000327945	0.999925	0.0122446	0.0536473	-0.0122446	0.998485	0.713325	-0.163187	26.9159	
0.998462	0.000351784	-0.0554392	0.000350131	0.99992	0.0126508	0.0554392	-0.0126507	0.998382	0.760706	-0.174	27.7833	
0.998361	0.000374895	-0.0572342	0.000373079	0.999915	0.0130574	0.0572342	-0.0130574	0.998275	0.809644	-0.185166	28.6505	
0.998256	0.000398782	-0.0590323	0.000396791	0.999909	0.0134646	0.0590323	-0.0134645	0.998165	0.860144	-0.196686	29.5176	
0.998148	0.000423446	-0.0608333	0.00042127	0.999904	0.0138723	0.0608333	-0.0138722	0.998052	0.912207	-0.208559	30.3847	
0.998036	0.000448891	-0.0626373	0.000446518	0.999898	0.0142804	0.0626373	-0.0142803	0.997934	0.965836	-0.220787	31.2516	
0.997921	0.000475118	-0.0644442	0.000472536	0.999892	0.014689	0.0644442	-0.0146889	0.997813	1.02103	-0.23337	32.1185	
0.997803	0.000502131	-0.0662538	0.000499328	0.999886	0.0150981	0.0662538	-0.015098	0.997689	1.0778	-0.246308	32.9852	
0.997681	0.000529931	-0.0680662	0.000526895	0.99988	0.0155076	0.0680662	-0.0155075	0.99756	1.13614	-0.259601	33.8518	
0.997555	0.000558521	-0.0698812	0.000555239	0.999873	0.0159175	0.0698812	-0.0159173	0.997428	1.19606	-0.27325	34.7183	
0.997426	0.000587903	-0.0716988	0.000584362	0.999867	0.0163278	0.0716989	-0.0163277	0.997293	1.25755	-0.287256	35.5847	
0.997294	0.00061808	-0.073519	0.000614265	0.99986	0.0167385	0.073519	-0.0167383	0.997153	1.32063	-0.301618	36.451	
0.997158	0.000649052	-0.0753416	0.000644951	0.999853	0.0171496	0.0753417	-0.0171494	0.99701	1.38528	-0.316336	37.3172	
0.997018	0.000680823	-0.0771666	0.000676421	0.999846	0.017561	0.0771667	-0.0175608	0.996864	1.45152	-0.331413	38.1832	
0.996875	0.000713394	-0.078994	0.000708676	0.999838	0.0179728	0.078994	-0.0179726	0.996713	1.51935	-0.346846	39.0491	
0.996728	0.000746766	-0.0808236	0.000741717	0.999831	0.0183848	0.0808237	-0.0183846	0.996559	1.58877	-0.362638	39.9148	
0.996578	0.000780941	-0.0826554	0.000775546	0.999823	0.0187973	0.0826555	-0.018797	0.996401	1.65977	-0.378787	40.7805	
0.996424	0.000815921	-0.0844894	0.000810164	0.999815	0.01921	0.0844894	-0.0192097	0.996239	1.73237	-0.395295	41.646	
0.996267	0.000851707	-0.0863254	0.000845572	0.999807	0.0196229	0.0863254	-0.0196227	0.996074	1.80656	-0.412162	42.5113	
0.996106	0.0008883	-0.0881634	0.000881771	0.999799	0.0200362	0.0881635	-0.0200359	0.995904	1.88235	-0.429387	43.3765	
0.995941	0.000925702	-0.0900033	0.000918761	0.99979	0.0204497	0.0900034	-0.0204494	0.995731	1.95974	-0.446972	44.2416	
0.995773	0.000963913	-0.0918452	0.000956544	0.999782	0.0208634	0.0918452	-0.0208631	0.995555	2.03872	-0.464916	45.1065	
0.995601	0.00100294	-0.0936888	0.00099512	0.999773	0.0212774	0.0936888	-0.021277	0.995374	2.11931	-0.483219	45.9712	
0.995426	0.00104277	-0.0955341	0.00103449	0.999764	0.0216915	0.0955342	-0.0216911	0.99519	2.2015	-0.501882	46.8358	
0.995247	0.00108341	-0.0973811	0.00107465	0.999755	0.0221059	0.0973812	-0.0221054	0.995002	2.28529	-0.520905	47.7002	
0.995064	0.00112487	-0.0992297	0.00111561	0.999746	0.0225204	0.0992298	-0.0225199	0.99481	2.37068	-0.540287	48.5645	
0.994878	0.00116715	-0.10108	0.00115736	0.999736	0.022935	0.10108	-0.0229345	0.994614	2.45769	-0.56003	49.4286	
0.994688	0.00121023	-0.102931	0.00119991	0.999727	0.0233498	0.102932	-0.0233493	0.994414	2.5463	-0.580133	50.2925	
0.994161	0.00132636	-0.107898	0.00117828	0.999731	0.0231459	0.1079	-0.0231378	0.993892	2.63787	-0.600325	51.1561	
0.993609	0.00144147	-0.112864	0.00115581	0.999736	0.0229436	0.112867	-0.0229274	0.993345	2.73376	-0.620333	52.0193	
0.993033	0.00155557	-0.117829	0.00113251	0.999741	0.0227431	0.117834	-0.022718	0.992773	2.83397	-0.640159	52.8819	
0.992431	0.00166866	-0.122792	0.00110839	0.999745	0.0225441	0.122799	-0.0225096	0.992176	2.93848	-0.659803	53.7441	
0.991804	0.00178074	-0.127754	0.00108345	0.99975	0.0223466	0.127762	-0.0223019	0.991554	3.04731	-0.679267	54.6057	
0.991153	0.00189181	-0.132714	0.00105768	0.999754	0.0221505	0.132723	-0.0220949	0.990907	3.16045	-0.69855	55.4668	
0.990476	0.00200187	-0.137671	0.0010311	0.999758	0.0219557	0.137682	-0.0218886	0.990235	3.2779	-0.717654	56.3273	
0.989774	0.00211092	-0.142626	0.00100369	0.999763	0.0217622	0.142638	-0.0216828	0.989537	3.39966	-0.736579	57.1872	
0.989048	0.00221895	-0.147578	0.000975462	0.999767	0.0215697	0.147591	-0.0214775	0.988815	3.52572	-0.755326	58.0465	
0.988297	0.00232597	-0.152526	0.000946404	0.999771	0.0213783	0.152541	-0.0212725	0.988068	3.65608	-0.773894	58.9051	
0.987521	0.00243196	-0.157472	0.000916515	0.999775	0.0211879	0.157488	-0.0210678	0.987296	3.79074	-0.792284	59.7631	
0.98672	0.00253694	-0.162413	0.000885787	0.999779	0.0209983	0.162431	-0.0208633	0.986499	3.92969	-0.810497	60.6204	
0.985894	0.00264089	-0.167351	0.000854213	0.999783	0.0208095	0.167369	-0.0206589	0.985678	4.07294	-0.828532	61.477	
0.985044	0.00274382	-0.172284	0.000821783	0.999787	0.0206214	0.172304	-0.0204545	0.984831	4.22047	-0.846389	62.3329	
0.984169	0.00284572	-0.177212	0.000788488	0.999791	0.0204338	0.177234	-0.0202501	0.98396	4.37229	-0.864069	63.188	
0.983269	0.00294659	-0.182136	0.000754316	0.999795	0.0202468	0.182158	-0.0200454	0.983065	4.52839	-0.881571	64.0424	
0.982345	0.00304641	-0.187055	0.000719253	0.999799	0.0200602	0.187078	-0.0198406	0.982145	4.68877	-0.898895	64.896	
0.981396	0.0031452	-0.191968	0.000683286	0.999802	0.0198739	0.191992	-0.0196353	0.9812	4.85341	-0.916041	65.7487	
0.980423	0.00324294	-0.196875	0.000646399	0.999806	0.0196879	0.196901	-0.0194297	0.980231	5.02233	-0.933009	66.6007	
0.979426	0.00333962	-0.201777	0.000608574	0.99981	0.019502	0.201803	-0.0192235	0.979237	5.1955	-0.949798	67.4518	
0.978404	0.00343525	-0.206672	0.000569794	0.999813	0.0193161	0.206699	-0.0190168	0.97822	5.37293	-0.966407	68.302	
0.977359	0.00352982	-0.21156	0.000530038	0.999817	0.0191303	0.211589	-0.0188093	0.977178	5.55462	-0.982837	69.1513	
0.976289	0.00362331	-0.216442	0.000489286	0.99982	0.0189443	0.216472	-0.018601	0.976112	5.74054	-0.999086	69.9997	
0.975195	0.00371573	-0.221316	0.000447516	0.999824	0.0187582	0.221347	-0.0183919	0.975022	5.93071	-1.01515	70.8471	
0.970254	0.00406316	-0.242056	-0.000506411	0.999891	0.0147543	0.24209	-0.0141928	0.97015	6.132	-1.02931	71.6921	
0.964871	0.00432097	-0.262687	-0.00154549	0.999941	0.0107714	0.262718	-0.00998704	0.964821	6.35127	-1.03981	72.5325	
0.959051	0.00448904	-0.283199	-0.00266924	0.999973	0.00681138	0.283222	-0.00577653	0.959037	6.58841	-1.04666	73.3682	
0.952794	0.0045673	-0.303584	-0.00387713	0.999988	0.0028761	0.303593	-0.0015633	0.9528	6.8433	-1.04985	74.1986	
0.946104	0.00455571	-0.32383	-0.00516859	0.999986	-0.00103258	0.323821	0.00265067	0.946115	7.11582	-1.04937	75.0234	
0.938985	0.00445426	-0.343929	-0.006543	0.999967	-0.00491281	0.343896	0.00686339	0.938983	7.40585	-1.04524	75.8422	
0.931439	0.00426303	-0.363872	-0.00799972	0.99993	-0.00876278	0.363809	0.0110729	0.931408	7.71325	-1.03745	76.6546	
0.923471	0.00398208	-0.383648	-0.00953806	0.999875	-0.0125807	0.38355	0.0152771	0.923394	8.03787	-1.026	77.4603	
0.915083	0.00361156	-0.403249	-0.0111573	0.999804	-0.0163646	0.40311	0.0194742	0.914944	8.37957	-1.01091	78.2588	
0.906281	0.00315163	-0.422664	-0.0128567	0.999715	-0.020113	0.422481	0.023662	0.906063	8.73817	-0.992173	79.0498	
0.897067	0.00260252	-0.441886	-0.0146354	0.999609	-0.0238238	0.441652	0.0278388	0.896755	9.11352	-0.969803	79.8328	
0.887447	0.00196449	-0.460905	-0.0164926	0.999486	-0.0274955	0.460614	0.0320023	0.887023	9.50543	-0.94381	80.6077	
0.877425	0.00123783	-0.479712	-0.0184274	0.999346	-0.0311263	0.47936	0.0361508	0.876874	9.91371	-0.914207	81.3738	
0.867006	0.000422889	-0.498298	-0.0204389	0.999188	-0.0347144	0.497879	0.0402823	0.86631	10.3382	-0.881008	82.131	
0.856194	-0.000479949	-0.516655	-0.0225262	0.999014	-0.0382582	0.516164	0.0443947	0.855339	10.7786	-0.844227	82.8788	
0.844995	-0.00147026	-0.534773	-0.0246883	0.998823	-0.041756	0.534205	0.0484862	0.843964	11.2349	-0.803883	83.6169	
0.833413	-0.00254757	-0.552644	-0.0269241	0.998615	-0.0452062	0.551994	0.0525548	0.83219	11.7067	-0.759995	84.345	
