1	0	0	0	1	0	0	0	1	0	0	0	
0.999986	-7.62451e-08	0.00527875	-7.62451e-08	1	2.88874e-05	-0.00527875	-2.88874e-05	0.999986	-0.00262872	-1.43854e-05	0.995955	
0.999944	-3.05966e-07	0.0105594	-3.07707e-07	1	5.81148e-05	-0.0105594	-5.81148e-05	0.999944	-0.0105158	-5.77108e-05	1.99188	
0.999875	-6.9107e-07	0.0158417	-6.98038e-07	1	8.76815e-05	-0.0158417	-8.76816e-05	0.999875	-0.023663	-0.000130315	2.98775	
0.999777	-1.23346e-06	0.0211254	-1.25089e-06	1	0.000117587	-0.0211254	-0.000117587	0.999777	-0.0420719	-0.000232534	3.98354	
0.999651	-1.93504e-06	0.0264105	-1.9699e-06	1	0.000147829	-0.0264105	-0.00014783	0.999651	-0.0657439	-0.000364707	4.97922	
0.999498	-2.79769e-06	0.0316967	-2.85872e-06	1	0.000178409	-0.0316967	-0.00017841	0.999498	-0.0946802	-0.000527168	5.97476	
0.999316	-3.8233e-06	0.0369839	-3.92098e-06	1	0.000209324	-0.0369839	-0.000209325	0.999316	-0.128882	-0.000720252	6.97013	
0.999106	-5.01375e-06	0.0422717	-5.16031e-06	1	0.000240573	-0.0422717	-0.000240576	0.999106	-0.16835	-0.000944295	7.9653	
0.998868	-6.37092e-06	0.0475602	-6.58035e-06	1	0.000272157	-0.0475602	-0.000272162	0.998868	-0.213084	-0.00119963	8.96026	
0.998603	-7.89667e-06	0.052849	-8.18471e-06	1	0.000304073	-0.052849	-0.00030408	0.998602	-0.263086	-0.00148659	9.95496	
0.998309	-9.59286e-06	0.058138	-9.97701e-06	1	0.00033632	-0.058138	-0.000336331	0.998308	-0.318356	-0.0018055	10.9494	
0.997986	-1.14613e-05	0.063427	-1.19609e-05	1	0.000368898	-0.063427	-0.000368914	0.997986	-0.378893	-0.0021567	11.9435	
0.997636	-1.3504e-05	0.0687158	-1.41399e-05	1	0.000401806	-0.0687158	-0.000401827	0.997636	-0.444697	-0.00254051	12.9373	
0.997258	-1.57226e-05	0.0740043	-1.65176e-05	1	0.000435041	-0.0740043	-0.00043507	0.997258	-0.515769	-0.00295727	13.9307	
0.996851	-1.8119e-05	0.0792922	-1.90977e-05	1	0.000468603	-0.0792922	-0.000468642	0.996851	-0.592108	-0.0034073	14.9237	
0.996417	-2.06951e-05	0.0845794	-2.18837e-05	1	0.000502491	-0.0845794	-0.000502541	0.996417	-0.673713	-0.00389093	15.9163	
0.995954	-2.34526e-05	0.0898656	-2.48792e-05	1	0.000536703	-0.0898656	-0.000536767	0.995954	-0.760583	-0.00440849	16.9085	
0.995463	-2.63934e-05	0.0951507	-2.80877e-05	1	0.000571238	-0.0951507	-0.000571319	0.995463	-0.852718	-0.0049603	17.9002	
0.994944	-2.95193e-05	0.100435	-3.15129e-05	1	0.000606095	-0.100435	-0.000606195	0.994943	-0.950115	-0.00554668	18.8914	
0.994396	-3.28321e-05	0.105717	-3.51582e-05	1	0.000641272	-0.105717	-0.000641395	0.994396	-1.05277	-0.00616795	19.882	
0.993821	-3.63335e-05	0.110998	-3.90272e-05	1	0.000676768	-0.110998	-0.000676918	0.99382	-1.16069	-0.00682445	20.8721	
0.993217	-4.00254e-05	0.116276	-4.31235e-05	1	0.000712581	-0.116276	-0.000712762	0.993217	-1.27387	-0.00751648	21.8616	
0.992585	-4.39095e-05	0.121553	-4.74505e-05	1	0.00074871	-0.121553	-0.000748926	0.992585	-1.39231	-0.00824437	22.8505	
0.991925	-4.79876e-05	0.126828	-5.20117e-05	1	0.000785153	-0.126828	-0.000785409	0.991924	-1.516	-0.00900844	23.8388	
0.991236	-5.22614e-05	0.1321	-5.68107e-05	1	0.000821909	-0.1321	-0.000822211	0.991236	-1.64494	-0.00980901	24.8263	
0.99052	-5.67327e-05	0.13737	-6.18509e-05	1	0.000858976	-0.13737	-0.00085933	0.990519	-1.77913	-0.0106464	25.8132	
0.989775	-6.14032e-05	0.142636	-6.71359e-05	1	0.000896353	-0.142636	-0.000896764	0.989775	-1.91857	-0.0115209	26.7994	
0.989002	-6.62747e-05	0.1479	-7.2669e-05	1	0.000934038	-0.1479	-0.000934513	0.989002	-2.06325	-0.0124328	27.7848	
0.988201	-7.13489e-05	0.153161	-7.84537e-05	1	0.000972029	-0.153161	-0.000972576	0.988201	-2.21317	-0.0133825	28.7694	
0.987372	-7.66275e-05	0.158418	-8.44935e-05	0.999999	0.00101032	-0.158418	-0.00101095	0.987372	-2.36833	-0.0143703	29.7532	
0.986515	-8.21122e-05	0.163672	-9.07917e-05	0.999999	0.00104892	-0.163672	-0.00104964	0.986514	-2.52873	-0.0153964	30.7361	
0.985629	-8.78047e-05	0.168923	-9.73519e-05	0.999999	0.00108782	-0.168923	-0.00108863	0.985629	-2.69435	-0.0164612	31.7182	
0.984716	-9.37066e-05	0.174169	-0.000104177	0.999999	0.00112702	-0.174169	-0.00112794	0.984715	-2.86521	-0.017565	32.6994	
0.983774	-9.98198e-05	0.179411	-0.000111272	0.999999	0.00116651	-0.179411	-0.00116755	0.983773	-3.04128	-0.0187081	33.6797	
0.982804	-0.000106146	0.184649	-0.000118638	0.999999	0.0012063	-0.184649	-0.00120747	0.982804	-3.22258	-0.0198909	34.659	
0.981807	-0.000112686	0.189883	-0.000126279	0.999999	0.00124639	-0.189883	-0.00124769	0.981806	-3.40909	-0.0211135	35.6373	
0.980781	-0.000119443	0.195112	-0.0001342	0.999999	0.00128676	-0.195112	-0.00128822	0.98078	-3.60081	-0.0223763	36.6147	
0.979727	-0.000126417	0.200336	-0.000142402	0.999999	0.00132743	-0.200336	-0.00132905	0.979726	-3.79773	-0.0236797	37.591	
0.978645	-0.000133611	0.205556	-0.00015089	0.999999	0.00136838	-0.205556	-0.00137018	0.978644	-3.99986	-0.0250238	38.5662	
0.977536	-0.000141026	0.21077	-0.000159666	0.999999	0.00140962	-0.21077	-0.00141161	0.977535	-4.20718	-0.0264091	39.5403	
0.976398	-0.000148663	0.215979	-0.000168735	0.999999	0.00145114	-0.215979	-0.00145333	0.976397	-4.41969	-0.0278358	40.5134	
0.975233	-0.000156525	0.221182	-0.000178099	0.999999	0.00149294	-0.221182	-0.00149536	0.975231	-4.63739	-0.0293042	41.4852	
0.974039	-0.000164613	0.22638	-0.000187761	0.999999	0.00153503	-0.22638	-0.00153768	0.974038	-4.86027	-0.0308146	42.4559	
0.972818	-0.000172928	0.231572	-0.000197725	0.999999	0.00157738	-0.231572	-0.00158029	0.972817	-5.08832	-0.0323673	43.4254	
0.971569	-0.000181472	0.236757	-0.000207993	0.999999	0.00162002	-0.236757	-0.0016232	0.971567	-5.32154	-0.0339626	44.3937	
0.970292	-0.000190246	0.241937	-0.00021857	0.999999	0.00166292	-0.241937	-0.0016664	0.970291	-5.55992	-0.0356007	45.3607	
0.968987	-0.000199253	0.24711	-0.000229458	0.999999	0.0017061	-0.24711	-0.00170989	0.968986	-5.80346	-0.037282	46.3264	
0.967655	-0.000208493	0.252277	-0.000240661	0.999998	0.00174954	-0.252277	-0.00175367	0.967654	-6.05214	-0.0390068	47.2908	
0.966295	-0.000217968	0.257437	-0.000252181	0.999998	0.00179325	-0.257437	-0.00179773	0.966293	-6.30597	-0.0407754	48.2539	
0.964908	-0.00022768	0.26259	-0.000264022	0.999998	0.00183723	-0.26259	-0.00184208	0.964906	-6.56493	-0.0425879	49.2156	
0.963492	-0.00023763	0.267736	-0.000276187	0.999998	0.00188146	-0.267736	-0.00188672	0.963491	-6.82902	-0.0444448	50.1759	
0.96205	-0.00024782	0.272874	-0.000288678	0.999998	0.00192595	-0.272874	-0.00193163	0.962048	-7.09824	-0.0463463	51.1348	
0.96058	-0.000258251	0.278005	-0.0003015	0.999998	0.0019707	-0.278005	-0.00197683	0.960578	-7.37256	-0.0482926	52.0922	
0.959082	-0.000268925	0.283129	-0.000314654	0.999998	0.0020157	-0.283129	-0.00202231	0.95908	-7.652	-0.0502841	53.0482	
0.957557	-0.000279842	0.288244	-0.000328144	0.999998	0.00206095	-0.288244	-0.00206807	0.957555	-7.93653	-0.052321	54.0026	
0.956004	-0.000291005	0.293352	-0.000341974	0.999998	0.00210645	-0.293352	-0.0021141	0.956002	-8.22616	-0.0544037	54.9555	
0.954425	-0.000302415	0.298452	-0.000356145	0.999998	0.0021522	-0.298452	-0.00216041	0.954422	-8.52086	-0.0565323	55.9069	
0.952818	-0.000314074	0.303543	-0.000370661	0.999998	0.00219819	-0.303543	-0.00220699	0.952815	-8.82064	-0.0587072	56.8567	
0.951184	-0.000325982	0.308626	-0.000385525	0.999997	0.00224442	-0.308625	-0.00225384	0.951181	-9.12549	-0.0609286	57.8048	
0.949522	-0.000338141	0.3137	-0.00040074	0.999997	0.00229089	-0.313699	-0.00230097	0.94952	-9.4354	-0.0631968	58.7513	
0.947834	-0.000350553	0.318765	-0.000416309	0.999997	0.0023376	-0.318765	-0.00234836	0.947831	-9.75035	-0.0655121	59.6962	
0.946118	-0.000363219	0.323821	-0.000432234	0.999997	0.00238453	-0.323821	-0.00239602	0.946115	-10.0703	-0.0678747	60.6393	
0.944376	-0.00037614	0.328868	-0.000448518	0.999997	0.0024317	-0.328868	-0.00244394	0.944373	-10.3954	-0.0702849	61.5807	
0.942148	-0.000404092	0.335198	-0.00159242	0.999983	0.00568136	-0.335194	-0.00588645	0.942131	-10.7261	-0.0744333	62.5202	
0.939876	-0.000455168	0.341516	-0.00275758	0.999956	0.00892178	-0.341505	-0.00932713	0.939834	-11.0631	-0.0820094	63.4574	
0.93756	-0.000529376	0.347822	-0.00394396	0.999918	0.0121529	-0.3478	-0.0127658	0.937482	-11.4063	-0.0930113	64.3922	
0.935202	-0.000626715	0.354114	-0.0051515	0.999869	0.0153745	-0.354077	-0.0162025	0.935076	-11.7558	-0.107437	65.3247	
0.932801	-0.000747179	0.360392	-0.00638015	0.999807	0.0185866	-0.360336	-0.0196369	0.932616	-12.1116	-0.125284	66.2548	
0.930357	-0.000890753	0.366654	-0.00762985	0.999733	0.0217889	-0.366576	-0.023069	0.930102	-12.4736	-0.146551	67.1824	
0.927871	-0.00105742	0.3729	-0.00890056	0.999648	0.0249815	-0.372795	-0.0264987	0.927535	-12.8418	-0.171235	68.1075	
0.925343	-0.00124715	0.379129	-0.0101922	0.999551	0.0281642	-0.378994	-0.0299257	0.924915	-13.2162	-0.199333	69.03	
0.922774	-0.0014599	0.38534	-0.0115047	0.999443	0.0313369	-0.385171	-0.0333501	0.922242	-13.5967	-0.230844	69.9498	
0.919102	-0.00188285	0.394014	-0.0204771	0.998409	0.0525372	-0.393486	-0.0563553	0.917602	-13.9845	-0.275517	70.8661	
0.915354	-0.00252256	0.402642	-0.0296383	0.996846	0.0736239	-0.401558	-0.0793256	0.912392	-14.3804	-0.343087	71.7774	
0.91153	-0.00337864	0.411219	-0.0389826	0.994753	0.0945841	-0.409381	-0.102247	0.906616	-14.7843	-0.433511	72.6833	
0.907634	-0.00445056	0.419738	-0.0485043	0.992134	0.115405	-0.41695	-0.125104	0.900279	-15.1958	-0.546733	73.5831	
0.903668	-0.00573765	0.428195	-0.0581975	0.988988	0.136073	-0.42426	-0.147885	0.893383	-15.6147	-0.682683	74.4764	
0.899634	-0.00723912	0.436584	-0.0680561	0.985318	0.156576	-0.431308	-0.170573	0.885934	-16.0408	-0.841277	75.3625	
0.895535	-0.00895403	0.4449	-0.078074	0.981127	0.176901	-0.438088	-0.193156	0.877935	-16.4738	-1.02242	76.2409	
0.891374	-0.0108813	0.453138	-0.088245	0.976417	0.197035	-0.444596	-0.215619	0.869392	-16.9133	-1.22599	77.1111	
0.887152	-0.0130198	0.461294	-0.0985629	0.971191	0.216966	-0.450829	-0.237948	0.86031	-17.3593	-1.45187	77.9725	
0.882873	-0.0153682	0.469361	-0.109021	0.965451	0.236682	-0.456782	-0.26013	0.850695	-17.8113	-1.69991	78.8246	
0.878539	-0.0179249	0.477335	-0.119613	0.959203	0.25617	-0.462453	-0.282151	0.840553	-18.269	-1.96997	79.6668	
0.874153	-0.0206885	0.485211	-0.130333	0.952449	0.275418	-0.467836	-0.303996	0.829889	-18.7323	-2.26188	80.4987	
0.869717	-0.0236572	0.492983	-0.141173	0.945193	0.294414	-0.47293	-0.325653	0.818711	-19.2008	-2.57544	81.3197	
0.865235	-0.0268291	0.500648	-0.152128	0.937441	0.313148	-0.47773	-0.347109	0.807025	-19.6743	-2.91048	82.1294	
0.860709	-0.0302024	0.508201	-0.163189	0.929197	0.331606	-0.482234	-0.368349	0.794839	-20.1523	-3.26679	82.9271	
0.856142	-0.0337748	0.515636	-0.174351	0.920466	0.349777	-0.486439	-0.389361	0.782161	-20.6347	-3.64413	83.7125	
0.851536	-0.0375443	0.52295	-0.185606	0.911254	0.367651	-0.490343	-0.410131	0.768997	-21.1212	-4.04228	84.485	
0.846896	-0.0415084	0.530137	-0.196948	0.901565	0.385216	-0.493943	-0.430647	0.755357	-21.6114	-4.46099	85.2441	
0.842222	-0.0456647	0.537193	-0.208369	0.891407	0.402461	-0.497236	-0.450896	0.741248	-22.105	-4.90001	85.9894	
0.83752	-0.0500107	0.544114	-0.219863	0.880786	0.419376	-0.500221	-0.470866	0.72668	-22.6017	-5.35905	86.7204	
0.83279	-0.0545435	0.550895	-0.231422	0.869708	0.43595	-0.502896	-0.490544	0.711662	-23.1013	-5.83784	87.4367	
0.828037	-0.0592605	0.557533	-0.243039	0.85818	0.452172	-0.50526	-0.509917	0.696202	-23.6033	-6.33607	88.1379	
0.823263	-0.0641587	0.564023	-0.254706	0.846209	0.468034	-0.50731	-0.528975	0.68031	-24.1076	-6.85345	88.8234	
0.818471	-0.069235	0.570361	-0.266418	0.833802	0.483524	-0.509045	-0.547705	0.663997	-24.6138	-7.38964	89.4929	
0.813664	-0.0744864	0.576544	-0.278165	0.820968	0.498634	-0.510465	-0.566095	0.647273	-25.1215	-7.94432	90.1459	
0.808845	-0.0799095	0.582567	-0.289942	0.807714	0.513353	-0.511569	-0.584134	0.630147	-25.6305	-8.51714	90.782	
0.804018	-0.085501	0.588426	-0.301741	0.794049	0.527673	-0.512356	-0.601811	0.61263	-26.1404	-9.10774	91.4009	
