1	0	0	0	1	0	0	0	1	0	0	0	
1	-9.26479e-07	-0.000978155	-9.26479e-07	0.999998	-0.00189434	0.000978155	0.00189434	0.999998	0.000454249	0.00087972	0.928787	
0.999998	-3.71578e-06	-0.00195871	-3.71731e-06	0.999993	-0.00379488	0.00195871	0.00379488	0.999991	0.00181811	0.00352176	1.85757	
0.999996	-8.38287e-06	-0.00294161	-8.38899e-06	0.999984	-0.00570154	0.00294161	0.00570154	0.999979	0.00409379	0.00793184	2.78634	
0.999992	-1.49425e-05	-0.00392681	-1.49578e-05	0.999971	-0.00761425	0.00392681	0.00761425	0.999963	0.00728344	0.0141156	3.71511	
0.999988	-2.3409e-05	-0.00491428	-2.34398e-05	0.999955	-0.00953292	0.00491428	0.00953292	0.999942	0.0113892	0.0220787	4.64385	
0.999983	-3.37966e-05	-0.00590396	-3.38507e-05	0.999934	-0.0114575	0.00590396	0.0114575	0.999917	0.0164131	0.0318265	5.57257	
0.999976	-4.61192e-05	-0.00689581	-4.6206e-05	0.99991	-0.0133878	0.00689581	0.0133878	0.999887	0.0223573	0.0433645	6.50127	
0.999969	-6.03905e-05	-0.00788978	-6.0521e-05	0.999883	-0.0153239	0.00788978	0.0153239	0.999851	0.0292236	0.0566981	7.42994	
0.999961	-7.66237e-05	-0.00888583	-7.68107e-05	0.999851	-0.0172657	0.00888583	0.0172657	0.999811	0.0370141	0.0718325	8.35857	
0.999951	-9.48319e-05	-0.00988392	-9.50898e-05	0.999815	-0.019213	0.00988391	0.019213	0.999767	0.0457306	0.088773	9.28716	
0.999941	-0.000115028	-0.010884	-0.000115373	0.999776	-0.0211658	0.010884	0.0211658	0.999717	0.0553751	0.107525	10.2157	
0.999929	-0.000137224	-0.011886	-0.000137674	0.999733	-0.023124	0.011886	0.023124	0.999662	0.0659494	0.128093	11.1442	
0.999917	-0.000161433	-0.0128899	-0.000162007	0.999685	-0.0250875	0.0128899	0.0250875	0.999602	0.0774552	0.150482	12.0727	
0.999903	-0.000187667	-0.0138957	-0.000188386	0.999634	-0.0270563	0.0138957	0.0270563	0.999537	0.0898942	0.174697	13.001	
0.999889	-0.000215936	-0.0149032	-0.000216823	0.999579	-0.0290302	0.0149032	0.0290302	0.999467	0.103268	0.200743	13.9294	
0.999873	-0.000246253	-0.0159126	-0.000247333	0.999519	-0.0310092	0.0159125	0.0310093	0.999392	0.117579	0.228625	14.8576	
0.999857	-0.000278628	-0.0169236	-0.000279928	0.999456	-0.0329933	0.0169236	0.0329933	0.999312	0.132828	0.258348	15.7858	
0.999839	-0.000313073	-0.0179363	-0.000314621	0.999388	-0.0349822	0.0179363	0.0349822	0.999227	0.149017	0.289915	16.7139	
0.99982	-0.000349598	-0.0189506	-0.000351423	0.999316	-0.036976	0.0189506	0.036976	0.999136	0.166147	0.323332	17.642	
0.999801	-0.000388213	-0.0199665	-0.000390347	0.99924	-0.0389746	0.0199665	0.0389746	0.999041	0.184219	0.358603	18.5699	
0.99978	-0.000428927	-0.020984	-0.000431405	0.99916	-0.0409778	0.0209839	0.0409778	0.99894	0.203237	0.395732	19.4977	
0.999758	-0.000471751	-0.0220029	-0.000474608	0.999076	-0.0429856	0.0220029	0.0429856	0.998833	0.223199	0.434725	20.4255	
0.999735	-0.000516694	-0.0230233	-0.000519967	0.998987	-0.0449979	0.0230232	0.0449979	0.998722	0.244109	0.475584	21.3532	
0.999711	-0.000563765	-0.0240451	-0.000567493	0.998894	-0.0470146	0.024045	0.0470147	0.998605	0.265967	0.518314	22.2807	
0.999686	-0.000612972	-0.0250682	-0.000617196	0.998797	-0.0490357	0.0250681	0.0490358	0.998482	0.288775	0.562919	23.2081	
0.999659	-0.000664324	-0.0260926	-0.000669087	0.998695	-0.0510611	0.0260925	0.0510611	0.998355	0.312534	0.609403	24.1355	
0.999632	-0.000717829	-0.0271183	-0.000723176	0.998589	-0.0530906	0.0271181	0.0530907	0.998221	0.337245	0.657771	25.0627	
0.999604	-0.000773494	-0.0281452	-0.000779472	0.998479	-0.0551242	0.028145	0.0551243	0.998083	0.362908	0.708025	25.9897	
0.999574	-0.000831328	-0.0291732	-0.000837985	0.998365	-0.0571619	0.029173	0.057162	0.997939	0.389527	0.76017	26.9167	
0.999543	-0.000891338	-0.0302024	-0.000898724	0.998246	-0.0592034	0.0302022	0.0592036	0.997789	0.4171	0.81421	27.8435	
0.999512	-0.000953529	-0.0312327	-0.000961698	0.998122	-0.0612489	0.0312325	0.061249	0.997634	0.44563	0.870147	28.7701	
0.999479	-0.00101791	-0.032264	-0.00102691	0.997994	-0.063298	0.0322637	0.0632982	0.997473	0.475117	0.927986	29.6966	
0.999445	-0.00108449	-0.0332963	-0.00109438	0.997862	-0.0653509	0.033296	0.065351	0.997307	0.505563	0.98773	30.623	
0.99941	-0.00115326	-0.0343295	-0.00116411	0.997725	-0.0674073	0.0343292	0.0674075	0.997135	0.536968	1.04938	31.5492	
0.999374	-0.00122425	-0.0353637	-0.0012361	0.997583	-0.0694673	0.0353633	0.0694675	0.996957	0.569332	1.11295	32.4753	
0.999337	-0.00129744	-0.0363987	-0.00131037	0.997438	-0.0715306	0.0363982	0.0715309	0.996774	0.602658	1.17843	33.4011	
0.999298	-0.00137285	-0.0374345	-0.00138692	0.997287	-0.0735973	0.0374339	0.0735976	0.996585	0.636945	1.24582	34.3268	
0.999259	-0.00145049	-0.038471	-0.00146576	0.997132	-0.0756673	0.0384704	0.0756676	0.996391	0.672195	1.31514	35.2524	
0.999218	-0.00153035	-0.0395083	-0.00154689	0.996972	-0.0777404	0.0395077	0.0777408	0.996191	0.708407	1.38638	36.1777	
0.999176	-0.00161244	-0.0405463	-0.00163032	0.996808	-0.0798167	0.0405455	0.079817	0.995985	0.745584	1.45955	37.1029	
0.999134	-0.00169676	-0.0415849	-0.00171605	0.996639	-0.0818959	0.0415841	0.0818963	0.995773	0.783724	1.53465	38.0278	
0.99909	-0.00178332	-0.042624	-0.0018041	0.996466	-0.083978	0.0426231	0.0839785	0.995556	0.822829	1.61168	38.9526	
0.999045	-0.00187213	-0.0436637	-0.00189447	0.996288	-0.086063	0.0436628	0.0860635	0.995332	0.8629	1.69065	39.8771	
0.998998	-0.00196317	-0.0447039	-0.00198715	0.996105	-0.0881507	0.0447029	0.0881512	0.995104	0.903937	1.77155	40.8015	
0.998951	-0.00205646	-0.0457446	-0.00208216	0.995918	-0.0902411	0.0457434	0.0902416	0.994869	0.945939	1.8544	41.7256	
0.998903	-0.002152	-0.0467857	-0.0021795	0.995726	-0.092334	0.0467844	0.0923346	0.994628	0.988909	1.93918	42.6495	
0.998853	-0.00224979	-0.0478271	-0.00227917	0.995529	-0.0944294	0.0478257	0.0944301	0.994382	1.03285	2.02592	43.5732	
0.998802	-0.00234983	-0.0488689	-0.00238118	0.995327	-0.0965273	0.0488673	0.0965281	0.99413	1.07775	2.1146	44.4967	
0.998751	-0.00245212	-0.0499109	-0.00248553	0.995121	-0.0986274	0.0499092	0.0986283	0.993872	1.12362	2.20523	45.4199	
0.998698	-0.00255667	-0.0509531	-0.00259222	0.99491	-0.10073	0.0509514	0.100731	0.993608	1.17046	2.29781	46.3429	
0.998644	-0.00266347	-0.0519956	-0.00270126	0.994695	-0.102834	0.0519936	0.102835	0.993339	1.21827	2.39234	47.2656	
0.998589	-0.00277252	-0.0530382	-0.00281264	0.994474	-0.104941	0.0530361	0.104942	0.993063	1.26704	2.48883	48.1881	
0.998532	-0.00288383	-0.0540809	-0.00292638	0.994249	-0.10705	0.0540786	0.107051	0.992782	1.31678	2.58728	49.1103	
0.998475	-0.0029974	-0.0551236	-0.00304247	0.99402	-0.10916	0.0551211	0.109161	0.992495	1.3675	2.68769	50.0322	
0.998417	-0.00311321	-0.0561664	-0.0031609	0.993785	-0.111272	0.0561637	0.111274	0.992201	1.41918	2.79006	50.9539	
0.998357	-0.00323128	-0.0572091	-0.0032817	0.993546	-0.113386	0.0572062	0.113388	0.991903	1.47182	2.89439	51.8753	
0.998296	-0.0033516	-0.0582517	-0.00340484	0.993301	-0.115502	0.0582487	0.115503	0.991598	1.52544	3.00068	52.7964	
0.998235	-0.00347417	-0.0592943	-0.00353034	0.993053	-0.117619	0.059291	0.117621	0.991287	1.58003	3.10895	53.7173	
0.998172	-0.00359899	-0.0603367	-0.0036582	0.992799	-0.119738	0.0603331	0.11974	0.99097	1.63558	3.21917	54.6378	
0.998108	-0.00372605	-0.0613788	-0.00378841	0.99254	-0.121858	0.061375	0.12186	0.990648	1.6921	3.33137	55.5581	
0.998042	-0.00385535	-0.0624207	-0.00392097	0.992277	-0.123979	0.0624167	0.123981	0.99032	1.74959	3.44554	56.478	
0.998186	-0.00356196	-0.0600946	-0.00403359	0.992047	-0.1258	0.0600648	0.125815	0.990234	1.80647	3.56154	57.3978	
0.998325	-0.00326425	-0.0577685	-0.00414218	0.991814	-0.127626	0.0577122	0.127652	0.990139	1.86116	3.67925	58.3175	
0.998457	-0.0029622	-0.0554425	-0.00424669	0.991576	-0.129456	0.0553589	0.129492	0.990034	1.91367	3.79867	59.237	
0.998585	-0.00265581	-0.0531167	-0.0043471	0.991334	-0.131291	0.0530051	0.131336	0.98992	1.964	3.91979	60.1565	
0.998707	-0.00234508	-0.0507912	-0.00444336	0.991089	-0.133129	0.0506507	0.133183	0.989796	2.01213	4.04263	61.0759	
0.998823	-0.00203001	-0.0484659	-0.00453544	0.990839	-0.134971	0.0482959	0.135032	0.989663	2.05808	4.16719	61.9951	
0.998933	-0.00171059	-0.046141	-0.00462331	0.990586	-0.136817	0.0459406	0.136884	0.989521	2.10185	4.29347	62.9143	
0.999039	-0.00138683	-0.0438164	-0.00470694	0.990328	-0.138666	0.0435849	0.138739	0.989369	2.14342	4.42147	63.8333	
0.999138	-0.00105872	-0.0414923	-0.00478631	0.990067	-0.140517	0.041229	0.140595	0.989208	2.18281	4.55119	64.7521	
0.999232	-0.000726261	-0.0391688	-0.00486139	0.989801	-0.142371	0.0388727	0.142452	0.989038	2.22001	4.68263	65.6708	
0.999321	-0.000389458	-0.0368457	-0.00493215	0.989532	-0.144228	0.0365162	0.144312	0.988858	2.25502	4.8158	66.5893	
0.999404	-4.83114e-05	-0.0345233	-0.00499858	0.989259	-0.146087	0.0341596	0.146172	0.988669	2.28784	4.9507	67.5077	
0.999481	0.000297175	-0.0322015	-0.00506065	0.988982	-0.147947	0.0318028	0.148033	0.988471	2.31847	5.08733	68.4258	
0.999553	0.000646999	-0.0298805	-0.00511835	0.988702	-0.149809	0.029446	0.149895	0.988263	2.34691	5.22569	69.3438	
0.99962	0.00100116	-0.0275602	-0.00517166	0.988417	-0.151673	0.0270891	0.151758	0.988046	2.37317	5.36577	70.2616	
0.99968	0.00135964	-0.0252407	-0.00522056	0.988129	-0.153537	0.0247323	0.15362	0.98782	2.39723	5.50759	71.1792	
0.999985	0.00489181	-0.00237424	-0.00519528	0.988422	-0.15164	0.00160496	0.15165	0.988433	2.40947	5.64936	72.097	
0.999755	0.00837744	0.0205002	-0.0052144	0.988711	-0.149742	-0.0215233	0.149599	0.988512	2.40022	5.78927	73.0151	
0.998989	0.0118147	0.0433704	-0.00527791	0.988996	-0.147845	-0.0446399	0.147467	0.988059	2.36949	5.92723	73.9331	
0.997689	0.0152016	0.0662239	-0.00538578	0.989277	-0.145949	-0.0677325	0.145255	0.987073	2.3173	6.06317	74.8503	
0.995855	0.0185365	0.0890484	-0.00553795	0.989554	-0.144055	-0.0907885	0.142965	0.985555	2.24368	6.19702	75.7665	
0.993488	0.0218175	0.111832	-0.00573434	0.989826	-0.142165	-0.113796	0.140598	0.983505	2.14867	6.32872	76.6809	
0.990589	0.0250429	0.134561	-0.00597484	0.990094	-0.14028	-0.136741	0.138155	0.980926	2.03232	6.45817	77.5932	
0.98716	0.0282108	0.157225	-0.00625932	0.990357	-0.138399	-0.159613	0.135638	0.977817	1.89468	6.58533	78.5029	
0.983202	0.0313197	0.179811	-0.00658763	0.990615	-0.136525	-0.182399	0.133048	0.974181	1.73585	6.71011	79.4094	
0.978719	0.0343678	0.202307	-0.00695959	0.990868	-0.134659	-0.205087	0.130385	0.97002	1.55589	6.83245	80.3123	
0.973712	0.0373535	0.2247	-0.00737501	0.991115	-0.132801	-0.227664	0.127653	0.965336	1.35492	6.95229	81.2112	
0.968184	0.0402751	0.246979	-0.00783365	0.991358	-0.130953	-0.250118	0.124852	0.960132	1.13303	7.06955	82.1054	
0.962137	0.0431311	0.269131	-0.00833527	0.991595	-0.129115	-0.272438	0.121983	0.95441	0.890347	7.18419	82.9945	
0.955576	0.04592	0.291145	-0.0088796	0.991826	-0.127289	-0.294611	0.119049	0.948173	0.627001	7.29613	83.8781	
0.948504	0.0486403	0.313009	-0.00946635	0.992052	-0.125475	-0.316624	0.11605	0.941425	0.343134	7.40531	84.7557	
0.940924	0.0512904	0.334711	-0.0100952	0.992271	-0.123674	-0.338467	0.112989	0.93417	0.0389001	7.51168	85.6267	
0.932841	0.053869	0.356239	-0.0107658	0.992485	-0.121888	-0.360128	0.109867	0.926411	-0.285538	7.61518	86.4908	
0.924259	0.0563746	0.377582	-0.0114778	0.992693	-0.120118	-0.381594	0.106686	0.918152	-0.630005	7.71575	87.3474	
0.915182	0.058806	0.398728	-0.0122308	0.992895	-0.118363	-0.402855	0.103447	0.909399	-0.994315	7.81334	88.1962	
0.905616	0.0611618	0.419665	-0.0130245	0.99309	-0.116626	-0.423899	0.100153	0.900155	-1.37827	7.90789	89.0366	
0.895566	0.0634407	0.440383	-0.0138583	0.99328	-0.114907	-0.444714	0.0968042	0.890426	-1.78167	7.99936	89.8681	
0.885036	0.0656415	0.460871	-0.0147318	0.993462	-0.113208	-0.465289	0.0934035	0.880217	-2.20429	8.0877	90.6904	
