1	0	0	0	1	0	0	0	1	0	0	0	
1	5.77466e-08	-0.000171815	5.77466e-08	1	0.000672193	0.000171815	-0.000672193	1	8.28272e-05	-0.000324045	0.964141	
1	2.31272e-07	-0.000343838	2.31284e-07	0.999999	0.00134527	0.000343838	-0.00134527	0.999999	0.000331409	-0.0012966	1.92828	
1	5.20991e-07	-0.000516061	5.21039e-07	0.999998	0.0020192	0.000516061	-0.0020192	0.999998	0.000745941	-0.00291852	2.89242	
1	9.27298e-07	-0.000688475	9.27421e-07	0.999996	0.00269395	0.000688475	-0.00269395	0.999996	0.00132661	-0.00519058	3.85656	
1	1.45057e-06	-0.000861073	1.45081e-06	0.999994	0.00336949	0.000861073	-0.00336949	0.999994	0.0020736	-0.00811359	4.8207	
0.999999	2.09116e-06	-0.00103385	2.09159e-06	0.999992	0.00404579	0.00103385	-0.00404579	0.999991	0.00298709	-0.0116883	5.78483	
0.999999	2.84939e-06	-0.00120679	2.85008e-06	0.999989	0.00472281	0.00120679	-0.00472281	0.999988	0.00406723	-0.0159154	6.74896	
0.999999	3.72559e-06	-0.00137989	3.72662e-06	0.999985	0.00540054	0.00137989	-0.00540054	0.999984	0.0053142	-0.0207955	7.71309	
0.999999	4.72004e-06	-0.00155314	4.72152e-06	0.999982	0.00607893	0.00155314	-0.00607893	0.99998	0.00672813	-0.0263295	8.67722	
0.999999	5.83301e-06	-0.00172654	5.83504e-06	0.999977	0.00675796	0.00172654	-0.00675796	0.999976	0.00830917	-0.0325177	9.64134	
0.999998	7.06475e-06	-0.00190008	7.06746e-06	0.999972	0.0074376	0.00190008	-0.0074376	0.999971	0.0100575	-0.039361	10.6055	
0.999998	8.41549e-06	-0.00207374	8.41902e-06	0.999967	0.00811781	0.00207374	-0.00811781	0.999965	0.0119731	-0.0468598	11.5696	
0.999997	9.88543e-06	-0.00224752	9.88993e-06	0.999961	0.00879856	0.00224752	-0.00879856	0.999959	0.0140563	-0.0550147	12.5337	
0.999997	1.14748e-05	-0.00242142	1.14804e-05	0.999955	0.00947982	0.00242142	-0.00947982	0.999952	0.016307	-0.0638262	13.4978	
0.999997	1.31836e-05	-0.00259542	1.31906e-05	0.999948	0.0101616	0.00259542	-0.0101616	0.999945	0.0187255	-0.0732947	14.4619	
0.999996	1.50122e-05	-0.00276951	1.50206e-05	0.999941	0.0108438	0.00276951	-0.0108438	0.999937	0.0213118	-0.0834208	15.4259	
0.999996	1.69606e-05	-0.0029437	1.69707e-05	0.999934	0.0115264	0.0029437	-0.0115264	0.999929	0.0240659	-0.0942048	16.39	
0.999995	1.90289e-05	-0.00311796	1.90409e-05	0.999925	0.0122094	0.00311796	-0.0122094	0.999921	0.0269881	-0.105647	17.3541	
0.999995	2.12172e-05	-0.0032923	2.12314e-05	0.999917	0.0128927	0.0032923	-0.0128927	0.999911	0.0300783	-0.117748	18.3181	
0.999994	2.35256e-05	-0.0034667	2.35421e-05	0.999908	0.0135764	0.0034667	-0.0135764	0.999902	0.0333366	-0.130508	19.2822	
0.999993	2.5954e-05	-0.00364116	2.59732e-05	0.999898	0.0142604	0.00364116	-0.0142604	0.999892	0.0367631	-0.143927	20.2462	
0.999993	2.85025e-05	-0.00381567	2.85246e-05	0.999888	0.0149446	0.00381567	-0.0149446	0.999881	0.0403578	-0.158006	21.2103	
0.999992	3.11712e-05	-0.00399021	3.11964e-05	0.999878	0.0156291	0.00399021	-0.0156291	0.99987	0.0441208	-0.172745	22.1743	
0.999991	3.39598e-05	-0.00416479	3.39885e-05	0.999867	0.0163138	0.00416479	-0.0163138	0.999858	0.0480521	-0.188144	23.1383	
0.999991	3.68685e-05	-0.0043394	3.69009e-05	0.999856	0.0169986	0.0043394	-0.0169986	0.999846	0.0521517	-0.204203	24.1023	
0.99999	3.98972e-05	-0.00451402	3.99336e-05	0.999844	0.0176836	0.00451402	-0.0176836	0.999833	0.0564197	-0.220922	25.0663	
0.999989	4.30456e-05	-0.00468865	4.30865e-05	0.999831	0.0183687	0.00468865	-0.0183687	0.99982	0.060856	-0.238302	26.0303	
0.999988	4.63138e-05	-0.00486328	4.63594e-05	0.999818	0.0190539	0.00486328	-0.0190539	0.999807	0.0654607	-0.256342	26.9942	
0.999987	4.97016e-05	-0.00503791	4.97523e-05	0.999805	0.0197391	0.00503791	-0.0197391	0.999792	0.0702338	-0.275043	27.9582	
0.999986	5.32088e-05	-0.00521252	5.3265e-05	0.999791	0.0204243	0.00521252	-0.0204243	0.999778	0.0751752	-0.294404	28.9221	
0.999985	5.68353e-05	-0.00538711	5.68973e-05	0.999777	0.0211095	0.0053871	-0.0211095	0.999763	0.080285	-0.314427	29.886	
0.999985	6.05808e-05	-0.00556166	6.0649e-05	0.999762	0.0217946	0.00556166	-0.0217946	0.999747	0.0855631	-0.33511	30.8499	
0.999984	6.44451e-05	-0.00573618	6.45199e-05	0.999747	0.0224797	0.00573618	-0.0224797	0.999731	0.0910094	-0.356453	31.8138	
0.999983	6.8428e-05	-0.00591065	6.85099e-05	0.999732	0.0231647	0.00591065	-0.0231647	0.999714	0.096624	-0.378457	32.7777	
0.999981	7.25292e-05	-0.00608506	7.26185e-05	0.999716	0.0238495	0.00608506	-0.0238495	0.999697	0.102407	-0.401121	33.7416	
0.99998	7.67484e-05	-0.00625942	7.68456e-05	0.999699	0.0245342	0.00625941	-0.0245342	0.999679	0.108358	-0.424445	34.7054	
0.999979	8.10853e-05	-0.0064337	8.11909e-05	0.999682	0.0252186	0.0064337	-0.0252186	0.999661	0.114477	-0.44843	35.6692	
0.999978	8.55396e-05	-0.0066079	8.5654e-05	0.999664	0.0259028	0.0066079	-0.0259028	0.999643	0.120764	-0.473074	36.633	
0.999977	9.0111e-05	-0.00678202	9.02347e-05	0.999647	0.0265867	0.00678202	-0.0265867	0.999624	0.127219	-0.498377	37.5968	
0.999976	9.4799e-05	-0.00695604	9.49324e-05	0.999628	0.0272704	0.00695604	-0.0272704	0.999604	0.133841	-0.52434	38.5606	
0.999975	9.96032e-05	-0.00712996	9.97469e-05	0.999609	0.0279537	0.00712996	-0.0279537	0.999584	0.140632	-0.550962	39.5243	
0.999973	0.000104523	-0.00730377	0.000104678	0.99959	0.0286366	0.00730377	-0.0286366	0.999563	0.14759	-0.578243	40.4881	
0.999972	0.000109559	-0.00747746	0.000109725	0.99957	0.0293192	0.00747746	-0.0293192	0.999542	0.154715	-0.606182	41.4518	
0.999971	0.000114709	-0.00765103	0.000114887	0.99955	0.0300013	0.00765102	-0.0300013	0.999521	0.162008	-0.634778	42.4155	
0.999969	0.000119974	-0.00782446	0.000120164	0.999529	0.030683	0.00782446	-0.030683	0.999499	0.169469	-0.664032	43.3791	
0.999968	0.000125353	-0.00799775	0.000125556	0.999508	0.0313642	0.00799775	-0.0313642	0.999476	0.177096	-0.693944	44.3428	
0.999967	0.000130845	-0.00817089	0.000131062	0.999486	0.0320449	0.00817089	-0.0320449	0.999453	0.18489	-0.724511	45.3064	
0.999965	0.00013645	-0.00834387	0.000136681	0.999464	0.032725	0.00834387	-0.032725	0.99943	0.192852	-0.755735	46.27	
0.999964	0.000142168	-0.00851669	0.000142413	0.999442	0.0334046	0.00851669	-0.0334046	0.999406	0.20098	-0.787614	47.2336	
0.999962	0.000147997	-0.00868934	0.000148258	0.999419	0.0340835	0.00868933	-0.0340835	0.999381	0.209274	-0.820148	48.1971	
0.999961	0.000153938	-0.0088618	0.000154214	0.999396	0.0347619	0.0088618	-0.0347619	0.999356	0.217735	-0.853337	49.1607	
0.999959	0.000159989	-0.00903408	0.000160282	0.999372	0.0354395	0.00903407	-0.0354395	0.999331	0.226362	-0.887179	50.1242	
0.999958	0.000166149	-0.00920616	0.000166459	0.999348	0.0361164	0.00920615	-0.0361164	0.999305	0.235155	-0.921674	51.0877	
0.999956	0.00017242	-0.00937803	0.000172747	0.999323	0.0367926	0.00937803	-0.0367926	0.999279	0.244114	-0.956821	52.0511	
0.999954	0.000178798	-0.00954969	0.000179144	0.999298	0.0374681	0.00954969	-0.0374681	0.999252	0.253239	-0.99262	53.0146	
0.999953	0.000185285	-0.00972114	0.00018565	0.999272	0.0381427	0.00972113	-0.0381427	0.999225	0.262529	-1.02907	53.978	
0.999951	0.000191878	-0.00989235	0.000192263	0.999246	0.0388166	0.00989235	-0.0388166	0.999197	0.271984	-1.06617	54.9413	
0.999949	0.000198578	-0.0100633	0.000198983	0.99922	0.0394895	0.0100633	-0.0394895	0.999169	0.281604	-1.10392	55.9047	
0.999948	0.000205383	-0.0102341	0.00020581	0.999193	0.0401616	0.0102341	-0.0401616	0.999141	0.291388	-1.14232	56.868	
0.999946	0.000212294	-0.0104046	0.000212742	0.999166	0.0408328	0.0104045	-0.0408328	0.999112	0.301338	-1.18136	57.8313	
0.999944	0.000219308	-0.0105748	0.000219779	0.999138	0.041503	0.0105748	-0.041503	0.999082	0.311451	-1.22105	58.7946	
0.999942	0.000226425	-0.0107447	0.000226919	0.99911	0.0421723	0.0107447	-0.0421723	0.999053	0.321729	-1.26139	59.7578	
0.999969	0.000100785	-0.00785241	0.00024969	0.999004	0.0446191	0.00784909	-0.0446197	0.998973	0.330692	-1.30323	60.721	
0.999988	-3.19353e-05	-0.0049604	0.000265366	0.998892	0.0470653	0.0049534	-0.0470661	0.998879	0.336864	-1.34743	61.6841	
0.999998	-0.000171736	-0.00206869	0.000273948	0.998774	0.0495107	0.00205765	-0.0495111	0.998771	0.340244	-1.39399	62.6472	
1	-0.000318615	0.00082271	0.000275441	0.998649	0.051955	-0.000838152	-0.0519547	0.998649	0.340832	-1.4429	63.6101	
0.999993	-0.00047257	0.00371382	0.000269847	0.998519	0.0543981	-0.00373403	-0.0543967	0.998512	0.338628	-1.49417	64.5728	
0.999978	-0.000633601	0.00660466	0.000257175	0.998383	0.0568398	-0.00663	-0.0568369	0.998361	0.333631	-1.54779	65.5355	
0.999955	-0.000801705	0.00949523	0.000237429	0.998241	0.05928	-0.00952606	-0.0592751	0.998196	0.325843	-1.60377	66.4979	
0.999923	-0.000976881	0.0123855	0.000210618	0.998094	0.0617185	-0.0124222	-0.0617111	0.998017	0.315262	-1.66209	67.4603	
0.999883	-0.00115913	0.0152756	0.000176751	0.99794	0.0641551	-0.0153185	-0.0641449	0.997823	0.301889	-1.72276	68.4224	
0.999834	-0.00134844	0.0181655	0.000135838	0.99778	0.0665897	-0.0182149	-0.0665761	0.997615	0.285724	-1.78578	69.3843	
0.999777	-0.00154482	0.0210551	8.78909e-05	0.997615	0.069022	-0.0211115	-0.0690047	0.997393	0.266766	-1.85114	70.3461	
0.999712	-0.00174826	0.0239445	3.2922e-05	0.997444	0.0714519	-0.0240082	-0.0714305	0.997157	0.245015	-1.91884	71.3076	
0.998995	-0.00336154	0.0446976	-0.000384572	0.996504	0.0835385	-0.0448222	-0.0834717	0.995502	0.211832	-1.99352	72.2682	
0.997845	-0.00522512	0.0654103	-0.00105441	0.995419	0.0956015	-0.0656102	-0.0954644	0.993268	0.158593	-2.07978	73.227	
0.996262	-0.00733793	0.0860704	-0.00197619	0.994189	0.107634	-0.08636	-0.107402	0.990458	0.0853295	-2.17758	74.1834	
0.994248	-0.00969874	0.106666	-0.00314939	0.992814	0.119629	-0.10706	-0.119276	0.987072	-0.00791704	-2.28686	75.1367	
0.991803	-0.0123062	0.127185	-0.00457332	0.991295	0.131579	-0.127697	-0.131082	0.983113	-0.121092	-2.40756	76.0865	
0.988929	-0.0151587	0.147616	-0.00624715	0.989634	0.143478	-0.148261	-0.142811	0.978583	-0.25413	-2.5396	77.0322	
0.985627	-0.0182547	0.167946	-0.00816992	0.987831	0.155318	-0.168738	-0.154458	0.973484	-0.406952	-2.68291	77.9733	
0.9819	-0.0215924	0.188164	-0.0103405	0.985887	0.167093	-0.189117	-0.166015	0.967819	-0.579472	-2.83741	78.9092	
0.97775	-0.0251698	0.208259	-0.0127576	0.983803	0.178796	-0.209386	-0.177475	0.961593	-0.771588	-3.003	79.8394	
0.973179	-0.0289848	0.228218	-0.0154199	0.981582	0.19042	-0.229534	-0.188832	0.954807	-0.983189	-3.1796	80.7633	
0.968189	-0.0330352	0.24803	-0.0183258	0.979223	0.201958	-0.249548	-0.200079	0.947467	-1.21415	-3.36709	81.6803	
0.962784	-0.0373187	0.267683	-0.0214736	0.976728	0.213404	-0.269417	-0.211211	0.939577	-1.46434	-3.56537	82.5901	
0.956967	-0.0418328	0.287166	-0.0248615	0.974099	0.224751	-0.28913	-0.222219	0.93114	-1.73361	-3.77432	83.4919	
0.950741	-0.0465748	0.306468	-0.0284876	0.971337	0.235993	-0.308675	-0.233098	0.922163	-2.02181	-3.99383	84.3854	
0.94411	-0.0515421	0.325577	-0.0323496	0.968444	0.247122	-0.32804	-0.243842	0.91265	-2.32877	-4.22376	85.27	
0.937077	-0.0567317	0.344483	-0.0364454	0.965422	0.258132	-0.347215	-0.254445	0.902607	-2.65431	-4.46398	86.1451	
0.929647	-0.0621405	0.363174	-0.0407726	0.962272	0.269018	-0.366189	-0.264899	0.892039	-2.99823	-4.71435	87.0103	
0.921824	-0.0677656	0.381639	-0.0453287	0.958996	0.279772	-0.384949	-0.2752	0.880954	-3.36035	-4.97473	87.865	
0.913613	-0.0736035	0.399868	-0.0501109	0.955596	0.290389	-0.403486	-0.285341	0.869356	-3.74045	-5.24496	88.7088	
0.905018	-0.0796509	0.41785	-0.0551167	0.952074	0.300862	-0.421788	-0.295316	0.857253	-4.13831	-5.52489	89.5412	
0.896044	-0.0859043	0.435575	-0.060343	0.948432	0.311185	-0.439846	-0.305119	0.844653	-4.5537	-5.81436	90.3617	
0.886697	-0.0923601	0.453033	-0.0657868	0.944672	0.321352	-0.457648	-0.314745	0.831561	-4.98638	-6.11319	91.1698	
0.876981	-0.0990144	0.470213	-0.0714449	0.940797	0.331357	-0.475183	-0.324188	0.817987	-5.43609	-6.42122	91.965	
0.866904	-0.105864	0.487105	-0.0773141	0.936808	0.341195	-0.492443	-0.333443	0.803937	-5.90258	-6.73826	92.7469	
0.85647	-0.112903	0.503699	-0.0833909	0.932708	0.35086	-0.509417	-0.342504	0.789421	-6.38557	-7.06413	93.5151	
