1	0	0	0	1	0	0	0	1	0	0	0	
0.999999	-9.81648e-08	0.00120851	-9.81648e-08	1	0.000162456	-0.00120851	-0.000162456	0.999999	-0.000503544	-6.76901e-05	0.833333	
0.999997	-3.94427e-07	0.00242207	-3.94668e-07	1	0.000325792	-0.00242207	-0.000325792	0.999997	-0.00201629	-0.000271127	1.66667	
0.999993	-8.91489e-07	0.00364066	-8.92457e-07	1	0.000490004	-0.00364066	-0.000490004	0.999993	-0.00454243	-0.000611042	2.49999	
0.999988	-1.59204e-06	0.00486423	-1.59447e-06	1	0.000655088	-0.00486423	-0.000655088	0.999988	-0.00808613	-0.00108816	3.33332	
0.999981	-2.49876e-06	0.00609272	-2.50364e-06	1	0.000821039	-0.00609272	-0.000821039	0.999981	-0.0126515	-0.00170322	4.16664	
0.999973	-3.61432e-06	0.00732611	-3.6229e-06	1	0.000987853	-0.00732611	-0.000987853	0.999973	-0.0182427	-0.00245692	4.99995	
0.999963	-4.94137e-06	0.00856435	-4.95515e-06	0.999999	0.00115553	-0.00856435	-0.00115553	0.999963	-0.0248637	-0.00335	5.83326	
0.999952	-6.48255e-06	0.00980739	-6.50329e-06	0.999999	0.00132406	-0.00980739	-0.00132406	0.999951	-0.0325186	-0.00438316	6.66656	
0.999939	-8.24048e-06	0.0110552	-8.27023e-06	0.999999	0.00149343	-0.0110552	-0.00149343	0.999938	-0.0412114	-0.00555711	7.49985	
0.999924	-1.02178e-05	0.0123077	-1.02588e-05	0.999999	0.00166366	-0.0123077	-0.00166366	0.999923	-0.0509459	-0.00687257	8.33312	
0.999908	-1.2417e-05	0.0135649	-1.2472e-05	0.999998	0.00183473	-0.0135649	-0.00183473	0.999906	-0.0617262	-0.00833023	9.16638	
0.99989	-1.48408e-05	0.0148267	-1.49126e-05	0.999998	0.00200663	-0.0148267	-0.00200663	0.999888	-0.073556	-0.00993079	9.99963	
0.99987	-1.74917e-05	0.0160931	-1.75834e-05	0.999998	0.00217937	-0.0160931	-0.00217937	0.999868	-0.0864393	-0.011675	10.8329	
0.999849	-2.03723e-05	0.0173641	-2.04873e-05	0.999997	0.00235293	-0.0173641	-0.00235293	0.999846	-0.10038	-0.0135634	11.6661	
0.999826	-2.34851e-05	0.0186395	-2.36272e-05	0.999997	0.00252732	-0.0186395	-0.00252732	0.999823	-0.115381	-0.0155969	12.4993	
0.999802	-2.68325e-05	0.0199194	-2.70057e-05	0.999996	0.00270253	-0.0199194	-0.00270253	0.999798	-0.131447	-0.017776	13.3324	
0.999775	-3.04172e-05	0.0212037	-3.06258e-05	0.999996	0.00287855	-0.0212037	-0.00287856	0.999771	-0.148582	-0.0201014	14.1656	
0.999747	-3.42416e-05	0.0224924	-3.44902e-05	0.999995	0.00305539	-0.0224924	-0.00305539	0.999742	-0.166789	-0.0225739	14.9987	
0.999717	-3.83081e-05	0.0237854	-3.86017e-05	0.999995	0.00323302	-0.0237854	-0.00323303	0.999712	-0.186071	-0.0251941	15.8318	
0.999685	-4.26192e-05	0.0250826	-4.29629e-05	0.999994	0.00341146	-0.0250826	-0.00341147	0.99968	-0.206433	-0.0279626	16.6649	
0.999652	-4.71773e-05	0.0263841	-4.75768e-05	0.999994	0.0035907	-0.0263841	-0.0035907	0.999645	-0.227877	-0.0308802	17.498	
0.999617	-5.19849e-05	0.0276898	-5.24459e-05	0.999993	0.00377072	-0.0276898	-0.00377073	0.999609	-0.250408	-0.0339474	18.331	
0.999579	-5.70443e-05	0.0289996	-5.7573e-05	0.999992	0.00395153	-0.0289996	-0.00395154	0.999572	-0.274029	-0.0371651	19.164	
0.99954	-6.23579e-05	0.0303135	-6.29608e-05	0.999991	0.00413312	-0.0303135	-0.00413313	0.999532	-0.298742	-0.0405337	19.9969	
0.9995	-6.7928e-05	0.0316314	-6.86119e-05	0.999991	0.00431549	-0.0316314	-0.0043155	0.99949	-0.324553	-0.0440539	20.8299	
0.999457	-7.3757e-05	0.0329533	-7.4529e-05	0.99999	0.00449863	-0.0329533	-0.00449864	0.999447	-0.351463	-0.0477265	21.6628	
0.999412	-7.98471e-05	0.0342792	-8.07147e-05	0.999989	0.00468253	-0.0342792	-0.00468255	0.999401	-0.379477	-0.051552	22.4956	
0.999366	-8.62007e-05	0.035609	-8.71717e-05	0.999988	0.00486719	-0.035609	-0.00486721	0.999354	-0.408597	-0.055531	23.3284	
0.999317	-9.282e-05	0.0369427	-9.39024e-05	0.999987	0.00505261	-0.0369427	-0.00505263	0.999305	-0.438827	-0.0596643	24.1612	
0.999267	-9.97072e-05	0.0382802	-0.00010091	0.999986	0.00523879	-0.0382802	-0.00523881	0.999253	-0.470169	-0.0639524	24.9939	
0.999215	-0.000106865	0.0396214	-0.000108196	0.999985	0.0054257	-0.0396214	-0.00542573	0.9992	-0.502628	-0.068396	25.8266	
0.999161	-0.000114294	0.0409664	-0.000115763	0.999984	0.00561336	-0.0409664	-0.00561339	0.999145	-0.536207	-0.0729956	26.6593	
0.999104	-0.000121999	0.042315	-0.000123615	0.999983	0.00580175	-0.042315	-0.00580178	0.999087	-0.570907	-0.0777519	27.4919	
0.999046	-0.00012998	0.0436673	-0.000131753	0.999982	0.00599087	-0.0436673	-0.00599091	0.999028	-0.606733	-0.0826656	28.3244	
0.998986	-0.000138239	0.0450231	-0.00014018	0.999981	0.00618071	-0.0450231	-0.00618076	0.998967	-0.643688	-0.0877371	29.1569	
0.998924	-0.00014678	0.0463825	-0.000148899	0.99998	0.00637127	-0.0463825	-0.00637132	0.998903	-0.681773	-0.0929671	29.9894	
0.99886	-0.000155604	0.0477454	-0.000157911	0.999978	0.00656255	-0.0477454	-0.00656261	0.998838	-0.720993	-0.0983563	30.8218	
0.998793	-0.000164712	0.0491117	-0.00016722	0.999977	0.00675453	-0.0491117	-0.0067546	0.99877	-0.76135	-0.103905	31.6541	
0.998725	-0.000174108	0.0504814	-0.000176827	0.999976	0.00694722	-0.0504814	-0.00694729	0.998701	-0.802847	-0.109614	32.4864	
0.998655	-0.000183793	0.0518545	-0.000186735	0.999974	0.0071406	-0.0518545	-0.00714068	0.998629	-0.845487	-0.115484	33.3186	
0.998582	-0.000193769	0.0532308	-0.000196947	0.999973	0.00733468	-0.0532308	-0.00733476	0.998555	-0.889273	-0.121516	34.1508	
0.998508	-0.000204037	0.0546105	-0.000207464	0.999972	0.00752944	-0.0546104	-0.00752953	0.998479	-0.934207	-0.127709	34.9828	
0.998431	-0.000214601	0.0559933	-0.000218289	0.99997	0.00772488	-0.0559933	-0.00772498	0.998401	-0.980292	-0.134065	35.8149	
0.998352	-0.000225461	0.0573792	-0.000229424	0.999969	0.00792099	-0.0573792	-0.0079211	0.998321	-1.02753	-0.140584	36.6469	
0.998272	-0.00023662	0.0587683	-0.000240872	0.999967	0.00811777	-0.0587683	-0.0081179	0.998239	-1.07593	-0.147267	37.4788	
0.998189	-0.000248079	0.0601604	-0.000252634	0.999965	0.00831522	-0.0601604	-0.00831535	0.998154	-1.12548	-0.154114	38.3106	
0.998104	-0.000259841	0.0615556	-0.000264713	0.999964	0.00851332	-0.0615556	-0.00851347	0.998067	-1.17619	-0.161126	39.1423	
0.998016	-0.000271906	0.0629537	-0.000277111	0.999962	0.00871207	-0.0629537	-0.00871224	0.997978	-1.22807	-0.168304	39.974	
0.997927	-0.000284278	0.0643547	-0.00028983	0.99996	0.00891147	-0.0643547	-0.00891165	0.997887	-1.28112	-0.175647	40.8056	
0.997836	-0.000296957	0.0657586	-0.000302872	0.999958	0.00911151	-0.0657586	-0.0091117	0.997794	-1.33533	-0.183157	41.6372	
0.997742	-0.000309945	0.0671653	-0.000316239	0.999957	0.00931218	-0.0671653	-0.00931239	0.997698	-1.39072	-0.190834	42.4686	
0.997646	-0.000323243	0.0685748	-0.000329933	0.999955	0.00951348	-0.0685748	-0.00951371	0.997601	-1.44728	-0.198678	43.3	
0.997548	-0.000336855	0.069987	-0.000343957	0.999953	0.0097154	-0.069987	-0.00971565	0.997501	-1.50501	-0.20669	44.1313	
0.997448	-0.00035078	0.0714019	-0.000358311	0.999951	0.00991793	-0.0714019	-0.0099182	0.997398	-1.56392	-0.214871	44.9625	
0.997345	-0.000365021	0.0728194	-0.000372999	0.999949	0.0101211	-0.0728194	-0.0101214	0.997294	-1.62401	-0.223221	45.7936	
0.99724	-0.000379579	0.0742395	-0.000388022	0.999947	0.0103248	-0.0742395	-0.0103251	0.997187	-1.68529	-0.23174	46.6247	
0.997133	-0.000394456	0.0756621	-0.000403382	0.999944	0.0105292	-0.0756621	-0.0105295	0.997078	-1.74775	-0.240429	47.4556	
0.996953	-0.000422825	0.0780009	-0.000643782	0.999907	0.0136486	-0.0779994	-0.0136573	0.99686	-1.81177	-0.250507	48.2864	
0.996767	-0.000458612	0.0803444	-0.000891477	0.999859	0.0167671	-0.0803408	-0.0167845	0.996626	-1.87775	-0.263191	49.117	
0.996575	-0.000501846	0.0826925	-0.00114648	0.999802	0.0198845	-0.0826861	-0.0199112	0.996377	-1.94568	-0.278481	49.9474	
0.996377	-0.000552553	0.0850449	-0.0014088	0.999734	0.0230008	-0.0850351	-0.0230373	0.996112	-2.01556	-0.296376	50.7777	
0.996173	-0.000610759	0.0874015	-0.00167845	0.999658	0.026116	-0.0873875	-0.0261628	0.995831	-2.0874	-0.316877	51.6076	
0.995963	-0.000676486	0.0897619	-0.00195544	0.999571	0.0292301	-0.0897432	-0.0292876	0.995534	-2.16121	-0.339981	52.4374	
0.995747	-0.000749756	0.092126	-0.00223978	0.999474	0.0323429	-0.0921018	-0.0324117	0.995222	-2.23698	-0.365689	53.2668	
0.995525	-0.000830587	0.0944935	-0.00253148	0.999368	0.0354544	-0.0944632	-0.035535	0.994894	-2.31471	-0.394	54.0961	
0.995297	-0.000918998	0.0968642	-0.00283054	0.999252	0.0385647	-0.0968272	-0.0386576	0.99455	-2.39442	-0.424914	54.925	
0.995063	-0.001015	0.0992379	-0.00313698	0.999126	0.0416737	-0.0991935	-0.0417793	0.994191	-2.47609	-0.458429	55.7536	
0.994823	-0.00111862	0.101614	-0.0034508	0.998991	0.0447813	-0.101562	-0.0449001	0.993815	-2.55974	-0.494546	56.582	
0.994577	-0.00122985	0.103993	-0.003772	0.998846	0.0478875	-0.103932	-0.0480201	0.993424	-2.64536	-0.533262	57.41	
0.994325	-0.00134872	0.106374	-0.00410059	0.998691	0.0509923	-0.106304	-0.0511391	0.993018	-2.73296	-0.574579	58.2377	
0.994067	-0.00147522	0.108758	-0.00443659	0.998526	0.0540956	-0.108677	-0.0542572	0.992595	-2.82254	-0.618494	59.065	
0.993803	-0.00160937	0.111143	-0.00477998	0.998351	0.0571974	-0.111052	-0.0573742	0.992157	-2.91409	-0.665007	59.892	
0.993533	-0.00175116	0.113529	-0.00513078	0.998167	0.0602977	-0.113427	-0.0604902	0.991703	-3.00762	-0.714117	60.7186	
0.993257	-0.00190061	0.115917	-0.00548899	0.997973	0.0633963	-0.115803	-0.0636051	0.991234	-3.10313	-0.765824	61.5448	
0.992975	-0.00205771	0.118307	-0.00585461	0.99777	0.0664934	-0.11818	-0.0667189	0.990748	-3.20063	-0.820126	62.3707	
0.992687	-0.00222246	0.120697	-0.00622765	0.997556	0.0695888	-0.120556	-0.0698315	0.990247	-3.3001	-0.877022	63.1961	
0.992393	-0.00239485	0.123087	-0.0066081	0.997333	0.0726824	-0.122933	-0.0729429	0.989731	-3.40156	-0.936511	64.0211	
0.992093	-0.00257489	0.125479	-0.00699596	0.9971	0.0757744	-0.12531	-0.0760531	0.989198	-3.50499	-0.998593	64.8456	
0.991787	-0.00276257	0.12787	-0.00739124	0.996858	0.0788646	-0.127686	-0.079162	0.98865	-3.61041	-1.06327	65.6697	
0.991475	-0.00295786	0.130262	-0.00779394	0.996606	0.081953	-0.130062	-0.0822696	0.988087	-3.7178	-1.13053	66.4934	
0.991158	-0.00316078	0.132653	-0.00820405	0.996344	0.0850395	-0.132437	-0.0853758	0.987508	-3.82717	-1.20038	67.3165	
0.990834	-0.00337129	0.135044	-0.00862157	0.996072	0.0881242	-0.13481	-0.0884807	0.986913	-3.93853	-1.27282	68.1392	
0.990504	-0.0035894	0.137434	-0.0090465	0.995791	0.0912069	-0.137182	-0.0915842	0.986303	-4.05186	-1.34785	68.9614	
0.990169	-0.00381508	0.139823	-0.00947885	0.9955	0.0942877	-0.139553	-0.0946862	0.985677	-4.16717	-1.42546	69.7831	
0.989828	-0.00404831	0.142211	-0.00991859	0.995199	0.0973665	-0.141922	-0.0977867	0.985036	-4.28445	-1.50566	70.6042	
0.989481	-0.00428907	0.144597	-0.0103657	0.994889	0.100443	-0.144289	-0.100886	0.984379	-4.4037	-1.58844	71.4248	
0.988523	-0.00500881	0.150987	-0.0132831	0.992697	0.119897	-0.150485	-0.120526	0.981238	-4.52653	-1.6807	72.2438	
0.987525	-0.00585607	0.157355	-0.0163224	0.990118	0.139284	-0.156615	-0.140115	0.97767	-4.65449	-1.7893	73.0601	
0.986487	-0.00683048	0.163698	-0.0194824	0.987151	0.158596	-0.162678	-0.159642	0.973679	-4.78754	-1.9142	73.8731	
0.98541	-0.00793162	0.170014	-0.0227617	0.983799	0.177825	-0.16867	-0.1791	0.969264	-4.9256	-2.05535	74.6827	
0.984294	-0.00915902	0.1763	-0.0261589	0.980062	0.196963	-0.174589	-0.198481	0.964429	-5.06863	-2.21268	75.4885	
0.98314	-0.0105121	0.182553	-0.0296725	0.975942	0.216	-0.180432	-0.217775	0.959176	-5.21656	-2.38613	76.29	
0.981948	-0.0119904	0.18877	-0.0333009	0.971442	0.23493	-0.186196	-0.236975	0.953506	-5.36933	-2.57562	77.087	
0.980719	-0.0135931	0.19495	-0.0370427	0.966562	0.253743	-0.19188	-0.256072	0.947422	-5.52687	-2.78106	77.8791	
0.979453	-0.0153196	0.201088	-0.0408962	0.961306	0.272432	-0.197481	-0.275058	0.940927	-5.68911	-3.00237	78.6659	
0.978152	-0.0171692	0.207183	-0.0448596	0.955674	0.290988	-0.202995	-0.293924	0.934024	-5.85598	-3.23946	79.4472	
0.976814	-0.019141	0.213232	-0.0489314	0.949671	0.309403	-0.208422	-0.312663	0.926716	-6.02741	-3.49221	80.2225	
0.975442	-0.0212343	0.219231	-0.0531096	0.943298	0.32767	-0.213758	-0.331267	0.919005	-6.20332	-3.76052	80.9916	
0.974035	-0.0234479	0.22518	-0.0573926	0.936559	0.345781	-0.219002	-0.349726	0.910895	-6.38365	-4.04428	81.7541	
