1	0	0	0	1	0	0	0	1	0	0	0	
1	2.20678e-07	-0.00028232	2.20678e-07	0.999999	0.00156331	0.00028232	-0.00156331	0.999999	0.000151569	-0.000839295	1.07374	
1	8.89418e-07	-0.000566774	8.8946e-07	0.999995	0.00313859	0.000566774	-0.00313859	0.999995	0.000607421	-0.0033636	2.14747	
1	2.01627e-06	-0.000853344	2.01644e-06	0.999989	0.00472574	0.000853344	-0.00472574	0.999988	0.00136984	-0.00758571	3.2212	
0.999999	3.61124e-06	-0.00114201	3.61167e-06	0.99998	0.00632465	0.00114201	-0.00632465	0.999979	0.00244108	-0.0135183	4.29492	
0.999999	5.68433e-06	-0.00143276	5.68518e-06	0.999969	0.00793525	0.00143276	-0.00793525	0.999967	0.0038234	-0.021174	5.36863	
0.999999	8.24547e-06	-0.00172558	8.24697e-06	0.999954	0.00955742	0.00172558	-0.00955742	0.999953	0.00551901	-0.0305653	6.44232	
0.999998	1.13046e-05	-0.00202043	1.1307e-05	0.999937	0.0111911	0.00202043	-0.0111911	0.999935	0.00753013	-0.0417045	7.516	
0.999997	1.48715e-05	-0.00231732	1.48751e-05	0.999918	0.0128361	0.00231732	-0.0128361	0.999915	0.00985893	-0.054604	8.58966	
0.999997	1.8956e-05	-0.00261621	1.89613e-05	0.999895	0.0144924	0.00261621	-0.0144924	0.999892	0.0125076	-0.0692758	9.66329	
0.999996	2.3568e-05	-0.00291709	2.35753e-05	0.999869	0.01616	0.00291709	-0.01616	0.999865	0.0154782	-0.0857321	10.7369	
0.999995	2.87171e-05	-0.00321995	2.87269e-05	0.999841	0.0178386	0.00321995	-0.0178386	0.999836	0.018773	-0.103985	11.8105	
0.999994	3.4413e-05	-0.00352476	3.44258e-05	0.999809	0.0195282	0.00352476	-0.0195282	0.999803	0.0223941	-0.124046	12.884	
0.999993	4.06653e-05	-0.0038315	4.06817e-05	0.999775	0.0212286	0.0038315	-0.0212286	0.999767	0.0263434	-0.145927	13.9575	
0.999991	4.74836e-05	-0.00414017	4.75042e-05	0.999737	0.0229399	0.00414017	-0.0229399	0.999728	0.0306232	-0.16964	15.031	
0.99999	5.48773e-05	-0.00445072	5.49029e-05	0.999696	0.0246618	0.00445072	-0.0246618	0.999686	0.0352353	-0.195196	16.1044	
0.999989	6.28559e-05	-0.00476316	6.28872e-05	0.999652	0.0263943	0.00476316	-0.0263943	0.99964	0.040182	-0.222606	17.1778	
0.999987	7.14288e-05	-0.00507746	7.14666e-05	0.999604	0.0281373	0.00507746	-0.0281373	0.999591	0.0454651	-0.251882	18.2511	
0.999985	8.06052e-05	-0.00539359	8.06503e-05	0.999553	0.0298907	0.00539359	-0.0298907	0.999539	0.0510867	-0.283036	19.3244	
0.999984	9.03943e-05	-0.00571155	9.04478e-05	0.999499	0.0316543	0.00571155	-0.0316543	0.999483	0.0570487	-0.316077	20.3976	
0.999982	0.000100805	-0.00603131	0.000100868	0.999441	0.0334281	0.00603131	-0.0334281	0.999423	0.0633531	-0.351018	21.4708	
0.99998	0.000111848	-0.00635286	0.000111921	0.99938	0.035212	0.00635286	-0.035212	0.99936	0.0700017	-0.387869	22.5438	
0.999978	0.00012353	-0.00667616	0.000123614	0.999315	0.0370058	0.00667616	-0.0370058	0.999293	0.0769966	-0.42664	23.6168	
0.999975	0.000135861	-0.00700121	0.000135958	0.999247	0.0388094	0.00700121	-0.0388094	0.999222	0.0843396	-0.467343	24.6898	
0.999973	0.000148849	-0.00732799	0.000148961	0.999175	0.0406228	0.00732798	-0.0406228	0.999148	0.0920325	-0.509988	25.7627	
0.999971	0.000162505	-0.00765646	0.000162631	0.999099	0.0424458	0.00765646	-0.0424458	0.999069	0.100077	-0.554585	26.8354	
0.999968	0.000176835	-0.00798663	0.000176978	0.999019	0.0442783	0.00798662	-0.0442783	0.998987	0.108475	-0.601144	27.9081	
0.999965	0.000191849	-0.00831845	0.000192011	0.998936	0.0461203	0.00831845	-0.0461203	0.998901	0.117229	-0.649676	28.9807	
0.999963	0.000207556	-0.00865193	0.000207737	0.998849	0.0479715	0.00865192	-0.0479715	0.998811	0.12634	-0.700191	30.0532	
0.99996	0.000223963	-0.00898702	0.000224165	0.998758	0.0498319	0.00898702	-0.0498319	0.998717	0.13581	-0.752699	31.1257	
0.999957	0.000241079	-0.00932372	0.000241304	0.998663	0.0517015	0.00932372	-0.0517015	0.998619	0.14564	-0.807209	32.198	
0.999953	0.000258912	-0.00966201	0.000259162	0.998564	0.0535799	0.009662	-0.0535799	0.998517	0.155833	-0.863731	33.2702	
0.99995	0.00027747	-0.0100019	0.000277747	0.99846	0.0554673	0.0100018	-0.0554673	0.99841	0.16639	-0.922275	34.3422	
0.999946	0.000296761	-0.0103432	0.000297067	0.998353	0.0573634	0.0103432	-0.0573634	0.9983	0.177313	-0.982851	35.4142	
0.999943	0.000316794	-0.0106862	0.00031713	0.998242	0.0592681	0.0106861	-0.0592681	0.998185	0.188603	-1.04547	36.4861	
0.999939	0.000337575	-0.0110306	0.000337944	0.998127	0.0611814	0.0110306	-0.0611814	0.998066	0.200262	-1.11013	37.5578	
0.999935	0.000359113	-0.0113765	0.000359516	0.998007	0.0631031	0.0113765	-0.0631031	0.997942	0.212291	-1.17686	38.6294	
0.999931	0.000381415	-0.0117238	0.000381855	0.997883	0.065033	0.0117238	-0.065033	0.997814	0.224693	-1.24565	39.7008	
0.999927	0.000404489	-0.0120726	0.000404968	0.997755	0.0669712	0.0120726	-0.0669712	0.997682	0.237469	-1.31652	40.7722	
0.999923	0.000428341	-0.0124229	0.000428861	0.997622	0.0689174	0.0124228	-0.0689174	0.997545	0.25062	-1.38947	41.8433	
0.999918	0.000452979	-0.0127745	0.000453544	0.997485	0.0708716	0.0127744	-0.0708716	0.997404	0.264147	-1.46452	42.9144	
0.999914	0.000478411	-0.0131275	0.000479022	0.997344	0.0728336	0.0131274	-0.0728336	0.997258	0.278053	-1.54167	43.9852	
0.999909	0.000504643	-0.0134818	0.000505303	0.997198	0.0748034	0.0134818	-0.0748034	0.997107	0.292339	-1.62093	45.056	
0.999904	0.000531681	-0.0138375	0.000532393	0.997048	0.0767807	0.0138375	-0.0767807	0.996952	0.307006	-1.70231	46.1265	
0.999899	0.000559534	-0.0141945	0.0005603	0.996893	0.0787656	0.0141945	-0.0787656	0.996792	0.322055	-1.78582	47.1969	
0.999894	0.000588206	-0.0145528	0.000589031	0.996734	0.0807578	0.0145528	-0.0807578	0.996628	0.337489	-1.87147	48.2671	
0.999889	0.000617706	-0.0149124	0.00061859	0.99657	0.0827573	0.0149123	-0.0827573	0.996458	0.353308	-1.95925	49.3371	
0.999883	0.000648038	-0.0152732	0.000648987	0.996401	0.084764	0.0152732	-0.084764	0.996284	0.369513	-2.04919	50.407	
0.999878	0.00067921	-0.0156352	0.000680225	0.996227	0.0867776	0.0156352	-0.0867777	0.996105	0.386107	-2.14128	51.4766	
0.999872	0.000711227	-0.0159985	0.000712312	0.996049	0.0887982	0.0159985	-0.0887982	0.995921	0.40309	-2.23554	52.5461	
0.999866	0.000744096	-0.0163629	0.000745254	0.995867	0.0908256	0.0163629	-0.0908256	0.995732	0.420464	-2.33198	53.6153	
0.99986	0.000777822	-0.0167286	0.000779056	0.995679	0.0928597	0.0167285	-0.0928597	0.995539	0.43823	-2.43059	54.6844	
0.999854	0.00081241	-0.0170953	0.000813725	0.995486	0.0949003	0.0170952	-0.0949003	0.99534	0.456388	-2.5314	55.7532	
0.999847	0.000847867	-0.0174632	0.000849265	0.995289	0.0969473	0.0174631	-0.0969473	0.995136	0.474942	-2.63439	56.8218	
0.999841	0.000884198	-0.0178322	0.000885683	0.995087	0.0990007	0.0178321	-0.0990007	0.994928	0.493891	-2.73959	57.8902	
0.999834	0.000921407	-0.0182022	0.000922984	0.99488	0.10106	0.0182021	-0.10106	0.994714	0.513236	-2.847	58.9584	
0.999827	0.000959501	-0.0185733	0.000961172	0.994668	0.103126	0.0185732	-0.103126	0.994495	0.53298	-2.95662	60.0264	
0.99982	0.000998484	-0.0189455	0.00100025	0.994451	0.105197	0.0189454	-0.105197	0.994271	0.553122	-3.06846	61.0941	
0.999813	0.00103836	-0.0193186	0.00104023	0.994229	0.107275	0.0193185	-0.107275	0.994042	0.573665	-3.18253	62.1615	
0.999805	0.00107913	-0.0196928	0.00108111	0.994002	0.109358	0.0196927	-0.109358	0.993807	0.594609	-3.29884	63.2287	
0.999798	0.00112081	-0.0200679	0.0011229	0.99377	0.111447	0.0200678	-0.111447	0.993568	0.615955	-3.41738	64.2957	
0.99979	0.0011634	-0.020444	0.0011656	0.993533	0.113541	0.0204439	-0.113541	0.993323	0.637705	-3.53817	65.3624	
0.999782	0.00120689	-0.020821	0.00120922	0.99329	0.115641	0.0208209	-0.115641	0.993073	0.659858	-3.66121	66.4288	
0.999774	0.00125131	-0.0211989	0.00125376	0.993043	0.117745	0.0211987	-0.117745	0.992818	0.682417	-3.78651	67.495	
0.999766	0.00129664	-0.0215777	0.00129922	0.992791	0.119855	0.0215775	-0.119855	0.992557	0.705383	-3.91407	68.5609	
0.999758	0.00134289	-0.0219573	0.0013456	0.992533	0.12197	0.0219572	-0.12197	0.992291	0.728755	-4.0439	69.6265	
0.99975	0.00139007	-0.0223378	0.00139292	0.99227	0.12409	0.0223376	-0.12409	0.992019	0.752536	-4.176	70.6918	
0.999768	0.00128667	-0.0215057	0.00135761	0.992469	0.122492	0.0215013	-0.122492	0.992237	0.776071	-4.30838	71.7571	
0.999912	0.000373222	-0.0132398	0.000914582	0.995271	0.0971284	0.0132134	-0.097132	0.995184	0.79471	-4.4263	72.8241	
0.999988	-0.000328977	-0.00495233	0.000683216	0.997426	0.0716991	0.00491599	-0.0717016	0.997414	0.804443	-4.51694	73.894	
0.999994	-0.000819425	0.00335068	0.000663678	0.998931	0.0462221	-0.00338497	-0.0462196	0.998926	0.805265	-4.58026	74.9658	
0.999931	-0.00109777	0.0116633	0.00085598	0.999785	0.0207156	-0.0116835	-0.0207042	0.999717	0.797175	-4.61619	76.0389	
0.9998	-0.00116381	0.0199794	0.00125998	0.999988	-0.00480189	-0.0199736	0.0048261	0.999789	0.780178	-4.62471	77.1124	
0.999599	-0.00101749	0.0282932	0.0018754	0.999539	-0.030312	-0.0282493	0.0303529	0.99914	0.754288	-4.60582	78.1856	
0.99933	-0.000658933	0.0365986	0.00270178	0.998439	-0.0557964	-0.0365047	0.0558579	0.997771	0.719521	-4.55954	79.2578	
0.998992	-8.83841e-05	0.0448896	0.00373854	0.996688	-0.0812366	-0.0447337	0.0813226	0.995683	0.675904	-4.48589	80.3281	
0.998586	0.000693743	0.0531603	0.00498492	0.994288	-0.106614	-0.0529306	0.106729	0.992878	0.623468	-4.38492	81.3957	
0.998112	0.00168688	0.0614046	0.00644003	0.991241	-0.131912	-0.0610893	0.132058	0.989358	0.562251	-4.25672	82.46	
0.99757	0.00289032	0.0696167	0.00810282	0.987548	-0.15711	-0.0692039	0.157292	0.985124	0.492296	-4.10136	83.5201	
0.99696	0.00430319	0.0777907	0.00997209	0.983213	-0.182191	-0.0772688	0.182413	0.980181	0.413655	-3.91898	84.5753	
0.996284	0.00592448	0.0859205	0.0120465	0.978238	-0.207136	-0.0852779	0.207402	0.974532	0.326383	-3.70968	85.6248	
0.995542	0.007753	0.0940005	0.0143245	0.972627	-0.231929	-0.0932256	0.232242	0.96818	0.230545	-3.47364	86.6678	
0.994734	0.00978746	0.102025	0.0168046	0.966385	-0.256551	-0.101106	0.256914	0.961131	0.126208	-3.21101	87.7036	
0.99386	0.0120264	0.109987	0.0194848	0.959515	-0.280984	-0.108914	0.281402	0.953389	0.0134479	-2.92199	88.7316	
0.992922	0.0144681	0.117883	0.0223634	0.952022	-0.30521	-0.116643	0.305686	0.94496	-0.107654	-2.60678	89.7508	
0.99192	0.017111	0.125705	0.0254381	0.943913	-0.329213	-0.124288	0.329751	0.935851	-0.23701	-2.26561	90.7606	
0.990855	0.019953	0.133449	0.0287068	0.935192	-0.352975	-0.131844	0.353577	0.926067	-0.374527	-1.89873	91.7603	
0.989727	0.0229922	0.141109	0.0321672	0.925867	-0.376478	-0.139304	0.377149	0.915616	-0.520107	-1.50641	92.7491	
0.988538	0.0262263	0.148679	0.0358167	0.915943	-0.399706	-0.146665	0.40045	0.904505	-0.673644	-1.08891	93.7263	
0.987287	0.0296531	0.156154	0.0396527	0.905429	-0.422642	-0.153919	0.423461	0.892743	-0.835027	-0.646554	94.6912	
0.985977	0.03327	0.163529	0.0436725	0.894331	-0.44527	-0.161063	0.446168	0.880337	-1.00414	-0.179649	95.6432	
0.984608	0.0370744	0.170797	0.0478731	0.882657	-0.467573	-0.16809	0.468553	0.867297	-1.18086	0.311466	96.5815	
0.983182	0.0410636	0.177955	0.0522515	0.870416	-0.489536	-0.174997	0.490601	0.853632	-1.36507	0.826436	97.5055	
0.981698	0.0452348	0.184996	0.0568046	0.857618	-0.511141	-0.181777	0.512295	0.839352	-1.55662	1.36489	98.4144	
0.980158	0.0495849	0.191916	0.0615291	0.84427	-0.532375	-0.188427	0.53362	0.824467	-1.75538	1.92644	99.3077	
0.978563	0.0541107	0.19871	0.0664216	0.830382	-0.553221	-0.19494	0.55456	0.808988	-1.96121	2.51069	100.185	
0.976915	0.0588091	0.205372	0.0714786	0.815966	-0.573664	-0.201314	0.575101	0.792926	-2.17396	3.11721	101.045	
0.975215	0.0636767	0.211899	0.0766963	0.80103	-0.59369	-0.207542	0.595228	0.776293	-2.39348	3.74556	101.887	
0.973463	0.0687098	0.218285	0.0820712	0.785586	-0.613285	-0.21362	0.614925	0.7591	-2.6196	4.39529	102.712	
0.971662	0.073905	0.224525	0.0875992	0.769645	-0.632434	-0.219545	0.63418	0.741361	-2.85217	5.06593	103.517	
