1	0	0	0	1	0	0	0	1	0	0	0	
0.999998	3.48181e-06	0.00205488	3.48181e-06	0.999994	-0.00338881	-0.00205488	0.00338881	0.999992	-0.000758126	0.00125027	0.737877	
0.999992	1.39421e-05	0.0041128	1.39303e-05	0.999977	-0.00677691	-0.0041128	0.00677691	0.999969	-0.00303363	0.00500081	1.47574	
0.999981	3.14002e-05	0.00617372	3.13531e-05	0.999948	-0.0101642	-0.00617372	0.0101642	0.999929	-0.00682873	0.0112511	2.21358	
0.999966	5.58752e-05	0.00823762	5.57572e-05	0.999908	-0.0135507	-0.00823762	0.0135507	0.999874	-0.0121457	0.0200004	2.95139	
0.999947	8.73857e-05	0.0103044	8.71497e-05	0.999857	-0.0169362	-0.0103044	0.0169362	0.999803	-0.0189866	0.0312483	3.68915	
0.999923	0.00012595	0.0123741	0.000125537	0.999794	-0.0203208	-0.0123741	0.0203208	0.999717	-0.0273536	0.0449939	4.42686	
0.999896	0.000171588	0.0144467	0.000170927	0.999719	-0.0237043	-0.0144467	0.0237043	0.999615	-0.0372489	0.0612365	5.16449	
0.999863	0.000224316	0.0165221	0.000223324	0.999633	-0.0270867	-0.0165221	0.0270867	0.999497	-0.0486745	0.0799753	5.90204	
0.999827	0.000284153	0.0186002	0.000282736	0.999536	-0.0304679	-0.0186002	0.0304678	0.999363	-0.0616325	0.101209	6.6395	
0.999786	0.000351116	0.020681	0.000349167	0.999427	-0.0338478	-0.0206811	0.0338478	0.999213	-0.0761249	0.124938	7.37685	
0.999741	0.000425223	0.0227646	0.000422624	0.999307	-0.0372264	-0.0227646	0.0372264	0.999048	-0.0921538	0.15116	8.11409	
0.999691	0.000506492	0.0248507	0.000503113	0.999175	-0.0406037	-0.0248508	0.0406036	0.998866	-0.109721	0.179875	8.8512	
0.999637	0.000594939	0.0269395	0.000590637	0.999032	-0.0439794	-0.0269396	0.0439794	0.998669	-0.128829	0.211081	9.58817	
0.999578	0.000690581	0.0290309	0.000685203	0.998878	-0.0473537	-0.029031	0.0473536	0.998456	-0.149478	0.244777	10.325	
0.999515	0.000793435	0.0311248	0.000786814	0.998712	-0.0507264	-0.0311249	0.0507263	0.998227	-0.171672	0.280963	11.0616	
0.999448	0.000903517	0.0332211	0.000895476	0.998535	-0.0540974	-0.0332213	0.0540973	0.997983	-0.195412	0.319636	11.7981	
0.999376	0.00102084	0.0353199	0.00101119	0.998347	-0.0574667	-0.0353202	0.0574665	0.997722	-0.2207	0.360797	12.5344	
0.999299	0.00114543	0.0374211	0.00113397	0.998147	-0.0608342	-0.0374214	0.060834	0.997446	-0.247537	0.404442	13.2705	
0.999218	0.00127729	0.0395246	0.00126381	0.997936	-0.0641999	-0.0395251	0.0641996	0.997154	-0.275926	0.450572	14.0064	
0.999132	0.00141645	0.0416305	0.00140071	0.997714	-0.0675636	-0.041631	0.0675633	0.996846	-0.305867	0.499185	14.7421	
0.999042	0.00156291	0.0437386	0.00154469	0.99748	-0.0709254	-0.0437393	0.070925	0.996522	-0.337364	0.550279	15.4775	
0.998947	0.00171669	0.045849	0.00169574	0.997236	-0.0742851	-0.0458497	0.0742846	0.996183	-0.370417	0.603852	16.2127	
0.998847	0.00187781	0.0479615	0.00185386	0.99698	-0.0776427	-0.0479624	0.0776421	0.995827	-0.405028	0.659904	16.9476	
0.998743	0.00204628	0.0500762	0.00201906	0.996712	-0.0809981	-0.0500773	0.0809974	0.995456	-0.441199	0.718433	17.6823	
0.998635	0.00222212	0.052193	0.00219135	0.996434	-0.0843513	-0.0521943	0.0843505	0.995068	-0.478931	0.779436	18.4167	
0.998521	0.00240534	0.0543119	0.00237071	0.996144	-0.0877022	-0.0543134	0.0877012	0.994665	-0.518226	0.842913	19.1508	
0.998403	0.00259595	0.0564327	0.00255717	0.995843	-0.0910507	-0.0564345	0.0910496	0.994246	-0.559085	0.908861	19.8846	
0.99828	0.00279397	0.0585556	0.00275071	0.995531	-0.0943967	-0.0585576	0.0943955	0.993811	-0.60151	0.977279	20.618	
0.998153	0.00299941	0.0606804	0.00295134	0.995208	-0.0977403	-0.0606827	0.0977388	0.99336	-0.645503	1.04817	21.3512	
0.998021	0.00321228	0.0628071	0.00315906	0.994873	-0.101081	-0.0628098	0.10108	0.992894	-0.691064	1.12152	22.084	
0.997884	0.0034326	0.0649356	0.00337387	0.994528	-0.10442	-0.0649387	0.104418	0.992411	-0.738196	1.19733	22.8164	
0.997742	0.00366038	0.0670659	0.00359578	0.994171	-0.107755	-0.0670694	0.107753	0.991913	-0.786899	1.27561	23.5485	
0.997595	0.00389564	0.069198	0.00382478	0.993803	-0.111088	-0.0692019	0.111086	0.991399	-0.837175	1.35635	24.2803	
0.997444	0.00413838	0.0713318	0.00406087	0.993424	-0.114418	-0.0713362	0.114415	0.990868	-0.889025	1.43955	25.0116	
0.997288	0.00438862	0.0734673	0.00430406	0.993034	-0.117745	-0.0734723	0.117742	0.990322	-0.94245	1.5252	25.7425	
0.997127	0.00464636	0.0756044	0.00455434	0.992634	-0.12107	-0.07561	0.121066	0.989761	-0.997453	1.6133	26.4731	
0.996961	0.00491163	0.0777431	0.00481172	0.992222	-0.124391	-0.0777493	0.124387	0.989183	-1.05403	1.70386	27.2032	
0.996791	0.00518443	0.0798833	0.0050762	0.991799	-0.127709	-0.0798902	0.127705	0.988589	-1.11219	1.79687	27.9329	
0.996615	0.00546477	0.082025	0.00534777	0.991365	-0.131024	-0.0820327	0.131019	0.98798	-1.17193	1.89232	28.6621	
0.996435	0.00575267	0.0841682	0.00562643	0.99092	-0.134336	-0.0841767	0.13433	0.987355	-1.23325	1.99022	29.3909	
0.99625	0.00604813	0.0863128	0.00591218	0.990464	-0.137644	-0.0863222	0.137638	0.986714	-1.29616	2.09056	30.1192	
0.99606	0.00635117	0.0884588	0.00620503	0.989997	-0.140949	-0.0884691	0.140943	0.986057	-1.36065	2.19334	30.847	
0.995865	0.00666179	0.090606	0.00650497	0.98952	-0.144251	-0.0906174	0.144244	0.985384	-1.42672	2.29856	31.5744	
0.995665	0.00698001	0.0927546	0.00681199	0.989031	-0.14755	-0.0927671	0.147542	0.984696	-1.49438	2.40621	32.3012	
0.99546	0.00730584	0.0949044	0.0071261	0.988532	-0.150844	-0.094918	0.150836	0.983991	-1.56362	2.51629	33.0275	
0.99525	0.00763928	0.0970554	0.0074473	0.988022	-0.154136	-0.0970703	0.154126	0.983271	-1.63445	2.6288	33.7533	
0.995035	0.00798034	0.0992075	0.00777558	0.987501	-0.157423	-0.0992237	0.157413	0.982535	-1.70687	2.74374	34.4786	
0.994815	0.00832904	0.101361	0.00811094	0.986969	-0.160707	-0.101378	0.160696	0.981784	-1.78088	2.86111	35.2033	
0.99459	0.00868538	0.103515	0.00845338	0.986426	-0.163987	-0.103534	0.163975	0.981016	-1.85648	2.98089	35.9275	
0.99436	0.00904938	0.10567	0.00880289	0.985873	-0.167264	-0.105691	0.16725	0.980233	-1.93367	3.10309	36.6511	
0.994125	0.00942103	0.107826	0.00915948	0.985309	-0.170536	-0.107849	0.170522	0.979434	-2.01246	3.22771	37.3741	
0.993656	0.0101524	0.112007	0.00933335	0.985038	-0.172084	-0.112078	0.172038	0.978694	-2.0936	3.35409	38.0965	
0.993167	0.010892	0.116194	0.00951478	0.984764	-0.173638	-0.116315	0.173557	0.977931	-2.17786	3.4816	38.8184	
0.992659	0.0116398	0.120388	0.00970382	0.984485	-0.175199	-0.120559	0.175081	0.977145	-2.26525	3.61023	39.5397	
0.992131	0.0123958	0.124587	0.00990053	0.984203	-0.176765	-0.12481	0.176607	0.976336	-2.35578	3.73998	40.2604	
0.991584	0.01316	0.128792	0.010105	0.983918	-0.178336	-0.129067	0.178137	0.975504	-2.44945	3.87086	40.9805	
0.991018	0.0139324	0.133002	0.0103172	0.983628	-0.179913	-0.133331	0.17967	0.97465	-2.54626	4.00287	41.7	
0.990432	0.014713	0.137216	0.0105372	0.983335	-0.181496	-0.1376	0.181205	0.973772	-2.64621	4.13601	42.4188	
0.989826	0.0155019	0.141436	0.0107651	0.983039	-0.183083	-0.141875	0.182743	0.97287	-2.74932	4.27028	43.137	
0.989201	0.0162989	0.145659	0.0110009	0.982738	-0.184675	-0.146154	0.184283	0.971946	-2.85559	4.40569	43.8546	
0.988555	0.017104	0.149886	0.0112446	0.982434	-0.186272	-0.150439	0.185826	0.970998	-2.96501	4.54224	44.5714	
0.98789	0.0179174	0.154116	0.0114963	0.982126	-0.187873	-0.154727	0.18737	0.970027	-3.0776	4.67993	45.2875	
0.987205	0.0187388	0.158349	0.0117561	0.981814	-0.189479	-0.15902	0.188916	0.969032	-3.19335	4.81875	46.0029	
0.9865	0.0195684	0.162585	0.0120239	0.981499	-0.191088	-0.163316	0.190463	0.968014	-3.31228	4.95872	46.7176	
0.985776	0.0204062	0.166823	0.0122998	0.98118	-0.192701	-0.167616	0.192012	0.966973	-3.43437	5.09983	47.4314	
0.985031	0.021252	0.171063	0.0125838	0.980858	-0.194318	-0.171918	0.193562	0.965908	-3.55964	5.24209	48.1446	
0.984266	0.0221059	0.175305	0.012876	0.980532	-0.195938	-0.176223	0.195113	0.964819	-3.68808	5.38548	48.8569	
0.983481	0.0229678	0.179548	0.0131763	0.980202	-0.197562	-0.18053	0.196664	0.963707	-3.8197	5.53003	49.5684	
0.982676	0.0238377	0.183791	0.0134848	0.979869	-0.199188	-0.18484	0.198216	0.962572	-3.9545	5.67571	50.2791	
0.981851	0.0247157	0.188036	0.0138014	0.979532	-0.200817	-0.18915	0.199768	0.961413	-4.09248	5.82254	50.9889	
0.981006	0.0256016	0.19228	0.0141263	0.979191	-0.202449	-0.193462	0.20132	0.960231	-4.23364	5.97052	51.6979	
0.980141	0.0264955	0.196525	0.0144594	0.978847	-0.204083	-0.197775	0.202871	0.959025	-4.37799	6.11964	52.406	
0.979256	0.0273973	0.200769	0.0148007	0.978499	-0.205719	-0.202088	0.204423	0.957795	-4.52551	6.26991	53.1132	
0.97835	0.0283069	0.205012	0.0151502	0.978148	-0.207357	-0.206402	0.205973	0.956542	-4.67622	6.42132	53.8194	
0.977425	0.0292244	0.209254	0.0155079	0.977793	-0.208996	-0.210715	0.207523	0.955266	-4.83011	6.57388	54.5248	
0.976479	0.0301497	0.213495	0.0158739	0.977435	-0.210637	-0.215028	0.209072	0.953966	-4.98718	6.72758	55.2292	
0.975513	0.0310828	0.217733	0.0162481	0.977074	-0.21228	-0.21934	0.210619	0.952643	-5.14744	6.88242	55.9326	
0.974527	0.0320236	0.22197	0.0166304	0.976709	-0.213923	-0.223651	0.212165	0.951297	-5.31088	7.0384	56.635	
0.973522	0.0329721	0.226205	0.017021	0.976341	-0.215567	-0.22796	0.21371	0.949927	-5.47749	7.19552	57.3365	
0.972496	0.0339283	0.230436	0.0174197	0.975969	-0.217212	-0.232268	0.215252	0.948535	-5.64729	7.35378	58.0369	
0.97145	0.034892	0.234665	0.0178266	0.975594	-0.218857	-0.236574	0.216792	0.947119	-5.82027	7.51318	58.7363	
0.970384	0.0358633	0.23889	0.0182416	0.975216	-0.220503	-0.240877	0.21833	0.94568	-5.99642	7.67372	59.4346	
0.969298	0.0368421	0.243111	0.0186647	0.974834	-0.222148	-0.245178	0.219865	0.944218	-6.17574	7.83538	60.1319	
0.968193	0.0378283	0.247329	0.0190959	0.97445	-0.223793	-0.249475	0.221397	0.942733	-6.35824	7.99818	60.828	
0.967068	0.038822	0.251542	0.0195352	0.974062	-0.225437	-0.253769	0.222927	0.941225	-6.54391	8.16211	61.5231	
0.965922	0.039823	0.25575	0.0199825	0.973671	-0.227081	-0.25806	0.224453	0.939695	-6.73274	8.32717	62.2171	
0.964757	0.0408313	0.259954	0.0204378	0.973277	-0.228724	-0.262346	0.225976	0.938142	-6.92474	8.49335	62.9099	
0.963573	0.0418468	0.264152	0.020901	0.97288	-0.230365	-0.266628	0.227495	0.936566	-7.1199	8.66065	63.6015	
0.962369	0.0428695	0.268345	0.0213721	0.97248	-0.232006	-0.270906	0.22901	0.934968	-7.31822	8.82908	64.292	
0.961145	0.0438993	0.272532	0.0218511	0.972077	-0.233644	-0.275179	0.230521	0.933347	-7.51969	8.99862	64.9813	
0.959902	0.0449361	0.276713	0.0223378	0.971671	-0.235281	-0.279446	0.232028	0.931704	-7.72431	9.16927	65.6694	
0.958639	0.04598	0.280887	0.0228324	0.971262	-0.236916	-0.283708	0.23353	0.930039	-7.93208	9.34103	66.3563	
0.957357	0.0470307	0.285054	0.0233346	0.97085	-0.238549	-0.287964	0.235028	0.928353	-8.143	9.5139	67.0419	
0.956056	0.0480883	0.289215	0.0238445	0.970436	-0.240179	-0.292214	0.236521	0.926644	-8.35705	9.68787	67.7263	
0.954735	0.0491527	0.293368	0.024362	0.970019	-0.241807	-0.296458	0.238008	0.924913	-8.57423	9.86295	68.4094	
0.953396	0.0502238	0.297513	0.024887	0.969599	-0.243431	-0.300695	0.239491	0.923161	-8.79454	10.0391	69.0912	
0.952037	0.0513015	0.301651	0.0254194	0.969176	-0.245053	-0.304925	0.240967	0.921388	-9.01798	10.2164	69.7718	
0.947315	0.0548626	0.315571	0.0221218	0.971663	-0.235333	-0.31954	0.229916	0.919257	-9.24838	10.3901	70.4509	
0.942372	0.058256	0.329456	0.0186705	0.974032	-0.225638	-0.334046	0.218786	0.916813	-9.48952	10.5557	71.1283	
