1	0	0	0	1	0	0	0	1	0	0	0	
0.999982	-4.55762e-06	0.00591775	-4.55762e-06	0.999999	0.00154031	-0.00591775	-0.00154031	0.999981	-0.00318752	-0.000829669	1.07727	
0.99993	-1.82329e-05	0.0118352	-1.82384e-05	0.999995	0.00308148	-0.0118352	-0.00308148	0.999925	-0.01275	-0.00331914	2.15449	
0.999842	-4.10307e-05	0.0177522	-4.10526e-05	0.999989	0.00462344	-0.0177522	-0.00462344	0.999832	-0.0286869	-0.0074693	3.23164	
0.99972	-7.29553e-05	0.0236685	-7.30101e-05	0.999981	0.00616615	-0.0236685	-0.00616615	0.999701	-0.0509977	-0.013281	4.30866	
0.999562	-0.000114011	0.0295839	-0.000114121	0.99997	0.00770954	-0.0295839	-0.00770954	0.999533	-0.0796814	-0.020755	5.38552	
0.99937	-0.000164201	0.035498	-0.000164393	0.999957	0.00925356	-0.035498	-0.00925356	0.999327	-0.114737	-0.0298919	6.46219	
0.999142	-0.000223529	0.0414108	-0.000223836	0.999942	0.0107981	-0.0414108	-0.0107981	0.999084	-0.156163	-0.0406926	7.53861	
0.99888	-0.000291998	0.047322	-0.000292459	0.999924	0.0123432	-0.047322	-0.0123432	0.998803	-0.203958	-0.0531574	8.61474	
0.998582	-0.00036961	0.0532314	-0.000370269	0.999903	0.0138888	-0.0532314	-0.0138888	0.998486	-0.25812	-0.0672869	9.69056	
0.99825	-0.000456369	0.0591387	-0.000457274	0.999881	0.0154347	-0.0591387	-0.0154347	0.99813	-0.318647	-0.0830817	10.766	
0.997882	-0.000552275	0.0650437	-0.000553481	0.999856	0.0169809	-0.0650437	-0.016981	0.997738	-0.385536	-0.100542	11.8411	
0.99748	-0.00065733	0.0709463	-0.000658898	0.999828	0.0185275	-0.0709463	-0.0185275	0.997308	-0.458785	-0.119668	12.9157	
0.997043	-0.000771535	0.0768461	-0.000773531	0.999798	0.0200742	-0.0768461	-0.0200743	0.996841	-0.538392	-0.140461	13.9898	
0.996571	-0.000894892	0.0827429	-0.000897387	0.999766	0.0216211	-0.0827429	-0.0216212	0.996336	-0.624353	-0.162919	15.0634	
0.996063	-0.0010274	0.0886366	-0.00103047	0.999731	0.0231681	-0.0886366	-0.0231682	0.995795	-0.716664	-0.187045	16.1364	
0.995522	-0.00116906	0.0945269	-0.00117279	0.999694	0.0247151	-0.0945269	-0.0247152	0.995215	-0.815323	-0.212837	17.2089	
0.994945	-0.00131987	0.100414	-0.00132434	0.999654	0.0262621	-0.100414	-0.0262623	0.994599	-0.920325	-0.240295	18.2807	
0.994333	-0.00147984	0.106296	-0.00148514	0.999612	0.0278089	-0.106296	-0.0278092	0.993946	-1.03167	-0.26942	19.3518	
0.993687	-0.00164895	0.112175	-0.00165519	0.999568	0.0293557	-0.112175	-0.029356	0.993255	-1.14934	-0.300211	20.4221	
0.993006	-0.00182721	0.11805	-0.00183449	0.999521	0.0309022	-0.11805	-0.0309027	0.992527	-1.27335	-0.332669	21.4918	
0.99229	-0.00201462	0.12392	-0.00202305	0.999471	0.0324485	-0.123919	-0.032449	0.991762	-1.40369	-0.366793	22.5606	
0.99154	-0.00221117	0.129785	-0.00222087	0.99942	0.0339945	-0.129785	-0.0339951	0.990959	-1.54034	-0.402582	23.6285	
0.990755	-0.00241687	0.135645	-0.00242795	0.999365	0.03554	-0.135645	-0.0355408	0.99012	-1.68331	-0.440037	24.6956	
0.989935	-0.00263171	0.1415	-0.00264429	0.999309	0.0370852	-0.1415	-0.0370861	0.989243	-1.83259	-0.479156	25.7618	
0.98908	-0.00285568	0.14735	-0.0028699	0.999249	0.0386298	-0.14735	-0.0386308	0.98833	-1.98818	-0.51994	26.827	
0.988191	-0.00308878	0.153194	-0.00310478	0.999188	0.0401738	-0.153194	-0.0401751	0.987379	-2.15006	-0.562388	27.8912	
0.987268	-0.00333102	0.159032	-0.00334893	0.999124	0.0417173	-0.159032	-0.0417187	0.986392	-2.31824	-0.606499	28.9543	
0.98631	-0.00358238	0.164865	-0.00360235	0.999057	0.04326	-0.164864	-0.0432617	0.985367	-2.4927	-0.652273	30.0164	
0.985317	-0.00384286	0.170691	-0.00386505	0.998988	0.044802	-0.17069	-0.0448039	0.984306	-2.67344	-0.699708	31.0773	
0.98429	-0.00411246	0.17651	-0.00413702	0.998917	0.0463432	-0.176509	-0.0463454	0.983207	-2.86046	-0.748805	32.1371	
0.983229	-0.00439117	0.182323	-0.00441826	0.998843	0.0478835	-0.182322	-0.047886	0.982072	-3.05374	-0.799561	33.1957	
0.982133	-0.00467899	0.188128	-0.00470877	0.998767	0.0494229	-0.188128	-0.0494257	0.9809	-3.25328	-0.851977	34.253	
0.981003	-0.0049759	0.193927	-0.00500855	0.998688	0.0509613	-0.193926	-0.0509645	0.979691	-3.45907	-0.906051	35.3091	
0.979839	-0.00528191	0.199718	-0.00531761	0.998607	0.0524987	-0.199717	-0.0525023	0.978446	-3.6711	-0.961782	36.3638	
0.978641	-0.005597	0.205502	-0.00563593	0.998523	0.0540349	-0.205501	-0.054039	0.977164	-3.88936	-1.01917	37.4172	
0.977408	-0.00592117	0.211278	-0.00596353	0.998437	0.05557	-0.211277	-0.0555745	0.975845	-4.11386	-1.07821	38.4691	
0.976141	-0.00625442	0.217046	-0.00630038	0.998348	0.0571039	-0.217044	-0.0571089	0.97449	-4.34457	-1.13891	39.5196	
0.974841	-0.00659673	0.222805	-0.0066465	0.998257	0.0586364	-0.222804	-0.0586421	0.973098	-4.58148	-1.20125	40.5687	
0.973506	-0.00694809	0.228556	-0.00700188	0.998164	0.0601677	-0.228555	-0.0601739	0.97167	-4.8246	-1.26525	41.6162	
0.972137	-0.00730851	0.234299	-0.00736652	0.998068	0.0616975	-0.234297	-0.0617044	0.970205	-5.07391	-1.3309	42.6622	
0.970735	-0.00767796	0.240032	-0.00774041	0.997969	0.0632258	-0.24003	-0.0632334	0.968704	-5.3294	-1.3982	43.7066	
0.969298	-0.00805644	0.245757	-0.00812355	0.997868	0.0647526	-0.245755	-0.064761	0.967166	-5.59107	-1.46714	44.7493	
0.967828	-0.00844395	0.251472	-0.00851593	0.997765	0.0662779	-0.25147	-0.0662871	0.965593	-5.85889	-1.53773	45.7903	
0.966324	-0.00884046	0.257177	-0.00891755	0.997659	0.0678014	-0.257175	-0.0678115	0.963983	-6.13286	-1.60996	46.8297	
0.964786	-0.00924598	0.262873	-0.0093284	0.997551	0.0693233	-0.26287	-0.0693343	0.962337	-6.41298	-1.68383	47.8673	
0.963215	-0.00966049	0.268559	-0.00974849	0.99744	0.0708434	-0.268556	-0.0708554	0.960655	-6.69923	-1.75934	48.9031	
0.96161	-0.010084	0.274235	-0.0101778	0.997327	0.0723617	-0.274231	-0.0723748	0.958936	-6.99159	-1.83649	49.937	
0.959972	-0.0105164	0.2799	-0.0106163	0.997211	0.073878	-0.279896	-0.0738923	0.957182	-7.29007	-1.91528	50.9691	
0.9583	-0.0109578	0.285555	-0.011064	0.997093	0.0753924	-0.28555	-0.0754079	0.955392	-7.59464	-1.9957	51.9993	
0.956595	-0.0114082	0.291198	-0.011521	0.996972	0.0769048	-0.291194	-0.0769217	0.953567	-7.90529	-2.07775	53.0276	
0.954856	-0.0118675	0.296831	-0.0119871	0.996849	0.0784152	-0.296826	-0.0784334	0.951705	-8.22202	-2.16143	54.0538	
0.953085	-0.0123357	0.302453	-0.0124624	0.996723	0.0799234	-0.302447	-0.079943	0.949808	-8.54482	-2.24673	55.078	
0.95128	-0.0128128	0.308063	-0.0129469	0.996595	0.0814294	-0.308057	-0.0814506	0.947875	-8.87366	-2.33367	56.1002	
0.949442	-0.0132988	0.313661	-0.0134406	0.996464	0.0829331	-0.313655	-0.082956	0.945906	-9.20854	-2.42222	57.1203	
0.947571	-0.0137937	0.319247	-0.0139434	0.996331	0.0844346	-0.319241	-0.0844591	0.943902	-9.54944	-2.5124	58.1382	
0.945667	-0.0142975	0.324822	-0.0144554	0.996196	0.0859336	-0.324815	-0.08596	0.941863	-9.89635	-2.60419	59.1539	
0.94373	-0.0148101	0.330384	-0.0149765	0.996058	0.0874302	-0.330376	-0.0874586	0.939789	-10.2493	-2.6976	60.1675	
0.941761	-0.0153316	0.335933	-0.0155068	0.995918	0.0889244	-0.335925	-0.0889548	0.937679	-10.6082	-2.79263	61.1787	
0.939759	-0.0158618	0.34147	-0.0160462	0.995775	0.0904159	-0.341462	-0.0904485	0.935534	-10.973	-2.88926	62.1877	
0.937724	-0.0164009	0.346994	-0.0165947	0.99563	0.0919049	-0.346985	-0.0919397	0.933353	-11.3438	-2.9875	63.1944	
0.935657	-0.0169488	0.352505	-0.0171523	0.995482	0.0933912	-0.352495	-0.0934283	0.931138	-11.7206	-3.08735	64.1987	
0.933557	-0.0175055	0.358002	-0.0177189	0.995332	0.0948747	-0.357992	-0.0949144	0.928888	-12.1033	-3.18879	65.2005	
0.931424	-0.0180709	0.363486	-0.0182947	0.995179	0.0963555	-0.363475	-0.0963977	0.926603	-12.4919	-3.29184	66.2	
0.92926	-0.018645	0.368956	-0.0188795	0.995024	0.0978334	-0.368944	-0.0978784	0.924284	-12.8864	-3.39649	67.1969	
0.927063	-0.0192279	0.374412	-0.0194734	0.994866	0.0993084	-0.374399	-0.0993562	0.921929	-13.2868	-3.50273	68.1914	
0.924834	-0.0198195	0.379854	-0.0200763	0.994706	0.10078	-0.379841	-0.100831	0.91954	-13.6931	-3.61055	69.1833	
0.934708	-0.0170799	0.355006	-0.0206975	0.994534	0.102344	-0.354814	-0.103009	0.929245	-14.0888	-3.72036	70.1791	
0.943906	-0.0142827	0.329906	-0.0212762	0.994358	0.103923	-0.329529	-0.105113	0.938276	-14.4575	-3.83247	71.1851	
0.95242	-0.01143	0.304573	-0.0218119	0.994178	0.105517	-0.304006	-0.10714	0.946626	-14.7987	-3.9468	72.2005	
0.960246	-0.00852384	0.279024	-0.0223043	0.993995	0.107124	-0.278262	-0.109089	0.95429	-15.1124	-4.06327	73.2244	
0.967377	-0.00556636	0.253279	-0.0227529	0.993809	0.108744	-0.252316	-0.110959	0.961262	-15.3982	-4.18181	74.2563	
0.973808	-0.00255969	0.227356	-0.0231575	0.99362	0.110375	-0.226188	-0.112749	0.967536	-15.6559	-4.30231	75.2953	
0.979535	0.000493986	0.201273	-0.0235178	0.993428	0.112016	-0.199895	-0.114457	0.973109	-15.8854	-4.4247	76.3406	
0.984553	0.00359246	0.17505	-0.0238335	0.993233	0.113666	-0.173457	-0.116082	0.977976	-16.0866	-4.54888	77.3916	
0.988859	0.00673348	0.148706	-0.0241044	0.993036	0.115323	-0.146894	-0.117623	0.982134	-16.2591	-4.67477	78.4475	
0.992449	0.00991478	0.12226	-0.0243303	0.992835	0.116987	-0.120224	-0.119078	0.985579	-16.403	-4.80228	79.5074	
0.995321	0.013134	0.0957304	-0.024511	0.992633	0.118656	-0.0934667	-0.120447	0.98831	-16.5181	-4.9313	80.5707	
0.997473	0.0163889	0.0691373	-0.0246463	0.992428	0.120329	-0.0666417	-0.121729	0.990324	-16.6044	-5.06175	81.6365	
0.998903	0.0196771	0.0424997	-0.0247363	0.992221	0.122005	-0.0397684	-0.122922	0.991619	-16.6617	-5.19354	82.7041	
0.99961	0.0229961	0.0158369	-0.0247808	0.992012	0.123682	-0.0128662	-0.124027	0.992195	-16.69	-5.32656	83.7727	
0.999594	0.0263436	-0.0108317	-0.0247798	0.991802	0.12536	0.0140453	-0.125041	0.992052	-16.6894	-5.46073	84.8416	
0.998855	0.0297172	-0.0374867	-0.0247333	0.99159	0.127037	0.0409466	-0.125965	0.991189	-16.6598	-5.59594	85.9099	
0.997393	0.0331143	-0.0641089	-0.0246414	0.991376	0.128712	0.0678182	-0.126797	0.989608	-16.6012	-5.73209	86.9769	
0.99521	0.0365326	-0.090679	-0.024504	0.991161	0.130384	0.0946407	-0.127537	0.987308	-16.5137	-5.8691	88.0418	
0.992306	0.0399695	-0.117178	-0.0243213	0.990945	0.132051	0.121394	-0.128185	0.984293	-16.3973	-6.00684	89.1038	
0.988685	0.0434227	-0.143586	-0.0240935	0.990727	0.133712	0.14806	-0.12874	0.980563	-16.2522	-6.14524	90.1622	
0.984348	0.0468894	-0.169884	-0.0238206	0.990509	0.135367	0.174619	-0.129201	0.976123	-16.0783	-6.28419	91.2162	
0.979299	0.0503673	-0.196053	-0.023503	0.99029	0.137013	0.20105	-0.129569	0.970974	-15.876	-6.42358	92.2651	
0.973541	0.0538539	-0.222074	-0.0231407	0.990071	0.138651	0.227336	-0.129843	0.965121	-15.6452	-6.56332	93.308	
0.967079	0.0573465	-0.247929	-0.0227342	0.989851	0.140277	0.253457	-0.130023	0.958568	-15.3862	-6.7033	94.3442	
0.959918	0.0608427	-0.273598	-0.0222836	0.989631	0.141892	0.279394	-0.130108	0.95132	-15.0992	-6.84342	95.373	
0.952062	0.0643399	-0.299063	-0.0217893	0.989411	0.143494	0.305129	-0.130099	0.943382	-14.7843	-6.98359	96.3937	
0.943517	0.0678357	-0.324306	-0.0212517	0.989191	0.145082	0.330642	-0.129996	0.93476	-14.4419	-7.12369	97.4053	
0.934289	0.0713273	-0.349307	-0.0206712	0.988972	0.146655	0.355916	-0.129798	0.92546	-14.072	-7.26364	98.4074	
0.924386	0.0748124	-0.37405	-0.0200481	0.988752	0.148212	0.380931	-0.129506	0.915489	-13.6751	-7.40331	99.3991	
0.913814	0.0782884	-0.398516	-0.019383	0.988534	0.149751	0.40567	-0.12912	0.904853	-13.2514	-7.54263	100.38	
0.902581	0.0817527	-0.422687	-0.0186763	0.988316	0.151272	0.430115	-0.128641	0.893562	-12.8012	-7.68148	101.348	
0.890695	0.0852029	-0.446545	-0.0179285	0.988099	0.152773	0.454248	-0.128068	0.881622	-12.3248	-7.81976	102.305	
0.878165	0.0886365	-0.470075	-0.0171401	0.987883	0.154253	0.478051	-0.127403	0.869043	-11.8226	-7.95737	103.248	
