1	0	0	0	1	0	0	0	1	0	0	0	
0.999997	2.05055e-06	-0.00247393	2.05055e-06	0.999999	0.00165772	0.00247393	-0.00165772	0.999996	0.000908358	-0.00060867	0.734342	
0.999988	8.21401e-06	-0.0049507	8.21868e-06	0.999994	0.00331924	0.0049507	-0.00331924	0.999982	0.00363447	-0.00243607	1.46868	
0.999972	1.85091e-05	-0.00743025	1.85277e-05	0.999988	0.0049845	0.00743025	-0.0049845	0.99996	0.00818041	-0.00548497	2.203	
0.999951	3.29541e-05	-0.00991251	3.30009e-05	0.999978	0.00665348	0.00991251	-0.00665348	0.999929	0.0145482	-0.00975811	2.9373	
0.999923	5.15673e-05	-0.0123974	5.1661e-05	0.999965	0.00832613	0.0123974	-0.00832613	0.999888	0.0227398	-0.0152582	3.67158	
0.999889	7.43665e-05	-0.0148849	7.45307e-05	0.99995	0.0100024	0.0148849	-0.0100024	0.999839	0.0327571	-0.0219879	4.40582	
0.999849	0.000101369	-0.0173749	0.000101632	0.999932	0.0116823	0.0173749	-0.0116823	0.999781	0.044602	-0.02995	5.14003	
0.999803	0.000132593	-0.0198674	0.000132988	0.999911	0.0133658	0.0198674	-0.0133658	0.999713	0.0582763	-0.0391469	5.87419	
0.99975	0.000168055	-0.0223623	0.000168621	0.999887	0.0150528	0.0223623	-0.0150528	0.999637	0.0737819	-0.0495815	6.60829	
0.999691	0.000207772	-0.0248595	0.00020855	0.99986	0.0167433	0.0248595	-0.0167433	0.999551	0.0911204	-0.0612561	7.34234	
0.999626	0.00025176	-0.0273589	0.0002528	0.99983	0.0184372	0.0273589	-0.0184372	0.999456	0.110293	-0.0741734	8.07632	
0.999554	0.000300036	-0.0298606	0.000301389	0.999797	0.0201345	0.0298606	-0.0201346	0.999351	0.131303	-0.0883358	8.81022	
0.999476	0.000352615	-0.0323644	0.00035434	0.999762	0.0218352	0.0323644	-0.0218353	0.999238	0.15415	-0.103746	9.54405	
0.999392	0.000409514	-0.0348703	0.000411673	0.999723	0.0235393	0.0348703	-0.0235393	0.999115	0.178837	-0.120406	10.2778	
0.999301	0.000470748	-0.0373782	0.000473409	0.999681	0.0252467	0.0373782	-0.0252467	0.998982	0.205365	-0.138319	11.0114	
0.999204	0.000536332	-0.0398881	0.000539567	0.999636	0.0269573	0.0398881	-0.0269573	0.99884	0.233735	-0.157487	11.745	
0.999101	0.000606281	-0.0423999	0.000610168	0.999589	0.0286711	0.0423998	-0.0286712	0.998689	0.263948	-0.177912	12.4784	
0.998991	0.00068061	-0.0449134	0.000685231	0.999538	0.0303881	0.0449134	-0.0303882	0.998529	0.296007	-0.199597	13.2117	
0.998874	0.000759332	-0.0474288	0.000764777	0.999484	0.0321083	0.0474287	-0.0321084	0.998358	0.329913	-0.222544	13.9449	
0.998752	0.000842463	-0.0499458	0.000848823	0.999427	0.0338315	0.0499457	-0.0338317	0.998179	0.365666	-0.246756	14.678	
0.998622	0.000930016	-0.0524645	0.000937389	0.999367	0.0355579	0.0524644	-0.035558	0.99799	0.403268	-0.272233	15.4109	
0.998487	0.00102201	-0.0549848	0.00103049	0.999304	0.0372872	0.0549846	-0.0372874	0.997791	0.44272	-0.29898	16.1437	
0.998345	0.00111844	-0.0575065	0.00112816	0.999238	0.0390195	0.0575064	-0.0390198	0.997582	0.484024	-0.326998	16.8764	
0.998196	0.00121934	-0.0600298	0.00123039	0.999168	0.0407548	0.0600295	-0.0407552	0.997364	0.52718	-0.356289	17.6089	
0.998041	0.00132472	-0.0625544	0.00133722	0.999096	0.042493	0.0625541	-0.0424934	0.997137	0.572189	-0.386856	18.3412	
0.997879	0.00143458	-0.0650803	0.00144867	0.99902	0.0442341	0.06508	-0.0442345	0.996899	0.619053	-0.4187	19.0734	
0.997711	0.00154894	-0.0676075	0.00156474	0.998941	0.045978	0.0676071	-0.0459785	0.996652	0.667772	-0.451824	19.8053	
0.997536	0.00166781	-0.0701359	0.00168545	0.998859	0.0477246	0.0701354	-0.0477253	0.996395	0.718347	-0.486229	20.5371	
0.997355	0.00179121	-0.0726654	0.00181083	0.998774	0.0494741	0.0726649	-0.0494748	0.996129	0.770779	-0.521918	21.2687	
0.997167	0.00191914	-0.075196	0.00194089	0.998685	0.0512262	0.0751954	-0.051227	0.995852	0.825069	-0.558893	22.0001	
0.996973	0.00205162	-0.0777276	0.00207564	0.998593	0.052981	0.0777269	-0.0529819	0.995566	0.881218	-0.597156	22.7313	
0.996772	0.00218865	-0.0802601	0.0022151	0.998498	0.0547384	0.0802594	-0.0547395	0.99527	0.939226	-0.636708	23.4623	
0.996564	0.00233025	-0.0827936	0.00235929	0.9984	0.0564984	0.0827928	-0.0564996	0.994964	0.999094	-0.677552	24.1931	
0.99635	0.00247643	-0.0853278	0.00250823	0.998298	0.058261	0.0853269	-0.0582624	0.994648	1.06082	-0.719689	24.9236	
0.996129	0.00262719	-0.0878629	0.00266192	0.998193	0.0600261	0.0878618	-0.0600276	0.994322	1.12441	-0.763122	25.6539	
0.995902	0.00278256	-0.0903986	0.00282039	0.998085	0.0617936	0.0903974	-0.0617953	0.993987	1.18987	-0.807852	26.3839	
0.995668	0.00294253	-0.092935	0.00298364	0.997973	0.0635636	0.0929337	-0.0635655	0.993641	1.25718	-0.853881	27.1137	
0.995427	0.00310711	-0.0954719	0.0031517	0.997858	0.0653359	0.0954705	-0.0653381	0.993286	1.32636	-0.901211	27.8433	
0.99518	0.00327633	-0.0980094	0.00332457	0.99774	0.0671106	0.0980078	-0.067113	0.99292	1.3974	-0.949843	28.5726	
0.994926	0.00345017	-0.100547	0.00350228	0.997618	0.0688876	0.100545	-0.0688902	0.992545	1.4703	-0.99978	29.3016	
0.994666	0.00362866	-0.103086	0.00368483	0.997493	0.0706669	0.103084	-0.0706698	0.992159	1.54507	-1.05102	30.0303	
0.994399	0.0038118	-0.105624	0.00387224	0.997365	0.0724483	0.105622	-0.0724515	0.991763	1.6217	-1.10357	30.7587	
0.994125	0.0039996	-0.108163	0.00406452	0.997233	0.074232	0.108161	-0.0742355	0.991358	1.70019	-1.15743	31.4869	
0.993845	0.00419206	-0.110702	0.00426168	0.997097	0.0760178	0.1107	-0.0760217	0.990942	1.78055	-1.2126	32.2147	
0.993558	0.0043892	-0.113242	0.00446375	0.996959	0.0778057	0.113239	-0.0778099	0.990516	1.86278	-1.26908	32.9423	
0.993264	0.00459101	-0.115781	0.00467072	0.996816	0.0795956	0.115778	-0.0796003	0.99008	1.94686	-1.32688	33.6695	
0.992964	0.00479752	-0.11832	0.00488261	0.996671	0.0813876	0.118317	-0.0813927	0.989634	2.03282	-1.38599	34.3964	
0.992657	0.00500872	-0.12086	0.00509944	0.996521	0.0831816	0.120856	-0.0831871	0.989178	2.12063	-1.44642	35.1229	
0.992343	0.00522462	-0.123399	0.00532121	0.996369	0.0849774	0.123395	-0.0849834	0.988712	2.21032	-1.50817	35.8492	
0.992023	0.00544522	-0.125938	0.00554794	0.996212	0.0867752	0.125933	-0.0867817	0.988236	2.30186	-1.57124	36.575	
0.991696	0.00567054	-0.128477	0.00577964	0.996053	0.0885748	0.128472	-0.0885819	0.987749	2.39527	-1.63563	37.3006	
0.991405	0.0058749	-0.130699	0.00636336	0.995644	0.0930229	0.130676	-0.0930551	0.987048	2.49042	-1.70232	38.0257	
0.991107	0.00609017	-0.132928	0.00695748	0.995214	0.0974714	0.132885	-0.0975294	0.986321	2.5872	-1.7723	38.7502	
0.990803	0.0063164	-0.135163	0.00756204	0.994764	0.10192	0.135099	-0.102005	0.985567	2.68559	-1.84556	39.4742	
0.990493	0.00655365	-0.137406	0.00817707	0.994293	0.106368	0.137318	-0.106481	0.984787	2.78562	-1.92211	40.1977	
0.990177	0.00680198	-0.139654	0.00880257	0.993802	0.110816	0.139542	-0.110957	0.98398	2.88727	-2.00195	40.9206	
0.989855	0.00706145	-0.141909	0.00943858	0.99329	0.115264	0.14177	-0.115434	0.983146	2.99056	-2.08507	41.6429	
0.989526	0.00733209	-0.144169	0.0100851	0.992758	0.11971	0.144002	-0.11991	0.982286	3.09549	-2.17148	42.3645	
0.989191	0.00761397	-0.146434	0.0107422	0.992205	0.124156	0.146238	-0.124387	0.981398	3.20206	-2.26118	43.0855	
0.98885	0.0079071	-0.148705	0.0114098	0.991631	0.1286	0.148478	-0.128863	0.980484	3.31027	-2.35417	43.8059	
0.988503	0.00821155	-0.150981	0.012088	0.991037	0.133043	0.15072	-0.133338	0.979543	3.42013	-2.45044	44.5255	
0.988149	0.00852734	-0.153262	0.0127768	0.990422	0.137484	0.152966	-0.137813	0.978575	3.53163	-2.55	45.2445	
0.987789	0.0088545	-0.155546	0.0134762	0.989786	0.141923	0.155214	-0.142286	0.97758	3.64479	-2.65284	45.9628	
0.987423	0.00919307	-0.157835	0.0141861	0.98913	0.14636	0.157465	-0.146759	0.976559	3.7596	-2.75897	46.6803	
0.98705	0.00954307	-0.160128	0.0149067	0.988453	0.150795	0.159718	-0.151229	0.97551	3.87606	-2.86839	47.397	
0.986671	0.00990453	-0.162425	0.015638	0.987755	0.155227	0.161973	-0.155698	0.974435	3.99417	-2.98108	48.113	
0.986286	0.0102775	-0.164724	0.0163798	0.987037	0.159657	0.16423	-0.160166	0.973332	4.11395	-3.09706	48.8281	
0.985895	0.0106619	-0.167027	0.0171323	0.986298	0.164084	0.166488	-0.164631	0.972203	4.23538	-3.21632	49.5425	
0.985497	0.0110578	-0.169333	0.0178954	0.985538	0.168507	0.168747	-0.169093	0.971047	4.35847	-3.33885	50.256	
0.985093	0.0114653	-0.171641	0.0186691	0.984758	0.172927	0.171007	-0.173554	0.969864	4.48321	-3.46466	50.9686	
0.984683	0.0118843	-0.173951	0.0194534	0.983957	0.177344	0.173268	-0.178011	0.968654	4.60962	-3.59375	51.6804	
0.984266	0.0123148	-0.176263	0.0202484	0.983135	0.181756	0.175529	-0.182466	0.967417	4.73769	-3.7261	52.3913	
0.983843	0.0127568	-0.178577	0.021054	0.982293	0.186165	0.17779	-0.186917	0.966154	4.86742	-3.86173	53.1012	
0.983414	0.0132104	-0.180892	0.0218703	0.98143	0.19057	0.180051	-0.191365	0.964863	4.99881	-4.00062	53.8103	
0.982979	0.0136755	-0.183209	0.0226971	0.980547	0.19497	0.182311	-0.19581	0.963546	5.13186	-4.14278	54.5183	
0.982537	0.0141521	-0.185526	0.0235345	0.979643	0.199366	0.184571	-0.20025	0.962202	5.26657	-4.28821	55.2254	
0.98209	0.0146402	-0.187844	0.0243825	0.978718	0.203756	0.18683	-0.204687	0.960832	5.40294	-4.43689	55.9315	
0.981636	0.0151398	-0.190163	0.0252411	0.977773	0.208142	0.189087	-0.20912	0.959435	5.54096	-4.58883	56.6366	
0.981176	0.0156509	-0.192481	0.0261103	0.976807	0.212523	0.191343	-0.213548	0.958011	5.68065	-4.74402	57.3406	
0.98071	0.0161735	-0.1948	0.02699	0.975821	0.216898	0.193598	-0.217972	0.956561	5.82198	-4.90246	58.0436	
0.980237	0.0167075	-0.197118	0.0278802	0.974814	0.221268	0.19585	-0.222391	0.955084	5.96498	-5.06415	58.7455	
0.979759	0.0172529	-0.199435	0.0287809	0.973787	0.225632	0.1981	-0.226805	0.95358	6.10963	-5.22908	59.4463	
0.979275	0.0178096	-0.201752	0.0296922	0.97274	0.22999	0.200348	-0.231214	0.952051	6.25593	-5.39725	60.146	
0.978784	0.0183778	-0.204067	0.0306139	0.971672	0.234342	0.202593	-0.235618	0.950495	6.40388	-5.56866	60.8445	
0.978288	0.0189572	-0.206381	0.031546	0.970584	0.238688	0.204835	-0.240016	0.948913	6.55347	-5.7433	61.5419	
0.977786	0.0195479	-0.208693	0.0324886	0.969475	0.243027	0.207074	-0.244408	0.947304	6.70471	-5.92117	62.2382	
0.977278	0.0201498	-0.211004	0.0334415	0.968347	0.247359	0.209309	-0.248795	0.94567	6.8576	-6.10226	62.9332	
0.976764	0.0207629	-0.213312	0.0344048	0.967198	0.251685	0.21154	-0.253175	0.944009	7.01212	-6.28657	63.6271	
0.976244	0.0213872	-0.215617	0.0353785	0.966028	0.256003	0.213768	-0.257549	0.942323	7.16828	-6.47409	64.3197	
0.975718	0.0220225	-0.21792	0.0363625	0.964839	0.260314	0.215991	-0.261917	0.94061	7.32608	-6.66483	65.011	
0.975187	0.0226689	-0.22022	0.0373567	0.96363	0.264618	0.218209	-0.266278	0.938872	7.4855	-6.85877	65.7011	
0.97465	0.0233262	-0.222517	0.0383612	0.9624	0.268914	0.220423	-0.270633	0.937108	7.64656	-7.05591	66.3899	
0.974107	0.0239945	-0.22481	0.0393759	0.96115	0.273202	0.222632	-0.27498	0.935319	7.80924	-7.25624	67.0774	
0.973559	0.0246736	-0.2271	0.0404007	0.959881	0.277482	0.224835	-0.27932	0.933504	7.97353	-7.45976	67.7636	
0.973005	0.0253635	-0.229386	0.0414357	0.958591	0.281754	0.227033	-0.283653	0.931663	8.13945	-7.66647	68.4485	
0.972446	0.0260642	-0.231667	0.0424807	0.957282	0.286018	0.229226	-0.287978	0.929798	8.30697	-7.87636	69.1319	
0.971881	0.0267754	-0.233944	0.0435358	0.955953	0.290273	0.231412	-0.292296	0.927907	8.47611	-8.08942	69.814	
0.971311	0.0274973	-0.236217	0.0446009	0.954604	0.294519	0.233592	-0.296605	0.925991	8.64684	-8.30565	70.4947	
0.971535	0.0272043	-0.235331	0.0488672	0.949006	0.311448	0.231803	-0.314082	0.920663	8.81773	-8.52988	71.1728	
