1	0	0	0	1	0	0	0	1	0	0	0	
0.999991	7.42418e-06	-0.00424607	7.42418e-06	0.999994	0.00349694	0.00424607	-0.00349694	0.999985	0.00206943	-0.00170432	0.974743	
0.999964	2.96982e-05	-0.00849233	2.96971e-05	0.999976	0.00699379	0.00849233	-0.00699379	0.999939	0.0082778	-0.00681724	1.94946	
0.999919	6.68237e-05	-0.0127386	6.68193e-05	0.999945	0.0104904	0.0127386	-0.0104904	0.999864	0.0186252	-0.0153386	2.92411	
0.999856	0.000118802	-0.0169849	0.000118791	0.999902	0.0139868	0.0169849	-0.0139868	0.999758	0.0331118	-0.0272682	3.89868	
0.999775	0.000185633	-0.0212309	0.000185611	0.999847	0.0174827	0.0212309	-0.0174827	0.999622	0.0517372	-0.0426056	4.87312	
0.999675	0.000267317	-0.0254767	0.000267279	0.99978	0.020978	0.0254767	-0.020978	0.999455	0.0745013	-0.0613504	5.84742	
0.999558	0.000363854	-0.0297219	0.000363793	0.9997	0.0244728	0.0297219	-0.0244728	0.999259	0.101404	-0.083502	6.82155	
0.999423	0.000475243	-0.0339665	0.000475152	0.999609	0.0279668	0.0339665	-0.0279668	0.999032	0.132444	-0.10906	7.79546	
0.99927	0.000601482	-0.0382105	0.000601352	0.999505	0.0314599	0.0382105	-0.0314599	0.998774	0.167621	-0.138023	8.76914	
0.999098	0.00074257	-0.0424535	0.000742391	0.999389	0.0349521	0.0424535	-0.0349521	0.998487	0.206935	-0.17039	9.74256	
0.998909	0.000898504	-0.0466956	0.000898266	0.99926	0.0384432	0.0466956	-0.0384432	0.998169	0.250384	-0.206161	10.7157	
0.998701	0.00106928	-0.0509365	0.00106897	0.99912	0.0419331	0.0509365	-0.0419331	0.997821	0.297967	-0.245335	11.6885	
0.998476	0.0012549	-0.0551762	0.0012545	0.998967	0.0454217	0.0551762	-0.0454217	0.997443	0.349684	-0.287909	12.6609	
0.998232	0.00145535	-0.0594144	0.00145486	0.998802	0.0489089	0.0594145	-0.0489089	0.997035	0.405532	-0.333883	13.633	
0.997971	0.00167064	-0.0636512	0.00167003	0.998625	0.0523946	0.0636512	-0.0523946	0.996596	0.465512	-0.383256	14.6046	
0.997691	0.00190075	-0.0678863	0.00190001	0.998436	0.0558787	0.0678863	-0.0558787	0.996127	0.52962	-0.436026	15.5758	
0.997394	0.00214568	-0.0721196	0.0021448	0.998234	0.0593611	0.0721196	-0.0593611	0.995628	0.597855	-0.492191	16.5466	
0.997078	0.00240543	-0.076351	0.00240438	0.998021	0.0628416	0.076351	-0.0628416	0.995099	0.670216	-0.551749	17.5168	
0.996745	0.00267999	-0.0805804	0.00267875	0.997795	0.0663202	0.0805804	-0.0663202	0.994539	0.7467	-0.6147	18.4865	
0.996393	0.00296935	-0.0848075	0.00296791	0.997557	0.0697968	0.0848076	-0.0697967	0.99395	0.827306	-0.68104	19.4556	
0.996023	0.0032735	-0.0890324	0.00327184	0.997307	0.0732712	0.0890324	-0.0732711	0.99333	0.912032	-0.750767	20.4242	
0.995636	0.00359244	-0.0932548	0.00359053	0.997044	0.0767433	0.0932549	-0.0767433	0.99268	1.00087	-0.823881	21.3921	
0.99523	0.00392616	-0.0974746	0.00392398	0.99677	0.0802131	0.0974747	-0.080213	0.992	1.09383	-0.900377	22.3594	
0.994807	0.00427465	-0.101692	0.00427217	0.996483	0.0836804	0.101692	-0.0836803	0.99129	1.1909	-0.980255	23.326	
0.994365	0.00463791	-0.105906	0.0046351	0.996185	0.0871451	0.105906	-0.087145	0.99055	1.29208	-1.06351	24.2919	
0.993906	0.00501591	-0.110117	0.00501275	0.995874	0.0906071	0.110118	-0.0906069	0.98978	1.39736	-1.15014	25.2571	
0.993429	0.00540865	-0.114326	0.00540511	0.995551	0.0940663	0.114326	-0.0940661	0.98898	1.50675	-1.24015	26.2215	
0.992933	0.00581613	-0.118531	0.00581218	0.995216	0.0975226	0.118531	-0.0975224	0.98815	1.62024	-1.33352	27.1851	
0.99242	0.00623832	-0.122732	0.00623394	0.994869	0.100976	0.122732	-0.100976	0.98729	1.73782	-1.43027	28.1478	
0.991889	0.00667522	-0.12693	0.00667037	0.99451	0.104426	0.126931	-0.104426	0.986399	1.8595	-1.53037	29.1098	
0.99134	0.00712681	-0.131125	0.00712146	0.994139	0.107873	0.131125	-0.107873	0.985479	1.98527	-1.63384	30.0708	
0.990773	0.00759309	-0.135316	0.0075872	0.993756	0.111317	0.135316	-0.111316	0.984529	2.11513	-1.74067	31.0309	
0.990189	0.00807403	-0.139502	0.00806758	0.993361	0.114757	0.139503	-0.114756	0.98355	2.24907	-1.85085	31.9901	
0.989586	0.00856963	-0.143685	0.00856258	0.992954	0.118193	0.143686	-0.118193	0.98254	2.38709	-1.96439	32.9484	
0.988966	0.00907987	-0.147864	0.00907218	0.992534	0.121626	0.147865	-0.121626	0.981501	2.52918	-2.08127	33.9056	
0.988328	0.00960474	-0.152039	0.00959637	0.992103	0.125056	0.152039	-0.125055	0.980431	2.67535	-2.20149	34.8618	
0.987672	0.0101442	-0.156209	0.0101351	0.99166	0.128481	0.156209	-0.12848	0.979332	2.82558	-2.32506	35.8169	
0.986998	0.0106983	-0.160374	0.0106885	0.991205	0.131902	0.160375	-0.131901	0.978203	2.97988	-2.45196	36.771	
0.986307	0.0112669	-0.164535	0.0112563	0.990738	0.135319	0.164536	-0.135319	0.977045	3.13823	-2.5822	37.7239	
0.985598	0.0118502	-0.168691	0.0118387	0.990259	0.138733	0.168692	-0.138732	0.975857	3.30064	-2.71576	38.6757	
0.984871	0.0124479	-0.172842	0.0124356	0.989768	0.142141	0.172843	-0.14214	0.974639	3.46709	-2.85265	39.6263	
0.984126	0.0130602	-0.176988	0.013047	0.989265	0.145546	0.176989	-0.145545	0.973392	3.63759	-2.99286	40.5758	
0.983364	0.013687	-0.181129	0.0136728	0.988751	0.148946	0.18113	-0.148944	0.972115	3.81213	-3.13639	41.5239	
0.982584	0.0143283	-0.185265	0.0143131	0.988224	0.152341	0.185266	-0.15234	0.970809	3.9907	-3.28323	42.4709	
0.981787	0.0149841	-0.189395	0.0149678	0.987686	0.155732	0.189396	-0.15573	0.969473	4.1733	-3.43337	43.4165	
0.980972	0.0156543	-0.193519	0.0156369	0.987136	0.159117	0.193521	-0.159116	0.968107	4.35993	-3.58682	44.3608	
0.980139	0.016339	-0.197638	0.0163204	0.986574	0.162498	0.19764	-0.162496	0.966713	4.55057	-3.74357	45.3038	
0.979289	0.017038	-0.201751	0.0170183	0.986	0.165874	0.201753	-0.165872	0.965289	4.74522	-3.90361	46.2454	
0.978421	0.0177515	-0.205859	0.0177305	0.985415	0.169245	0.20586	-0.169242	0.963835	4.94388	-4.06693	47.1856	
0.977535	0.0184793	-0.20996	0.018457	0.984817	0.17261	0.209962	-0.172608	0.962353	5.14654	-4.23354	48.1244	
0.976633	0.0192215	-0.214054	0.0191978	0.984208	0.17597	0.214057	-0.175968	0.960841	5.3532	-4.40343	49.0617	
0.975712	0.019978	-0.218143	0.0199529	0.983588	0.179325	0.218145	-0.179322	0.9593	5.56384	-4.57659	49.9976	
0.974775	0.0207488	-0.222225	0.0207223	0.982955	0.182674	0.222227	-0.182671	0.95773	5.77847	-4.75302	50.9319	
0.973819	0.0215339	-0.2263	0.0215059	0.982311	0.186018	0.226303	-0.186014	0.956131	5.99707	-4.9327	51.8646	
0.972847	0.0223333	-0.230369	0.0223037	0.981655	0.189355	0.230372	-0.189352	0.954502	6.21965	-5.11565	52.7958	
0.971857	0.0231469	-0.234431	0.0231156	0.980988	0.192687	0.234434	-0.192684	0.952845	6.44618	-5.30184	53.7254	
0.97085	0.0239747	-0.238486	0.0239417	0.980309	0.196013	0.238489	-0.196009	0.951159	6.67667	-5.49128	54.6534	
0.969825	0.0248167	-0.242534	0.024782	0.979618	0.199333	0.242538	-0.199329	0.949444	6.91111	-5.68396	55.5797	
0.968784	0.0256728	-0.246575	0.0256363	0.978916	0.202647	0.246578	-0.202642	0.9477	7.1495	-5.87987	56.5043	
0.967725	0.0265431	-0.250608	0.0265047	0.978203	0.205954	0.250612	-0.205949	0.945927	7.39181	-6.07901	57.4272	
0.966649	0.0274275	-0.254634	0.0273871	0.977477	0.209255	0.254638	-0.20925	0.944126	7.63806	-6.28136	58.3484	
0.965555	0.0283259	-0.258652	0.0282836	0.976741	0.21255	0.258657	-0.212544	0.942296	7.88823	-6.48694	59.2678	
0.964445	0.0292384	-0.262663	0.0291941	0.975993	0.215838	0.262667	-0.215832	0.940437	8.14231	-6.69572	60.1854	
0.964093	0.0295279	-0.263919	0.029568	0.975685	0.217173	0.263915	-0.217179	0.939778	8.39895	-6.90675	61.1018	
0.963739	0.0298191	-0.265175	0.0299437	0.975376	0.218507	0.265161	-0.218525	0.939115	8.65681	-7.1191	62.0175	
0.963384	0.0301122	-0.26643	0.0303212	0.975064	0.219841	0.266407	-0.21987	0.938448	8.91588	-7.33277	62.9326	
0.963027	0.030407	-0.267685	0.0307005	0.974751	0.221173	0.267651	-0.221214	0.937778	9.17617	-7.54774	63.847	
0.962668	0.0307037	-0.268938	0.0310816	0.974436	0.222505	0.268894	-0.222557	0.937104	9.43766	-7.76402	64.7607	
0.962308	0.0310022	-0.27019	0.0314644	0.974119	0.223836	0.270137	-0.2239	0.936427	9.70037	-7.98161	65.6739	
0.961946	0.0313024	-0.271442	0.031849	0.9738	0.225165	0.271379	-0.225242	0.935746	9.96429	-8.20051	66.5863	
0.961582	0.0316046	-0.272693	0.0322353	0.973479	0.226494	0.272619	-0.226582	0.935061	10.2294	-8.42072	67.4981	
0.961216	0.0319085	-0.273943	0.0326233	0.973156	0.227821	0.273859	-0.227922	0.934373	10.4958	-8.64223	68.4092	
0.960849	0.0322143	-0.275193	0.0330129	0.972832	0.229147	0.275098	-0.229261	0.933681	10.7633	-8.86505	69.3196	
0.966134	0.0277855	-0.256541	0.02927	0.975969	0.215937	0.256376	-0.216133	0.942103	11.0224	-9.08214	70.2339	
0.971045	0.023619	-0.237727	0.0257919	0.978919	0.202612	0.237501	-0.202876	0.949966	11.2631	-9.28636	71.1561	
0.975579	0.0197174	-0.218762	0.0225805	0.981683	0.18918	0.218485	-0.1895	0.957264	11.4853	-9.4776	72.0857	
0.979734	0.0160829	-0.199658	0.019638	0.984257	0.175649	0.199339	-0.17601	0.963994	11.689	-9.65575	73.0221	
0.983506	0.0127177	-0.180425	0.0169659	0.98664	0.162028	0.180076	-0.162417	0.970151	11.8739	-9.8207	73.9648	
0.986895	0.00962385	-0.161076	0.014566	0.988832	0.148324	0.160705	-0.148726	0.975733	12.04	-9.97235	74.9132	
0.989897	0.00680311	-0.141622	0.0124395	0.990829	0.134545	0.141238	-0.134948	0.980735	12.1871	-10.1106	75.8668	
0.992512	0.00425718	-0.122074	0.0105878	0.992633	0.1207	0.121688	-0.121089	0.985154	12.3153	-10.2354	76.8249	
0.994737	0.00198758	-0.102444	0.00901203	0.99424	0.106797	0.102066	-0.107159	0.988989	12.4244	-10.3467	77.7871	
0.996571	-4.35242e-06	-0.0827433	0.00771304	0.995651	0.0928445	0.082383	-0.0931643	0.992237	12.5143	-10.4443	78.7528	
0.998013	-0.00171743	-0.062984	0.00669163	0.996864	0.07885	0.0626511	-0.0791148	0.994895	12.5849	-10.5283	79.7213	
0.999062	-0.00315063	-0.0431778	0.0059484	0.997879	0.0648222	0.042882	-0.0650183	0.996962	12.6364	-10.5985	80.6921	
0.999718	-0.00430311	-0.0233363	0.00548381	0.998695	0.0507695	0.0230874	-0.0508831	0.998438	12.6685	-10.655	81.6647	
0.999981	-0.00517417	-0.00347143	0.00529812	0.999312	0.0367001	0.00327914	-0.0367178	0.99932	12.6814	-10.6977	82.6384	
0.999849	-0.00576332	0.0164051	0.00539145	0.99973	0.0226225	-0.0165311	-0.0225307	0.999609	12.6749	-10.7266	83.6127	
0.999323	-0.00607019	0.0362815	0.00576374	0.999947	0.00854505	-0.0363315	-0.00833015	0.999305	12.6492	-10.7416	84.5869	
0.998404	-0.0060946	0.056146	0.00641476	0.999964	-0.00552396	-0.0561103	0.00587531	0.998407	12.6041	-10.7428	85.5606	
0.997092	-0.00583653	0.0759867	0.00734414	0.999781	-0.0195762	-0.0758558	0.0200773	0.996917	12.5398	-10.7302	86.5331	
0.995387	-0.00529615	0.0957919	0.00855132	0.999399	-0.0336032	-0.0955563	0.0342673	0.994834	12.4562	-10.7037	87.5039	
0.993292	-0.00447377	0.11555	0.0100356	0.998816	-0.0475967	-0.1152	0.048437	0.992161	12.3535	-10.6634	88.4724	
0.990806	-0.00336988	0.135249	0.0117961	0.998034	-0.0615485	-0.134775	0.062578	0.988898	12.2317	-10.6093	89.4379	
0.987932	-0.00198514	0.154877	0.0138317	0.997054	-0.0754501	-0.154271	0.0766818	0.985048	12.0908	-10.5414	90.4	
0.984671	-0.000320364	0.174423	0.0161413	0.995875	-0.0892934	-0.173674	0.09074	0.980614	11.931	-10.4598	91.3581	
0.981025	0.00162345	0.193874	0.0187234	0.994498	-0.10307	-0.192975	0.104744	0.975597	11.7523	-10.3645	92.3115	
0.976997	0.00384516	0.213221	0.0215766	0.992924	-0.116772	-0.212161	0.118687	0.970001	11.5548	-10.2556	93.2598	
0.972588	0.00634344	0.23245	0.0246991	0.991155	-0.130391	-0.231221	0.132558	0.963828	11.3387	-10.1331	94.2024	
