1	0	0	0	1	0	0	0	1	0	0	0	
1	6.40653e-09	8.39395e-06	6.40653e-09	0.999999	-0.00152646	-8.39395e-06	0.00152646	0.999999	-4.41743e-06	0.00080332	1.05252	
1	2.58385e-08	1.6869e-05	2.57679e-08	0.999995	-0.00305925	-1.6869e-05	0.00305925	0.999995	-1.77124e-05	0.00321661	2.10505	
1	5.85976e-08	2.54249e-05	5.8314e-08	0.999989	-0.00459828	-2.54249e-05	0.00459828	0.999989	-3.997e-05	0.00724648	3.15756	
1	1.04986e-07	3.40618e-05	1.04274e-07	0.999981	-0.00614347	-3.40618e-05	0.00614347	0.999981	-7.12757e-05	0.0128995	4.21007	
1	1.65305e-07	4.27793e-05	1.63876e-07	0.99997	-0.00769473	-4.27794e-05	0.00769473	0.99997	-0.000111714	0.020182	5.26257	
1	2.39858e-07	5.15776e-05	2.37347e-07	0.999957	-0.00925198	-5.15776e-05	0.00925198	0.999957	-0.000161371	0.0291004	6.31506	
1	3.28949e-07	6.04564e-05	3.24915e-07	0.999942	-0.0108151	-6.04564e-05	0.0108151	0.999942	-0.00022033	0.039661	7.36753	
1	4.32879e-07	6.94155e-05	4.26804e-07	0.999923	-0.0123841	-6.94156e-05	0.0123841	0.999923	-0.000288677	0.0518699	8.41999	
1	5.51951e-07	7.8455e-05	5.43241e-07	0.999903	-0.0139588	-7.8455e-05	0.0139588	0.999903	-0.000366496	0.0657332	9.47242	
1	6.8647e-07	8.75745e-05	6.74447e-07	0.999879	-0.0155392	-8.75746e-05	0.0155392	0.999879	-0.000453871	0.0812569	10.5248	
1	8.36737e-07	9.6774e-05	8.20647e-07	0.999853	-0.0171251	-9.67741e-05	0.0171251	0.999853	-0.000550887	0.0984468	11.5772	
1	1.00305e-06	0.000106053	9.82061e-07	0.999825	-0.0187165	-0.000106053	0.0187165	0.999825	-0.000657627	0.117309	12.6296	
1	1.18573e-06	0.000115412	1.15891e-06	0.999794	-0.0203132	-0.000115412	0.0203132	0.999794	-0.000774176	0.137849	13.6819	
1	1.38505e-06	0.00012485	1.35141e-06	0.99976	-0.0219153	-0.000124851	0.0219153	0.99976	-0.000900618	0.160072	14.7342	
1	1.60133e-06	0.000134368	1.55978e-06	0.999723	-0.0235226	-0.000134368	0.0235226	0.999723	-0.00103704	0.183984	15.7864	
1	1.83487e-06	0.000143964	1.78424e-06	0.999684	-0.025135	-0.000143965	0.025135	0.999684	-0.00118351	0.209591	16.8387	
1	2.08597e-06	0.000153639	2.025e-06	0.999642	-0.0267524	-0.00015364	0.0267524	0.999642	-0.00134013	0.236897	17.8908	
1	2.35492e-06	0.000163393	2.28228e-06	0.999597	-0.0283748	-0.000163394	0.0283748	0.999597	-0.00150697	0.265909	18.943	
1	2.64203e-06	0.000173225	2.55628e-06	0.99955	-0.030002	-0.000173227	0.030002	0.99955	-0.00168412	0.29663	19.995	
1	2.94759e-06	0.000183136	2.84721e-06	0.9995	-0.0316341	-0.000183137	0.0316341	0.9995	-0.00187167	0.329067	21.0471	
1	3.27189e-06	0.000193124	3.15529e-06	0.999446	-0.0332707	-0.000193126	0.0332707	0.999446	-0.00206968	0.363224	22.099	
1	3.61524e-06	0.000203189	3.48071e-06	0.99939	-0.034912	-0.000203192	0.034912	0.99939	-0.00227825	0.399106	23.1509	
1	3.97793e-06	0.000213332	3.82369e-06	0.999332	-0.0365578	-0.000213335	0.0365578	0.999332	-0.00249745	0.436718	24.2028	
1	4.36024e-06	0.000223552	4.18442e-06	0.99927	-0.038208	-0.000223555	0.038208	0.99927	-0.00272737	0.476065	25.2546	
1	4.76248e-06	0.000233849	4.5631e-06	0.999205	-0.0398626	-0.000233852	0.0398626	0.999205	-0.00296808	0.51715	26.3063	
1	5.18493e-06	0.000244222	4.95994e-06	0.999138	-0.0415213	-0.000244226	0.0415213	0.999138	-0.00321968	0.559979	27.358	
1	5.62787e-06	0.000254671	5.37513e-06	0.999067	-0.0431842	-0.000254676	0.0431842	0.999067	-0.00348223	0.604557	28.4095	
1	6.0916e-06	0.000265195	5.80886e-06	0.998994	-0.0448512	-0.000265202	0.0448512	0.998994	-0.00375582	0.650887	29.461	
1	6.5764e-06	0.000275796	6.26132e-06	0.998917	-0.0465221	-0.000275803	0.0465221	0.998917	-0.00404054	0.698973	30.5125	
1	7.08255e-06	0.000286471	6.7327e-06	0.998838	-0.0481969	-0.00028648	0.0481969	0.998838	-0.00433644	0.74882	31.5638	
1	7.61034e-06	0.000297221	7.22319e-06	0.998755	-0.0498755	-0.000297231	0.0498755	0.998755	-0.00464363	0.800432	32.6151	
1	8.16003e-06	0.000308046	7.73297e-06	0.99867	-0.0515577	-0.000308057	0.0515577	0.99867	-0.00496217	0.853812	33.6662	
1	8.73191e-06	0.000318945	8.26223e-06	0.998582	-0.0532436	-0.000318957	0.0532436	0.998582	-0.00529214	0.908965	34.7173	
1	9.32625e-06	0.000329917	8.81114e-06	0.99849	-0.054933	-0.000329931	0.054933	0.99849	-0.00563363	0.965895	35.7683	
1	9.94333e-06	0.000340962	9.37988e-06	0.998395	-0.0566258	-0.000340978	0.0566258	0.998395	-0.0059867	1.0246	36.8192	
1	1.05834e-05	0.000352081	9.96862e-06	0.998298	-0.0583219	-0.000352099	0.0583219	0.998298	-0.00635144	1.0851	37.87	
1	1.12467e-05	0.000363272	1.05775e-05	0.998197	-0.0600212	-0.000363292	0.0600212	0.998197	-0.00672793	1.14738	38.9207	
1	1.19336e-05	0.000374535	1.12068e-05	0.998093	-0.0617237	-0.000374557	0.0617237	0.998093	-0.00711623	1.21145	39.9712	
1	1.26443e-05	0.000385869	1.18565e-05	0.997986	-0.0634292	-0.000385894	0.0634292	0.997986	-0.00751643	1.27731	41.0217	
1	1.3379e-05	0.000397275	1.2527e-05	0.997876	-0.0651377	-0.000397303	0.0651377	0.997876	-0.00792859	1.34497	42.072	
1	1.41381e-05	0.000408752	1.32182e-05	0.997763	-0.0668491	-0.000408782	0.0668491	0.997763	-0.00835281	1.41443	43.1223	
1	1.49216e-05	0.000420298	1.39305e-05	0.997647	-0.0685632	-0.000420333	0.0685632	0.997647	-0.00878914	1.48569	44.1724	
1	1.57301e-05	0.000431915	1.46638e-05	0.997527	-0.07028	-0.000431953	0.07028	0.997527	-0.00923767	1.55876	45.2224	
1	1.65635e-05	0.000443601	1.54185e-05	0.997405	-0.0719994	-0.000443643	0.0719994	0.997405	-0.00969846	1.63364	46.2722	
1	1.74223e-05	0.000455356	1.61946e-05	0.997279	-0.0737212	-0.000455402	0.0737212	0.997279	-0.0101716	1.71032	47.322	
1	1.83066e-05	0.00046718	1.69922e-05	0.99715	-0.0754455	-0.00046723	0.0754455	0.99715	-0.0106571	1.78882	48.3715	
1	1.92166e-05	0.000479071	1.78116e-05	0.997018	-0.0771721	-0.000479126	0.0771721	0.997018	-0.0111552	1.86914	49.421	
1	2.01527e-05	0.00049103	1.86528e-05	0.996882	-0.0789009	-0.000491089	0.0789009	0.996882	-0.0116658	1.95128	50.4703	
1	2.1115e-05	0.000503056	1.9516e-05	0.996744	-0.0806318	-0.00050312	0.0806318	0.996744	-0.012189	2.03523	51.5195	
1	2.21038e-05	0.000515148	2.04013e-05	0.996602	-0.0823648	-0.000515218	0.0823648	0.996602	-0.0127249	2.12101	52.5685	
1	2.31193e-05	0.000527306	2.13089e-05	0.996457	-0.0840997	-0.000527382	0.0840997	0.996457	-0.0132736	2.20862	53.6174	
1	2.41616e-05	0.000539529	2.22388e-05	0.996309	-0.0858364	-0.000539612	0.0858364	0.996309	-0.0138351	2.29805	54.6661	
1	2.52311e-05	0.000551818	2.31912e-05	0.996158	-0.0875749	-0.000551907	0.0875749	0.996158	-0.0144095	2.38931	55.7147	
1	2.63279e-05	0.00056417	2.41661e-05	0.996003	-0.089315	-0.000564267	0.089315	0.996003	-0.0149969	2.4824	56.7631	
1	2.74523e-05	0.000576586	2.51638e-05	0.995846	-0.0910567	-0.00057669	0.0910567	0.995846	-0.0155974	2.57732	57.8113	
1	2.86043e-05	0.000589065	2.61843e-05	0.995685	-0.0927999	-0.000589177	0.0927999	0.995685	-0.0162109	2.67408	58.8594	
1	2.97843e-05	0.000601606	2.72277e-05	0.995521	-0.0945444	-0.000601728	0.0945444	0.99552	-0.0168376	2.77267	59.9073	
1	3.09924e-05	0.00061421	2.82941e-05	0.995353	-0.0962903	-0.00061434	0.0962903	0.995353	-0.0174776	2.8731	60.955	
1	3.22288e-05	0.000626875	2.93835e-05	0.995183	-0.0980373	-0.000627015	0.0980373	0.995183	-0.0181309	2.97537	62.0025	
1	3.34937e-05	0.0006396	3.04962e-05	0.995009	-0.0997854	-0.00063975	0.0997854	0.995009	-0.0187975	3.07947	63.0499	
1	3.47873e-05	0.000652386	3.16322e-05	0.994832	-0.101534	-0.000652546	0.101534	0.994832	-0.0194776	3.18542	64.0971	
1	3.61097e-05	0.000665231	3.27915e-05	0.994652	-0.103285	-0.000665403	0.103284	0.994652	-0.0201712	3.29321	65.1441	
1	3.74611e-05	0.000678135	3.39742e-05	0.994468	-0.105035	-0.000678318	0.105035	0.994468	-0.0208784	3.40284	66.1909	
1	3.88417e-05	0.000691097	3.51805e-05	0.994282	-0.106787	-0.000691293	0.106787	0.994282	-0.0215991	3.51431	67.2375	
1	4.02516e-05	0.000704116	3.64103e-05	0.994092	-0.108539	-0.000704325	0.108539	0.994092	-0.0223336	3.62763	68.2839	
0.999999	-0.000228518	-0.00170426	3.39902e-05	0.993563	-0.113279	0.00171917	0.113279	0.993562	-0.0217995	3.74437	69.3299	
0.999991	-0.000508747	-0.00411112	2.00105e-05	0.993012	-0.118017	0.00414243	0.118016	0.993003	-0.0187148	3.86609	70.3754	
0.999978	-0.00080044	-0.0065165	-5.52881e-06	0.992437	-0.122752	0.00656547	0.12275	0.992416	-0.0130796	3.99279	71.4202	
0.999732	-0.00300178	-0.0229346	-0.000309055	0.989721	-0.143011	0.0231282	0.14298	0.989455	0.00254797	4.13265	72.4633	
0.999212	-0.00553749	-0.0392981	-0.000951024	0.986592	-0.163202	0.0396749	0.163111	0.98581	0.0356008	4.29374	73.5028	
0.998418	-0.00840579	-0.0555954	-0.00193099	0.983053	-0.183311	0.0561941	0.183129	0.981482	0.086056	4.47596	74.5382	
0.99735	-0.0116047	-0.0718154	-0.00324828	0.979106	-0.203325	0.0726744	0.20302	0.976474	0.153879	4.67919	75.5687	
0.99601	-0.015132	-0.0879469	-0.00490197	0.974753	-0.22323	0.0891045	0.222771	0.97079	0.239022	4.90328	76.5935	
0.994398	-0.0189853	-0.103979	-0.00689092	0.969999	-0.243012	0.105473	0.242367	0.964434	0.341426	5.14808	77.612	
0.992516	-0.0231619	-0.119899	-0.00921376	0.964845	-0.262657	0.121768	0.261796	0.957411	0.461022	5.41342	78.6234	
0.990364	-0.0276588	-0.135698	-0.0118689	0.959296	-0.282152	0.137979	0.281043	0.949724	0.597725	5.69911	79.6272	
0.987944	-0.0324731	-0.151365	-0.0148544	0.953356	-0.301482	0.154095	0.300096	0.94138	0.751441	6.00496	80.6224	
0.985259	-0.0376013	-0.166887	-0.0181684	0.947028	-0.320636	0.170103	0.318941	0.932385	0.922064	6.33075	81.6086	
0.982309	-0.0430399	-0.182255	-0.0218084	0.940318	-0.339599	0.185994	0.337566	0.922744	1.10948	6.67627	82.5849	
0.979097	-0.0487852	-0.197459	-0.0257719	0.933228	-0.358358	0.201757	0.355956	0.912463	1.31355	7.04126	83.5508	
0.975624	-0.0548331	-0.212486	-0.0300563	0.925766	-0.376901	0.217379	0.3741	0.901552	1.53413	7.42549	84.5055	
0.971895	-0.0611794	-0.227328	-0.0346585	0.917935	-0.395214	0.232851	0.391985	0.890016	1.77109	7.82867	85.4484	
0.96791	-0.0678199	-0.241973	-0.0395754	0.909741	-0.413285	0.248162	0.409599	0.877863	2.02424	8.25054	86.3788	
0.963673	-0.0747498	-0.256412	-0.0448036	0.90119	-0.431102	0.263301	0.426929	0.865103	2.29342	8.6908	87.2961	
0.959186	-0.0819644	-0.270635	-0.0503393	0.892288	-0.448651	0.278258	0.443964	0.851745	2.57844	9.14915	88.1997	
0.954454	-0.0894588	-0.284631	-0.0561789	0.883041	-0.465922	0.293022	0.460691	0.837796	2.8791	9.62526	89.0889	
0.949478	-0.0972276	-0.298392	-0.0623182	0.873455	-0.482901	0.307583	0.477099	0.823267	3.19519	10.1188	89.9631	
0.944263	-0.105265	-0.311907	-0.0687531	0.863537	-0.499577	0.321931	0.493177	0.808169	3.5265	10.6295	90.8217	
0.938812	-0.113567	-0.325167	-0.075479	0.853293	-0.515939	0.336057	0.508914	0.79251	3.8728	11.1569	91.6641	
0.933129	-0.122126	-0.338164	-0.0824913	0.842732	-0.531976	0.349949	0.524298	0.776304	4.23384	11.7006	92.4898	
0.927218	-0.130937	-0.350887	-0.0897852	0.83186	-0.547675	0.3636	0.539319	0.759559	4.60937	12.2604	93.2981	
0.921083	-0.139994	-0.363328	-0.0973555	0.820684	-0.563027	0.376999	0.553967	0.742289	4.99915	12.8358	94.0885	
0.914728	-0.149291	-0.37548	-0.105197	0.809213	-0.57802	0.390136	0.568231	0.724505	5.40288	13.4264	94.8605	
0.908158	-0.15882	-0.387332	-0.113305	0.797455	-0.592645	0.403004	0.582102	0.706219	5.82031	14.0318	95.6134	
0.901376	-0.168576	-0.398877	-0.121672	0.785417	-0.606891	0.415592	0.595569	0.687445	6.25113	14.6516	96.3469	
0.894389	-0.178552	-0.410108	-0.130294	0.773107	-0.620748	0.427893	0.608625	0.668194	6.69505	15.2854	97.0604	
0.8872	-0.188741	-0.421015	-0.139165	0.760536	-0.634207	0.439898	0.621259	0.648481	7.15176	15.9326	97.7533	
0.879814	-0.199135	-0.431592	-0.148278	0.74771	-0.647259	0.451598	0.633463	0.628319	7.62095	16.593	98.4253	
0.872238	-0.209728	-0.441832	-0.157626	0.734639	-0.659893	0.462985	0.645228	0.607721	8.10229	17.266	99.0758	
