1	0	0	0	1	0	0	0	1	0	0	0	
1	4.71528e-07	0.000637355	4.71528e-07	0.999999	-0.00147964	-0.000637355	0.00147964	0.999999	-0.00032077	0.000744677	1.00657	
0.999999	1.89101e-06	0.00127648	1.89031e-06	0.999996	-0.0029623	-0.00127648	0.0029623	0.999995	-0.00128397	0.00298023	2.01313	
0.999998	4.26551e-06	0.00191735	4.26271e-06	0.99999	-0.0044479	-0.00191735	0.0044479	0.999988	-0.00289137	0.00670965	3.01969	
0.999997	7.60193e-06	0.00255993	7.59492e-06	0.999982	-0.00593637	-0.00255993	0.00593637	0.999979	-0.00514471	0.0119359	4.02623	
0.999995	1.1907e-05	0.00320419	1.1893e-05	0.999972	-0.00742764	-0.00320419	0.00742764	0.999967	-0.00804569	0.0186618	5.03277	
0.999993	1.71873e-05	0.00385011	1.71627e-05	0.99996	-0.00892163	-0.00385011	0.00892163	0.999953	-0.011596	0.0268901	6.0393	
0.99999	2.34493e-05	0.00449765	2.34098e-05	0.999946	-0.0104183	-0.00449765	0.0104183	0.999936	-0.0157973	0.0366235	7.04581	
0.999987	3.06993e-05	0.00514677	3.06399e-05	0.999929	-0.0119175	-0.00514677	0.0119175	0.999916	-0.0206512	0.0478647	8.0523	
0.999983	3.89432e-05	0.00579746	3.88582e-05	0.99991	-0.0134192	-0.00579746	0.0134192	0.999893	-0.0261592	0.0606162	9.05877	
0.999979	4.81871e-05	0.00644968	4.807e-05	0.999889	-0.0149233	-0.00644969	0.0149233	0.999868	-0.032323	0.0748805	10.0652	
0.999975	5.84367e-05	0.00710341	5.82803e-05	0.999865	-0.0164298	-0.00710341	0.0164298	0.99984	-0.039144	0.09066	11.0716	
0.99997	6.96976e-05	0.0077586	6.94939e-05	0.999839	-0.0179386	-0.0077586	0.0179386	0.999809	-0.0466238	0.107957	12.078	
0.999965	8.19752e-05	0.00841522	8.17155e-05	0.999811	-0.0194495	-0.00841523	0.0194495	0.999775	-0.0547638	0.126774	13.0844	
0.999959	9.52748e-05	0.00907326	9.49496e-05	0.99978	-0.0209626	-0.00907326	0.0209626	0.999739	-0.0635655	0.147113	14.0907	
0.999953	0.000109601	0.00973267	0.0001092	0.999747	-0.0224778	-0.00973268	0.0224778	0.9997	-0.0730302	0.168975	15.097	
0.999946	0.00012496	0.0103934	0.000124472	0.999712	-0.0239949	-0.0103934	0.0239949	0.999658	-0.0831593	0.192364	16.1032	
0.999939	0.000141355	0.0110555	0.000140769	0.999674	-0.0255139	-0.0110555	0.0255139	0.999613	-0.0939542	0.217281	17.1094	
0.999931	0.000158792	0.0117189	0.000158094	0.999634	-0.0270348	-0.0117189	0.0270348	0.999566	-0.105416	0.243728	18.1156	
0.999923	0.000177274	0.0123835	0.000176452	0.999592	-0.0285574	-0.0123835	0.0285574	0.999515	-0.117546	0.271707	19.1217	
0.999915	0.000196805	0.0130493	0.000195846	0.999547	-0.0300817	-0.0130493	0.0300817	0.999462	-0.130346	0.301219	20.1277	
0.999906	0.000217391	0.0137163	0.000216278	0.9995	-0.0316076	-0.0137163	0.0316076	0.999406	-0.143817	0.332266	21.1337	
0.999897	0.000239034	0.0143845	0.000237752	0.999451	-0.033135	-0.0143845	0.033135	0.999347	-0.15796	0.36485	22.1397	
0.999887	0.000261738	0.0150538	0.000260271	0.999399	-0.0346639	-0.0150538	0.0346639	0.999286	-0.172776	0.398972	23.1455	
0.999876	0.000285507	0.0157242	0.000283838	0.999345	-0.0361941	-0.0157242	0.0361941	0.999221	-0.188266	0.434634	24.1514	
0.999866	0.000310344	0.0163956	0.000308455	0.999288	-0.0377257	-0.0163957	0.0377257	0.999154	-0.204431	0.471836	25.1571	
0.999854	0.000336252	0.0170681	0.000334124	0.999229	-0.0392585	-0.0170681	0.0392585	0.999083	-0.221273	0.510581	26.1628	
0.999843	0.000363234	0.0177416	0.000360847	0.999168	-0.0407924	-0.0177416	0.0407924	0.99901	-0.238792	0.550869	27.1684	
0.99983	0.000391293	0.018416	0.000388627	0.999104	-0.0423274	-0.0184161	0.0423274	0.998934	-0.256989	0.592702	28.1739	
0.999818	0.00042043	0.0190914	0.000417465	0.999037	-0.0438634	-0.0190915	0.0438634	0.998855	-0.275866	0.63608	29.1794	
0.999804	0.00045065	0.0197677	0.000447362	0.998969	-0.0454004	-0.0197677	0.0454004	0.998773	-0.295424	0.681005	30.1848	
0.999791	0.000481952	0.0204448	0.000478321	0.998898	-0.0469382	-0.0204449	0.0469381	0.998689	-0.315662	0.727478	31.19	
0.999777	0.000514341	0.0211228	0.000510342	0.998824	-0.0484768	-0.0211229	0.0484767	0.998601	-0.336582	0.775498	32.1952	
0.999762	0.000547817	0.0218016	0.000543426	0.998748	-0.050016	-0.0218017	0.050016	0.99851	-0.358185	0.825068	33.2004	
0.999747	0.000582381	0.0224811	0.000577574	0.99867	-0.0515559	-0.0224812	0.0515559	0.998417	-0.380472	0.876187	34.2054	
0.999732	0.000618036	0.0231614	0.000612787	0.998589	-0.0530964	-0.0231615	0.0530963	0.998321	-0.403443	0.928857	35.2103	
0.999716	0.000654782	0.0238424	0.000649064	0.998506	-0.0546373	-0.0238425	0.0546372	0.998222	-0.4271	0.983077	36.2151	
0.999699	0.000692621	0.0245241	0.000686407	0.99842	-0.0561786	-0.0245242	0.0561785	0.998119	-0.451442	1.03885	37.2198	
0.999682	0.000731553	0.0252064	0.000724815	0.998333	-0.0577203	-0.0252065	0.0577202	0.998015	-0.476471	1.09617	38.2245	
0.999665	0.000771578	0.0258893	0.000764288	0.998242	-0.0592622	-0.0258895	0.0592621	0.997907	-0.502186	1.15505	39.229	
0.999647	0.000812698	0.0265727	0.000804825	0.998149	-0.0608042	-0.026573	0.0608041	0.997796	-0.52859	1.21547	40.2334	
0.999628	0.000854912	0.0272568	0.000846427	0.998054	-0.0623464	-0.027257	0.0623463	0.997682	-0.555682	1.27745	41.2377	
0.999609	0.000898221	0.0279413	0.000889092	0.997957	-0.0638886	-0.0279416	0.0638885	0.997566	-0.583462	1.34099	42.2418	
0.99959	0.000942623	0.0286263	0.000932819	0.997857	-0.0654307	-0.0286266	0.0654306	0.997446	-0.611932	1.40607	43.2459	
0.99957	0.000988119	0.0293117	0.000977608	0.997754	-0.0669728	-0.0293121	0.0669726	0.997324	-0.641091	1.47271	44.2498	
0.999549	0.00103471	0.0299976	0.00102346	0.99765	-0.0685146	-0.029998	0.0685144	0.997199	-0.670941	1.54089	45.2536	
0.999529	0.00108239	0.0306838	0.00107036	0.997542	-0.0700561	-0.0306842	0.0700559	0.997071	-0.701481	1.61063	46.2573	
0.999507	0.00113116	0.0313703	0.00111833	0.997433	-0.0715973	-0.0313708	0.0715971	0.99694	-0.732713	1.68193	47.2609	
0.999485	0.00118103	0.0320572	0.00116734	0.997321	-0.0731381	-0.0320577	0.0731379	0.996806	-0.764635	1.75477	48.2643	
0.999463	0.00123198	0.0327444	0.00121741	0.997207	-0.0746784	-0.0327449	0.0746781	0.99667	-0.797249	1.82916	49.2676	
0.99944	0.00128401	0.0334317	0.00126853	0.99709	-0.0762181	-0.0334323	0.0762178	0.996531	-0.830555	1.90511	50.2707	
0.999417	0.00133714	0.0341193	0.0013207	0.996971	-0.0777571	-0.03412	0.0777568	0.996388	-0.864553	1.9826	51.2737	
0.999393	0.00139134	0.0348071	0.00137391	0.99685	-0.0792954	-0.0348078	0.0792951	0.996243	-0.899243	2.06164	52.2766	
0.999369	0.00144663	0.035495	0.00142817	0.996727	-0.080833	-0.0354957	0.0808327	0.996095	-0.934626	2.14223	53.2793	
0.999344	0.001503	0.036183	0.00148346	0.996601	-0.0823696	-0.0361838	0.0823693	0.995945	-0.970701	2.22437	54.2819	
0.999319	0.00156044	0.0368711	0.00153979	0.996473	-0.0839054	-0.0368719	0.083905	0.995791	-1.00747	2.30805	55.2843	
0.999293	0.00161896	0.0375592	0.00159715	0.996342	-0.0854401	-0.0375601	0.0854396	0.995635	-1.04493	2.39328	56.2865	
0.999267	0.00167854	0.0382473	0.00165554	0.996209	-0.0869737	-0.0382483	0.0869732	0.995476	-1.08308	2.48005	57.2886	
0.99924	0.00173919	0.0389354	0.00171496	0.996074	-0.0885061	-0.0389364	0.0885056	0.995314	-1.12193	2.56837	58.2905	
0.999213	0.00180091	0.0396234	0.00177539	0.995937	-0.0900373	-0.0396246	0.0900368	0.99515	-1.16147	2.65822	59.2923	
0.999185	0.00186368	0.0403113	0.00183684	0.995797	-0.0915672	-0.0403126	0.0915666	0.994983	-1.2017	2.74962	60.2939	
0.999157	0.00192751	0.0409991	0.0018993	0.995655	-0.0930957	-0.0410004	0.0930951	0.994813	-1.24262	2.84256	61.2953	
0.999129	0.0019924	0.0416868	0.00196277	0.995511	-0.0946227	-0.0416882	0.0946221	0.99464	-1.28424	2.93703	62.2966	
0.9991	0.00205833	0.0423742	0.00202724	0.995365	-0.0961482	-0.0423757	0.0961475	0.994465	-1.32654	3.03304	63.2977	
0.99907	0.0021253	0.0430614	0.00209271	0.995216	-0.0976721	-0.043063	0.0976714	0.994287	-1.36954	3.13059	64.2986	
0.999121	0.0020052	0.0418677	0.00229275	0.994745	-0.102356	-0.041853	0.102362	0.993866	-1.41228	3.23126	65.2992	
0.999171	0.00187952	0.040675	0.00248704	0.994252	-0.107036	-0.0406424	0.107048	0.993423	-1.4538	3.33666	66.2994	
0.999219	0.00174825	0.0394832	0.00267557	0.993737	-0.111713	-0.0394312	0.111731	0.992956	-1.4941	3.44676	67.2991	
0.999265	0.00161137	0.0382919	0.00285832	0.9932	-0.116386	-0.0382191	0.11641	0.992466	-1.53318	3.56158	68.2983	
0.99931	0.00146886	0.0371012	0.00303529	0.992641	-0.121054	-0.037006	0.121083	0.991952	-1.57104	3.68111	69.297	
0.999354	0.00132071	0.0359108	0.00320647	0.992061	-0.125718	-0.0357917	0.125752	0.991416	-1.60768	3.80534	70.2952	
0.999396	0.00116689	0.0347205	0.00337185	0.991459	-0.130377	-0.034576	0.130415	0.990856	-1.64309	3.93426	71.2929	
0.999758	-0.000646562	0.0220054	0.00398017	0.988405	-0.151787	-0.0216521	0.151838	0.988168	-1.67139	4.07632	72.2889	
0.999953	-0.00273467	0.00932893	0.0043087	0.984889	-0.173133	-0.0087145	0.173165	0.984854	-1.68668	4.2399	73.282	
0.999982	-0.00509613	-0.00330096	0.00435723	0.980913	-0.1944	0.00422864	0.194382	0.980917	-1.68893	4.42489	74.2714	
0.999844	-0.00772943	-0.0158763	0.00412573	0.976478	-0.215575	0.0171691	0.215476	0.976358	-1.67816	4.63118	75.2565	
0.99954	-0.0106329	-0.028389	0.00361435	0.971589	-0.236645	0.0300987	0.236434	0.971181	-1.65437	4.85863	76.2367	
0.999071	-0.0138047	-0.0408313	0.00282341	0.966248	-0.257597	0.0430092	0.257242	0.965389	-1.61758	5.1071	77.2114	
0.998435	-0.0172429	-0.0531952	0.00175342	0.960459	-0.278416	0.0558925	0.277887	0.958986	-1.5678	5.37643	78.1799	
0.997634	-0.0209452	-0.065473	0.000405043	0.954225	-0.29909	0.0687404	0.298356	0.951976	-1.50507	5.66646	79.1417	
0.996669	-0.0249093	-0.0776568	-0.00122086	0.94755	-0.319606	0.0815448	0.318637	0.944363	-1.42943	5.977	80.0962	
0.995539	-0.0291327	-0.0897389	-0.00312326	0.940438	-0.339951	0.0942976	0.338715	0.936152	-1.34093	6.30785	81.0427	
0.994246	-0.0336128	-0.101712	-0.00530095	0.932894	-0.360112	0.106991	0.358579	0.927348	-1.23962	6.65881	81.9806	
0.99279	-0.0383466	-0.113568	-0.00775255	0.924923	-0.380076	0.119616	0.378216	0.917957	-1.12556	7.02964	82.9093	
0.991172	-0.0433312	-0.125299	-0.0104765	0.916529	-0.39983	0.132165	0.397613	0.907984	-0.99884	7.42012	83.8284	
0.989394	-0.0485635	-0.136899	-0.0134711	0.907719	-0.419363	0.144631	0.416759	0.897437	-0.859526	7.83001	84.737	
0.987456	-0.0540401	-0.148359	-0.0167345	0.898497	-0.438661	0.157006	0.435641	0.886322	-0.707709	8.25903	85.6348	
0.98536	-0.0597575	-0.159673	-0.0202645	0.888869	-0.457712	0.16928	0.454247	0.874645	-0.543486	8.70692	86.5211	
0.983106	-0.0657122	-0.170834	-0.0240589	0.878842	-0.476505	0.181448	0.472565	0.862414	-0.366961	9.17339	87.3954	
0.980697	-0.0719004	-0.181833	-0.0281154	0.868422	-0.495028	0.193501	0.490584	0.849638	-0.178246	9.65815	88.2571	
0.978134	-0.078318	-0.192666	-0.0324314	0.857616	-0.513268	0.205431	0.508293	0.836323	0.0225404	10.1609	89.1057	
0.975418	-0.0849612	-0.203323	-0.0370041	0.846429	-0.531214	0.217231	0.52568	0.822479	0.23527	10.6813	89.9406	
0.972552	-0.0918257	-0.2138	-0.0418306	0.83487	-0.548855	0.228894	0.542733	0.808114	0.459809	11.219	90.7613	
0.969537	-0.098907	-0.224088	-0.0469079	0.822946	-0.566179	0.240412	0.559443	0.793237	0.696015	11.7738	91.5672	
0.966375	-0.106201	-0.234182	-0.0522328	0.810664	-0.583177	0.251777	0.575799	0.777858	0.943739	12.3452	92.358	
0.963067	-0.113703	-0.244076	-0.0578018	0.798032	-0.599836	0.262983	0.591791	0.761987	1.20282	12.9328	93.133	
0.959617	-0.121407	-0.253762	-0.0636116	0.785059	-0.616147	0.274023	0.607407	0.745633	1.4731	13.5364	93.8918	
0.956026	-0.12931	-0.263235	-0.0696583	0.771751	-0.632098	0.284889	0.622639	0.728807	1.75441	14.1555	94.6339	
0.952297	-0.137406	-0.272489	-0.0759382	0.758118	-0.647681	0.295574	0.637477	0.711519	2.04656	14.7897	95.3588	
0.948431	-0.14569	-0.281518	-0.0824473	0.744168	-0.662884	0.306073	0.651911	0.693781	2.34937	15.4387	96.0661	
